2284.23 18.34
1932.46 19.82
1972.20 23.11
2151.77 25.12
1940.86 28.37
1968.95 31.47
2022.14 33.06
2152.79 32.38
1979.53 33.09
1922.58 34.15
2041.18 34.69
2301.93 35.36
2132.20 45.51
2008.45 52.99
1864.84 57.74
1789.00 58.64
1789.00 58.64
1891.13 59.47
2075.79 60.31
1838.97 62.39
2212.30 66.72
1712.25 67.16
1889.34 67.82
1966.86 68.07
1790.38 69.31
2014.39 69.15
1764.43 71.51
1869.34 75.17
1966.62 75.27
2016.38 77.53
2016.38 77.53
2023.62 78.50
2030.61 79.93
1870.80 82.39
1897.21 83.17
1660.95 84.94
2112.71 84.24
2016.25 86.16
1966.97 88.75
2042.99 89.46
1829.60 91.39
2251.49 96.73
2054.81 97.98
1716.71 99.49
1778.04 100.52
2129.27 103.74
2169.26 103.44
2169.26 103.44
1565.75 106.12
1957.79 106.18
2013.66 110.12
2028.55 112.13
2028.55 112.13
1958.44 113.01
1603.29 114.39
2019.30 115.15
2019.30 115.15
2090.47 115.55
1480.17 117.54
1430.09 118.41
1591.16 118.44
1609.32 118.94
2034.67 118.23
2120.56 118.21
1422.62 119.14
1415.09 121.22
2138.91 121.14
1753.91 122.20
1317.61 123.55
1936.74 123.17
1744.20 127.12
2300.23 127.35
1547.64 128.99
1921.13 127.81
2048.89 129.33
1934.70 130.13
1273.11 131.49
1579.51 132.11
1357.43 133.81
1523.34 133.30
1918.27 136.47
2150.68 140.95
2193.59 140.91
1175.75 141.50
1724.45 141.67
2109.79 141.17
2031.55 142.83
1758.65 143.72
1196.55 145.01
1960.38 145.36
1087.43 147.72
1224.02 148.85
1881.73 149.98
1387.36 151.53
1640.97 154.82
1207.31 155.86
1994.12 155.07
2033.25 157.40
2033.25 157.40
1045.81 158.17
1666.32 158.98
1948.87 158.48
1349.86 159.81
1648.41 159.36
1727.38 159.79
1058.50 160.23
1196.47 160.00
1441.93 161.16
2117.76 161.28
2098.00 162.73
1519.18 162.90
1627.18 163.61
1167.40 164.54
2031.43 165.41
2146.18 165.50
910.63 166.26
1214.04 167.10
1950.88 166.78
1950.88 166.78
1349.55 167.25
1843.48 167.24
1650.68 168.98
1811.42 169.32
2087.28 169.24
2098.09 169.24
1220.51 171.22
1146.54 173.53
2012.58 174.40
1049.06 175.38
1347.60 175.24
2075.62 175.64
2075.62 175.64
1192.94 176.80
1631.76 176.28
806.22 177.58
1882.08 177.23
815.95 178.81
1206.35 178.99
2162.19 178.62
2162.19 178.62
1010.27 179.80
1103.79 180.36
1281.43 181.52
1750.65 180.77
1195.78 183.08
1587.08 183.77
1808.72 183.87
2146.24 183.72
1628.81 184.29
1628.81 184.29
1743.12 185.73
800.02 187.56
800.02 187.56
887.50 188.42
972.86 188.17
1940.94 189.57
1587.23 190.93
1868.50 190.96
1726.88 191.91
2265.57 191.90
2265.57 191.90
1768.77 192.97
2119.73 193.39
2119.73 193.39
889.09 195.44
1084.41 196.97
1520.64 195.98
1939.44 196.94
2132.09 196.45
971.93 197.87
1770.34 198.90
1831.71 198.11
1104.10 199.91
1149.81 199.32
1555.06 200.85
852.81 202.20
2090.74 203.00
2090.74 203.00
2256.39 202.60
1087.38 203.06
1087.38 203.06
1990.71 203.83
1748.83 204.36
1813.37 204.49
1379.72 205.66
1738.43 205.68
1148.42 206.83
851.92 208.73
1921.70 209.12
1649.02 211.00
1790.29 210.45
894.37 211.40
1102.13 211.56
1629.36 212.27
2079.89 212.50
2199.73 211.89
851.09 215.39
2242.27 215.81
1764.29 217.71
896.81 218.05
1963.39 218.18
1424.32 220.46
1672.37 223.55
888.36 224.16
1492.47 225.43
1929.15 225.64
922.06 227.19
1574.31 227.16
1121.47 229.50
2012.81 229.45
2012.81 229.45
2038.34 229.30
1421.34 230.28
1427.12 232.29
1435.39 231.70
1914.41 231.57
1179.17 233.73
1899.01 234.11
2226.88 234.78
1508.86 236.14
2179.21 236.09
2241.01 237.63
2296.67 237.34
1067.67 239.15
1997.23 241.79
2252.51 241.83
1672.17 242.72
1836.87 242.56
1845.37 242.82
1845.37 242.82
1908.30 242.54
927.37 244.73
2192.89 243.82
2296.11 244.49
1988.10 246.03
2242.01 246.42
1473.51 247.77
1484.40 248.32
1484.40 248.32
1888.67 248.41
2155.18 248.59
844.61 249.69
2251.58 249.74
2227.89 250.61
1670.92 251.38
2116.24 252.48
1429.64 253.74
2244.32 253.34
891.32 254.31
1024.36 255.03
1638.43 254.85
1638.43 254.85
1594.07 256.21
1888.16 255.54
2158.02 255.44
880.57 256.01
2192.15 256.92
939.39 257.78
1713.58 257.30
1726.85 257.83
1726.85 257.83
1027.97 259.60
1806.63 259.26
836.34 261.86
888.75 261.39
1852.82 261.46
879.81 263.79
1438.15 263.80
1654.55 265.23
1876.74 265.09
2303.51 266.00
1646.92 266.98
2208.15 266.22
1490.74 267.48
1620.88 267.86
2097.24 268.61
2195.28 268.08
1598.65 269.51
1924.62 269.76
1105.41 271.14
1651.74 273.08
1948.39 273.97
1495.15 274.84
1605.34 274.28
1591.63 275.37
1740.98 275.64
2125.75 275.62
1696.33 277.73
1568.65 279.82
2033.51 279.52
1609.22 281.08
791.67 285.06
1468.66 287.18
1738.89 287.98
1738.89 287.98
2093.38 287.29
926.77 288.65
869.93 289.29
869.93 289.29
2034.97 290.01
1692.07 292.41
1658.89 294.07
1848.32 293.19
2018.49 294.39
1548.89 294.95
2091.31 295.15
748.31 296.58
1696.01 298.91
908.41 300.34
1044.11 300.27
1468.02 300.79
1627.17 300.04
1627.17 300.04
1539.40 301.48
1643.90 301.95
1659.94 302.99
1994.61 302.39
1952.29 303.40
1270.25 306.05
1530.57 308.58
2083.10 308.39
2083.10 308.39
1870.61 311.69
1290.34 312.57
1704.20 312.30
1015.40 313.73
1015.40 313.73
1574.16 313.16
1647.97 313.67
1647.97 313.67
1922.33 313.21
1783.19 314.60
1977.31 314.31
1810.35 315.96
1661.30 316.39
2082.80 317.25
2097.56 318.80
2097.56 318.80
1993.31 319.04
921.22 320.75
933.08 322.84
1943.32 322.78
2046.05 322.06
2034.26 325.85
1699.95 326.61
801.35 327.91
1530.55 329.16
2299.89 330.17
2232.12 333.68
803.62 334.27
849.39 334.99
881.44 334.62
2075.83 335.34
2104.36 335.86
2023.55 337.26
2213.81 338.36
2307.32 338.12
2037.97 339.82
2206.59 339.69
784.06 342.69
805.91 343.28
948.95 343.12
956.95 344.89
976.56 344.16
1812.22 344.73
2006.73 344.96
2006.73 344.96
2312.35 346.23
1667.85 349.16
1888.50 349.37
1888.50 349.37
2216.95 350.16
2243.15 351.17
798.08 352.44
1174.42 352.41
1656.62 352.90
1613.56 353.58
1780.29 354.01
1134.44 359.53
932.50 360.37
1208.89 361.54
2269.11 361.18
804.27 362.06
1588.54 362.51
1622.67 362.10
1780.95 363.17
1597.30 364.35
2177.42 364.23
2255.51 365.65
2231.31 366.23
2279.30 366.36
1932.58 367.14
1758.39 369.86
1865.77 368.96
863.82 371.44
1587.78 371.87
2255.28 372.87
2255.28 372.87
896.65 373.00
896.65 373.00
1996.74 372.98
788.62 374.44
2279.88 374.26
1575.98 374.78
2164.42 375.50
2164.42 375.50
1702.00 376.77
2108.75 377.92
1893.41 378.09
1852.71 379.36
791.67 380.17
941.26 381.02
1589.75 380.68
1589.75 380.68
2193.17 380.81
2212.80 381.51
1574.63 382.24
1605.36 382.76
1879.68 382.28
974.87 386.47
1336.16 389.62
1675.58 390.26
841.32 390.96
2046.31 392.05
2092.73 392.59
2302.90 392.79
964.41 393.28
842.39 398.08
842.39 398.08
1936.96 398.61
2078.03 398.79
787.14 400.75
1953.17 401.82
1141.90 403.01
1869.39 402.90
1824.36 403.21
936.33 404.43
839.12 405.93
1090.99 406.42
2120.94 406.21
1544.15 407.13
1917.36 407.65
1917.36 407.65
805.93 411.55
805.93 411.55
1982.57 411.11
1885.07 412.72
1958.64 412.45
2018.58 412.28
917.93 413.65
1901.01 414.47
1989.13 415.38
1295.92 416.34
1782.63 418.40
2272.95 418.62
2272.95 418.62
2292.47 418.88
1861.94 420.92
2162.75 420.88
898.67 426.58
2029.03 427.79
888.05 428.29
492.80 429.68
1585.70 431.57
2129.64 431.83
1845.34 433.01
2029.02 434.82
2307.97 434.34
1727.78 435.66
1768.97 435.89
1554.78 437.88
2139.76 437.23
2037.77 438.47
2292.94 439.49
2292.94 439.49
1816.23 440.51
1682.25 441.78
1882.73 444.36
1550.11 445.45
1798.97 445.29
2137.51 445.57
2245.32 445.86
2227.07 446.74
2289.44 447.53
1811.70 449.88
793.16 450.44
2243.02 452.68
1906.91 453.34
1585.51 455.32
953.83 457.81
1778.83 457.68
1778.83 457.68
1839.96 457.46
2271.18 457.12
2271.18 457.12
1734.77 459.72
945.68 461.08
2021.09 461.02
2161.87 462.03
2181.40 461.24
2257.86 461.55
1974.53 462.41
2276.42 463.16
1924.21 466.04
1782.54 466.10
2071.95 466.78
1603.63 467.84
1715.87 467.25
2134.69 467.80
2260.83 468.83
2459.75 467.83
1404.82 470.99
2279.05 470.49
768.00 471.02
2232.63 471.98
779.32 473.53
779.32 473.53
876.19 474.76
798.96 480.03
1878.75 480.76
1636.84 483.91
1636.84 483.91
1655.43 483.15
1529.22 486.82
1752.83 487.42
1847.70 487.04
1661.87 487.97
1807.84 488.44
1807.84 488.44
1604.57 489.76
2075.77 491.56
1622.91 492.75
2211.32 492.47
2211.32 492.47
2111.04 493.89
1807.23 496.21
1629.81 497.54
2242.57 497.77
1837.72 498.02
747.48 500.24
2155.98 500.33
1877.40 502.82
2095.39 505.07
1751.07 506.62
1790.74 506.49
1790.74 506.49
2184.16 506.44
2184.16 506.44
2156.50 508.14
1771.15 509.05
1812.27 510.59
2120.31 510.92
2120.31 510.92
1837.80 513.44
2184.42 513.34
2028.92 514.57
801.74 516.43
1810.12 517.84
1904.61 519.71
2186.49 521.59
1619.73 523.39
1892.29 525.13
1892.29 525.13
2088.04 526.79
934.07 527.29
1727.01 527.26
2096.87 529.80
2044.12 530.60
2171.45 530.98
1385.24 533.65
1887.80 533.09
2007.07 535.46
2270.70 536.20
2120.93 537.46
2046.29 538.30
1979.38 539.34
931.18 540.26
2056.52 540.45
878.02 542.22
878.02 542.22
2118.93 545.14
868.26 547.01
883.58 546.71
2103.13 546.22
2134.72 546.15
715.17 550.77
1322.50 551.59
1322.50 551.59
1562.07 552.91
1868.52 554.75
1868.52 554.75
1614.26 555.87
2051.58 555.65
842.04 557.08
1953.18 557.96
1984.57 558.43
1918.63 560.06
1998.37 560.04
2014.07 560.99
1866.88 563.95
1286.65 565.02
1890.81 567.67
2191.20 567.06
822.40 569.51
1897.73 569.56
1281.45 570.87
1837.61 570.65
1837.61 570.65
1972.01 570.39
1960.48 572.86
1960.48 572.86
1946.52 574.84
803.28 575.64
803.28 575.64
810.88 578.24
1239.88 578.92
1286.31 578.25
1933.50 578.32
1966.14 578.09
987.88 582.00
1260.97 582.40
1512.33 583.43
1676.27 584.01
1640.68 587.08
1751.61 586.28
2320.15 587.07
760.97 590.69
775.55 590.69
1882.68 590.09
1715.05 591.57
1715.05 591.57
1886.32 595.95
2139.71 596.78
1708.79 598.13
2252.17 599.28
2265.74 601.44
1630.52 602.36
1667.00 602.62
1711.08 605.46
1723.40 605.18
1884.21 606.00
2083.86 605.04
2119.77 606.17
2177.40 612.14
1850.46 613.50
1723.14 616.75
860.86 617.01
1271.71 617.39
1780.16 618.56
1830.98 618.69
895.38 622.51
1757.33 622.56
1085.74 624.52
2022.68 628.46
2116.78 628.36
1208.92 630.15
2269.25 631.80
2174.17 633.86
1599.87 634.62
1746.94 634.65
2119.26 634.78
1671.11 635.30
1950.94 639.68
1004.11 640.75
1084.01 640.52
1289.41 642.59
1986.74 642.80
1992.72 647.46
2091.94 647.72
1614.80 651.61
1932.61 653.72
1932.61 653.72
809.46 655.65
1711.75 655.35
1983.91 655.87
2063.44 656.37
1695.18 657.49
2026.73 660.21
1159.40 661.33
1707.69 661.84
1616.06 664.98
2162.22 665.10
798.90 666.63
1163.81 667.62
1978.00 667.29
1714.84 668.21
2000.24 671.14
1963.56 672.31
2017.86 672.81
2038.57 672.83
2303.11 672.47
882.08 675.97
813.82 683.19
2214.65 684.84
777.19 687.80
777.19 687.80
1931.59 689.35
1880.49 691.80
1137.59 693.10
1873.83 697.42
929.52 704.51
2138.17 704.62
2138.17 704.62
2147.51 706.10
1704.20 707.99
927.08 710.93
879.00 713.77
1776.97 713.21
868.40 715.89
2330.10 717.12
2157.80 719.42
2157.80 719.42
1795.57 720.63
2147.02 721.11
2315.33 721.83
792.14 722.57
792.14 722.57
2183.82 723.06
2208.05 724.31
2137.52 725.59
1100.42 727.85
1939.55 727.70
787.52 729.42
2069.61 729.98
1707.87 730.57
2127.43 730.04
1734.17 734.61
829.55 735.45
756.34 736.75
2316.01 736.73
1708.33 738.10
1968.77 737.96
2063.66 739.82
799.12 741.48
1598.45 742.87
1640.69 743.84
2171.54 744.41
2126.56 745.97
2023.86 748.96
2064.22 748.00
1595.48 749.21
2278.35 750.70
788.02 752.29
1210.04 753.38
1681.13 754.56
2322.28 754.84
2322.28 754.84
893.21 758.21
1187.65 758.67
2209.92 759.51
948.32 762.47
1683.77 763.28
820.10 764.69
2192.21 764.27
1209.80 765.94
2148.17 766.69
1688.29 768.66
1911.41 768.93
2286.25 770.75
2124.26 771.54
2124.26 771.54
1990.36 776.27
2038.74 777.72
1999.17 778.76
2156.85 778.68
1932.54 781.12
2198.83 781.47
2146.52 788.09
2146.52 788.09
1869.65 789.22
1763.05 790.91
2230.53 791.48
1994.54 792.87
1786.00 794.39
2017.99 795.38
2017.99 795.38
2182.04 795.21
761.85 796.33
2199.55 796.73
1151.91 801.37
2219.33 801.75
2228.91 802.95
1944.38 803.47
1721.23 806.41
2267.47 806.72
2267.47 806.72
2329.35 806.88
2020.03 807.49
946.11 808.21
1706.27 809.93
1470.89 813.80
1757.82 813.63
2218.54 814.89
2252.99 814.48
2252.99 814.48
2265.97 815.19
1828.67 816.56
2283.34 816.44
1706.76 817.23
2131.34 817.89
2131.34 817.89
1018.49 818.53
1476.26 818.34
1476.26 818.34
1448.38 820.26
2175.57 824.64
1644.30 826.19
1891.80 826.66
1973.04 829.01
1973.04 829.01
2150.69 829.28
1448.49 831.74
2081.70 831.77
2173.69 831.34
1141.91 832.59
2115.21 833.47
1668.53 834.78
2026.59 835.13
2154.68 834.75
2126.53 838.05
2301.05 839.10
850.14 841.03
891.61 840.19
2026.83 841.84
2026.83 841.84
2130.10 844.61
1891.77 845.45
2211.89 845.76
828.41 847.60
847.60 849.70
836.73 851.44
1967.75 855.63
775.61 856.55
2256.11 858.55
764.58 859.67
1959.69 859.33
2272.44 864.49
733.35 866.95
1980.96 866.67
2279.45 868.22
2318.01 869.21
2031.67 874.48
1843.80 876.90
1873.48 876.28
1885.82 877.14
1905.50 878.00
1905.50 878.00
2049.85 877.81
1607.97 880.20
1306.68 881.62
1849.39 881.17
2299.23 882.46
899.99 885.20
899.99 885.20
918.33 885.58
1820.19 885.34
1812.52 886.12
1886.29 889.40
2376.85 890.48
874.45 891.53
1307.64 892.41
1852.52 893.26
1958.15 893.50
1958.15 893.50
842.47 894.92
2315.79 894.55
2315.79 894.55
2294.90 895.31
1787.93 896.51
1177.12 897.84
1964.82 899.09
2333.87 897.96
2248.94 901.22
2336.46 906.46
1907.15 911.00
2377.65 910.61
2377.65 910.61
826.58 912.30
2231.41 912.92
2241.50 912.22
752.15 913.37
1791.12 917.37
2261.56 922.00
806.00 922.62
2286.23 922.89
1310.84 922.89
2337.77 924.04
2337.77 924.04
2276.46 924.22
1276.96 926.86
1887.29 926.04
2245.56 931.90
2245.56 931.90
808.22 932.09
1858.52 932.55
2185.32 932.44
2301.84 932.09
2110.19 933.61
1900.88 934.62
1004.73 935.72
1806.25 936.69
1183.01 937.99
2244.40 942.88
2071.83 943.61
785.42 944.12
1040.38 945.81
1806.43 945.38
2253.43 946.31
2311.00 946.51
1310.42 947.00
1908.78 948.43
1000.89 950.69
1867.30 950.49
2290.02 950.44
2060.17 952.68
912.13 954.25
1081.85 956.96
1922.24 956.51
810.75 958.94
897.51 958.91
1876.47 958.52
2181.65 958.12
1899.28 960.26
2280.93 962.84
1908.26 966.99
1908.26 966.99
2032.66 966.51
1465.15 969.05
1796.54 969.44
1958.06 969.96
828.02 972.65
1816.56 974.13
1848.49 974.26
787.03 976.87
2098.51 976.19
1124.13 977.11
2169.95 977.99
806.88 978.58
2071.96 978.21
2213.89 979.69
834.58 981.04
834.58 981.04
2009.98 980.86
1814.52 980.91
1983.18 982.12
1442.86 984.78
1796.29 986.68
1866.92 986.58
1909.49 987.06
1508.66 987.55
2008.96 988.20
2008.96 988.20
2049.27 990.15
995.32 992.88
995.32 992.88
1950.73 993.53
1512.45 994.32
1434.44 995.40
1984.13 995.73
1996.13 995.14
1996.13 995.14
1952.12 1001.60
1996.02 1002.15
2158.63 1004.19
1022.40 1006.47
995.75 1009.01
1300.02 1009.36
1323.79 1010.20
1960.19 1010.29
1888.76 1015.00
1943.99 1015.87
2330.06 1017.13
753.73 1018.78
2289.47 1018.93
1224.12 1023.75
2038.76 1023.12
1284.82 1026.60
804.13 1031.18
2279.81 1031.27
1204.84 1032.90
2335.92 1032.40
2335.92 1032.40
790.80 1034.34
1941.65 1034.27
810.34 1036.05
767.66 1037.22
1401.33 1038.26
2300.86 1040.63
1454.54 1041.77
1463.95 1042.26
974.39 1046.70
1476.41 1046.94
1101.71 1047.28
1842.19 1050.86
1985.09 1053.11
2236.79 1054.11
1526.51 1060.30
2159.13 1060.38
1334.74 1062.39
2289.76 1062.53
2298.13 1062.54
792.43 1064.01
1836.89 1067.36
2179.27 1067.45
1441.05 1068.29
1468.06 1070.71
2026.29 1071.85
1057.66 1073.38
792.14 1074.98
2108.78 1074.52
1208.07 1075.62
1996.93 1077.62
2199.90 1077.02
798.50 1079.62
2099.59 1081.05
2109.53 1081.62
2120.06 1081.61
2061.98 1082.04
1922.44 1083.09
2028.82 1083.85
1490.64 1084.08
1875.58 1087.49
1607.58 1088.56
2063.36 1088.55
2063.36 1088.55
1123.34 1090.21
1757.49 1090.16
1751.67 1094.78
1926.88 1094.59
2260.52 1094.65
2093.33 1096.04
2121.74 1095.18
1969.38 1096.57
1806.88 1097.93
1327.64 1098.88
1327.64 1098.88
2046.54 1099.23
2046.54 1099.23
1860.02 1100.99
2273.57 1100.44
1845.84 1102.33
1941.31 1102.15
1970.93 1103.16
1819.34 1106.06
779.85 1108.20
1004.92 1109.09
1048.19 1109.57
2027.90 1109.36
2065.29 1109.40
2109.08 1109.34
811.00 1111.38
811.00 1111.38
1791.93 1112.03
2147.93 1112.24
2168.42 1112.54
2174.86 1112.03
1752.23 1114.80
1888.30 1114.24
1806.54 1115.57
2064.44 1116.71
780.98 1121.69
2027.28 1122.41
2108.86 1123.52
2346.95 1123.16
2228.86 1124.14
2065.71 1129.28
2084.60 1129.71
1151.03 1132.29
2109.88 1132.58
1044.25 1133.81
2140.99 1135.29
2140.99 1135.29
2004.88 1137.34
1156.06 1139.43
1891.36 1139.09
2111.90 1140.56
2298.69 1140.05
2342.82 1140.34
2265.13 1142.34
2279.28 1142.24
2051.11 1143.19
1821.94 1144.17
2230.40 1144.13
2230.40 1144.13
1878.78 1146.22
1058.64 1147.53
1156.93 1146.94
2133.65 1147.21
2293.84 1147.64
1968.18 1148.76
2057.98 1148.42
2142.60 1148.01
1788.31 1150.14
1943.27 1150.53
2347.43 1150.16
1221.77 1151.45
1859.04 1152.73
2269.66 1153.28
1186.13 1154.09
947.71 1156.23
2055.66 1156.68
2347.49 1157.38
2347.49 1157.38
2207.48 1158.42
619.23 1159.18
1839.97 1159.30
1234.03 1160.39
1447.36 1161.45
1950.78 1163.36
1917.97 1164.36
2346.91 1164.44
1239.28 1166.42
2094.79 1166.28
1801.03 1167.59
2662.39 1168.70
1948.65 1169.77
963.80 1171.67
1455.46 1171.94
1962.60 1171.78
2093.04 1172.83
1272.85 1173.44
1817.60 1173.34
830.36 1174.20
1943.63 1174.49
1318.96 1175.08
1286.06 1177.09
1827.19 1178.78
1849.42 1178.04
1573.50 1180.31
1270.31 1182.82
1800.18 1182.38
2216.42 1182.68
2216.42 1182.68
1834.59 1184.03
782.42 1185.22
937.38 1185.91
771.63 1187.29
827.89 1187.05
827.89 1187.05
1622.15 1187.43
1952.97 1187.59
2671.42 1187.94
1081.98 1188.55
1605.42 1188.13
1630.14 1189.10
1785.64 1188.72
1991.05 1188.05
1991.05 1188.05
2310.74 1188.39
1234.31 1190.22
1268.18 1191.78
816.82 1192.43
816.82 1192.43
2224.18 1193.64
850.70 1194.01
1791.67 1195.68
1917.66 1196.34
1976.38 1197.04
1976.38 1197.04
1536.38 1200.55
1817.53 1201.36
1620.82 1202.36
698.83 1203.61
1847.07 1203.37
2348.56 1203.78
1992.19 1204.44
2135.04 1211.37
1974.19 1214.81
2025.79 1215.17
2025.79 1215.17
1943.51 1216.94
2095.82 1216.62
1486.42 1217.52
1958.93 1217.32
1241.86 1219.64
1302.35 1219.19
2019.11 1219.65
2220.53 1219.86
1206.81 1221.36
1206.81 1221.36
1760.11 1221.42
901.40 1222.63
1006.59 1223.33
1961.28 1224.83
2253.31 1224.92
1101.60 1226.45
2344.58 1228.20
2324.14 1229.41
1766.19 1231.75
2273.71 1231.44
829.72 1233.21
2265.14 1232.96
2321.50 1237.43
2120.58 1238.15
2076.23 1240.52
1593.25 1243.10
2299.57 1244.65
2319.52 1244.09
903.29 1245.18
1979.19 1245.84
837.80 1248.92
2155.40 1251.52
1873.89 1254.01
1927.17 1253.65
1989.76 1255.94
2000.64 1255.84
614.63 1256.03
792.15 1256.97
2184.92 1256.27
1860.92 1257.42
1429.43 1258.63
1773.51 1258.76
1773.51 1258.76
1308.49 1259.26
2234.08 1259.50
2250.33 1259.23
1248.15 1260.98
1903.42 1262.92
2312.48 1263.97
2195.40 1265.77
1866.80 1266.83
1815.15 1270.71
768.31 1272.54
1332.67 1272.96
1246.89 1274.11
1827.25 1274.27
2198.38 1274.94
762.00 1281.37
1889.35 1282.08
2171.44 1282.90
2263.92 1282.71
894.11 1284.29
1824.51 1284.40
2011.75 1284.39
2011.75 1284.39
2048.31 1286.45
763.76 1288.03
1842.74 1287.73
1247.95 1288.40
2269.39 1288.40
2073.87 1289.37
2044.15 1292.05
1903.04 1294.63
799.61 1296.01
718.91 1296.90
1997.41 1296.29
2094.30 1298.54
1873.05 1299.80
1864.68 1301.81
1864.68 1301.81
1836.95 1306.41
2128.43 1305.99
1913.54 1307.86
1819.95 1308.69
626.42 1311.34
1430.15 1311.45
2083.93 1310.98
2016.44 1313.31
2016.44 1313.31
1020.07 1314.41
2224.60 1314.22
1222.21 1316.03
1240.77 1315.99
1865.40 1317.59
2245.40 1317.70
2245.40 1317.70
1911.53 1320.06
2111.97 1323.91
2072.99 1327.76
1804.20 1328.70
1439.18 1329.46
893.83 1330.21
988.00 1330.82
1452.79 1330.09
1062.63 1331.18
1062.63 1331.18
1582.31 1331.24
1108.81 1334.65
2153.84 1334.06
2188.53 1334.58
808.74 1335.08
808.74 1335.08
958.68 1336.13
1102.42 1335.14
2015.26 1335.13
1470.41 1336.08
1795.85 1336.69
623.60 1337.28
1576.40 1337.09
1602.72 1339.31
1988.56 1340.86
1901.38 1346.86
2138.86 1346.51
1603.48 1347.20
1877.44 1348.09
875.78 1350.48
856.63 1352.30
696.52 1353.67
746.71 1353.04
768.31 1354.92
1700.62 1354.74
1700.62 1354.74
1532.40 1355.86
1312.42 1356.19
1828.78 1357.89
1900.46 1357.81
1438.64 1358.59
2034.07 1358.17
997.88 1358.95
2180.18 1359.27
1103.60 1361.27
1997.25 1363.83
2084.90 1363.47
758.39 1364.67
1596.44 1364.51
1882.28 1365.33
2066.47 1365.75
1987.41 1366.80
2043.48 1366.46
2135.80 1368.15
1801.58 1369.01
1801.58 1369.01
903.04 1370.37
1876.16 1370.70
1876.16 1370.70
2050.44 1371.56
879.38 1372.14
837.86 1373.08
2122.32 1373.06
928.81 1374.01
1102.61 1375.91
2242.94 1375.11
1340.78 1376.66
1074.01 1377.30
2253.23 1377.14
1217.59 1379.63
1133.36 1380.73
1481.32 1380.82
2128.95 1379.98
1187.42 1380.95
2245.10 1381.86
2271.53 1382.55
1595.30 1383.03
863.62 1384.12
1301.91 1384.70
1745.76 1386.26
722.76 1387.23
1852.12 1387.17
1379.28 1388.38
2089.51 1388.29
865.83 1391.39
865.83 1391.39
894.54 1392.72
894.54 1392.72
2122.05 1393.00
1292.74 1394.19
815.57 1395.47
1166.47 1396.31
1059.94 1397.14
963.72 1399.24
688.71 1399.99
2120.36 1401.40
2276.68 1401.24
1063.86 1403.39
1169.43 1403.44
835.44 1405.76
1210.10 1406.49
1210.10 1406.49
2180.80 1406.89
2180.80 1406.89
1191.23 1408.76
1191.23 1408.76
1291.17 1408.23
2277.29 1408.52
1202.95 1409.85
1331.02 1410.35
1331.02 1410.35
2061.90 1411.18
2118.42 1414.50
1472.73 1416.74
1472.73 1416.74
1665.78 1418.82
2085.49 1421.79
1469.42 1422.41
1023.53 1423.20
1100.00 1426.60
1044.85 1429.90
2318.46 1430.28
2341.60 1431.04
1873.02 1432.22
1866.20 1432.96
985.10 1436.14
1437.85 1437.75
1447.10 1437.27
2114.91 1438.17
1489.11 1439.56
1509.29 1440.97
2208.59 1440.54
2208.59 1440.54
2172.18 1443.92
2177.74 1445.76
2218.93 1449.01
1955.85 1450.66
1501.31 1452.69
1917.02 1453.51
2217.62 1457.05
2331.55 1460.12
943.05 1464.63
1040.65 1464.85
932.66 1465.12
1009.86 1465.43
1828.63 1467.18
1914.25 1469.74
2014.74 1469.47
2227.59 1469.35
1940.68 1472.46
1940.68 1472.46
1968.14 1472.12
1496.13 1473.21
1907.07 1473.86
1816.47 1476.62
2168.09 1476.86
2212.91 1479.99
2299.11 1484.11
2316.50 1487.84
2351.46 1488.08
2180.77 1490.92
2180.77 1490.92
1960.81 1492.09
2118.42 1493.85
2312.67 1493.32
1853.76 1496.58
2195.98 1496.33
2195.98 1496.33
2234.45 1497.43
1075.84 1500.34
1007.59 1501.05
2128.71 1501.20
2224.03 1501.06
2044.92 1503.19
2044.92 1503.19
1933.17 1506.83
2010.04 1509.98
2007.43 1516.00
1043.20 1518.53
1940.94 1518.30
971.91 1519.64
561.49 1524.55
1955.22 1524.06
1904.87 1526.37
1812.18 1527.79
1878.96 1527.57
2232.39 1527.67
1824.00 1529.28
1824.00 1529.28
1502.09 1530.81
1920.14 1530.62
2176.97 1530.21
2259.67 1531.96
2293.05 1531.63
1885.60 1533.26
1905.01 1534.17
655.69 1536.89
655.69 1536.89
1840.44 1536.30
2330.63 1536.55
1504.84 1537.48
1525.31 1538.94
1525.31 1538.94
2148.32 1538.89
591.18 1539.57
1297.68 1539.31
2160.99 1540.10
2088.74 1542.25
2066.13 1543.51
1304.42 1550.13
762.20 1551.52
1917.14 1553.25
2322.90 1553.86
2110.65 1554.82
793.61 1555.58
2348.89 1555.23
2048.84 1558.13
2322.00 1562.38
2333.98 1561.92
855.24 1563.16
2279.69 1563.21
2029.50 1566.42
2340.22 1568.80
2340.22 1568.80
599.32 1569.92
2108.49 1569.97
2108.49 1569.97
2122.93 1570.20
2122.93 1570.20
369.50 1571.73
1349.62 1572.76
2098.41 1572.01
1565.49 1574.37
2022.13 1575.37
2211.84 1578.18
2028.00 1579.23
1508.49 1580.09
425.72 1582.80
1173.96 1583.16
1966.98 1583.89
2169.42 1584.64
2201.33 1584.63
2062.32 1588.56
2142.10 1588.15
884.81 1595.63
1512.71 1595.34
2027.43 1595.73
2096.27 1598.13
1558.68 1601.02
1558.68 1601.02
734.74 1601.90
2021.92 1601.59
2021.92 1601.59
586.38 1602.61
2117.21 1601.98
1980.39 1603.24
2162.65 1603.86
862.17 1604.46
1950.47 1611.58
1453.96 1613.25
1504.04 1613.78
940.52 1614.84
940.52 1614.84
984.66 1614.31
984.66 1614.31
1530.24 1614.32
1530.24 1614.32
2120.64 1614.22
652.51 1616.45
597.56 1617.89
2045.51 1617.13
1939.35 1618.88
1480.44 1620.60
1501.27 1620.03
1901.71 1620.96
1901.71 1620.96
2216.33 1620.86
333.32 1621.79
1802.83 1621.38
2054.19 1621.97
2054.19 1621.97
718.26 1623.90
2098.88 1624.49
734.77 1626.24
1217.22 1626.17
1798.74 1627.34
2196.35 1632.00
2196.35 1632.00
771.36 1632.99
898.89 1634.20
938.77 1636.13
985.69 1635.75
985.69 1635.75
2151.84 1635.11
2297.08 1636.26
1862.54 1638.40
1026.32 1639.35
1872.65 1640.77
2045.54 1640.92
2205.16 1641.81
1018.20 1642.40
979.40 1643.38
2014.52 1643.27
907.78 1644.95
2140.14 1644.75
2140.14 1644.75
587.61 1645.55
2243.47 1645.98
2243.47 1645.98
2234.52 1646.73
2215.76 1647.22
2215.76 1647.22
2296.13 1647.60
662.50 1648.67
2175.78 1651.18
911.17 1651.32
2151.37 1652.41
1442.57 1655.09
611.68 1657.61
611.68 1657.61
2239.04 1657.43
1800.82 1658.90
2114.46 1661.37
2183.99 1662.70
1255.57 1664.82
2195.79 1663.99
726.13 1665.29
2340.31 1664.96
1845.73 1666.55
1046.99 1668.48
985.69 1669.13
1979.23 1669.40
2240.58 1670.06
714.88 1672.65
2005.84 1674.69
1913.57 1675.52
984.79 1676.68
1977.13 1676.28
1977.13 1676.28
2053.50 1682.50
754.97 1685.61
754.97 1685.61
2161.59 1692.73
967.76 1693.05
1922.41 1693.42
2283.08 1695.85
1432.44 1697.75
2114.93 1697.10
1941.37 1698.15
1950.21 1699.00
2171.22 1699.96
2260.56 1705.71
2062.10 1706.89
1414.38 1709.23
2054.28 1712.17
2078.65 1714.59
2127.18 1716.96
2495.45 1716.15
1575.85 1718.59
2155.46 1718.27
1590.22 1720.68
2194.51 1725.13
1449.78 1726.51
2281.32 1726.12
1430.01 1729.66
2283.81 1734.44
2283.81 1734.44
1839.94 1736.11
2211.74 1736.58
1478.70 1737.40
1031.32 1738.82
879.14 1739.93
879.14 1739.93
982.82 1739.51
1849.83 1739.54
1867.66 1743.75
1692.67 1746.49
698.10 1752.13
1195.10 1754.14
795.99 1762.84
2021.92 1762.51
2048.63 1765.86
1004.66 1767.25
769.78 1769.65
781.28 1771.11
1155.25 1771.01
1114.89 1772.82
944.31 1773.25
998.09 1773.63
1064.14 1773.57
1076.67 1773.02
793.30 1774.66
841.47 1774.03
850.90 1774.26
2023.06 1775.33
2023.06 1775.33
786.08 1777.69
786.08 1777.69
949.53 1779.59
936.25 1780.51
1481.19 1782.12
591.67 1784.73
1386.03 1785.48
1495.02 1789.33
2374.40 1799.82
2266.21 1801.72
1604.99 1803.47
1874.40 1807.57
2279.37 1809.61
508.56 1810.42
1598.29 1812.60
607.02 1813.39
607.02 1813.39
844.74 1813.51
837.52 1814.73
1105.63 1824.17
1604.87 1824.87
1645.69 1825.95
2380.95 1826.52
793.17 1836.30
1029.08 1840.97
855.85 1841.94
2262.47 1851.70
2251.29 1892.57
2391.48 1897.00
2423.17 1929.30
1998.69 17.74
2001.82 26.14
2029.40 26.08
2056.02 26.77
2152.00 42.62
2152.00 42.62
2185.04 46.58
2262.66 52.44
2199.00 57.30
1933.47 58.62
1857.12 61.14
1920.08 62.28
1797.20 62.67
2112.93 75.99
1814.94 76.83
1861.43 83.61
1645.07 84.66
1671.25 85.52
2072.94 88.83
1814.17 92.87
2079.19 95.44
1806.61 100.97
1744.95 101.16
2263.42 101.43
2297.33 105.49
1879.83 109.95
1921.08 110.53
2041.81 110.48
2041.81 110.48
2262.12 112.89
1555.05 113.12
1920.84 119.31
1528.25 121.20
1597.41 123.54
2274.47 129.53
1768.05 130.31
1417.08 131.49
1942.16 134.69
1964.22 136.26
1932.90 139.01
1768.98 139.33
1768.98 139.33
1701.97 142.80
1740.39 143.53
1869.82 143.83
1272.31 144.23
2142.56 144.98
1920.56 145.41
1539.01 146.59
2015.65 146.45
1710.80 147.48
1608.98 152.83
1191.88 153.19
1889.70 154.12
2051.31 156.07
1259.03 157.23
1512.93 158.29
1684.57 159.14
1156.85 160.22
1365.76 160.88
1934.14 160.53
2226.43 164.07
1375.93 165.26
933.38 166.98
1037.01 166.96
1037.01 166.96
1903.37 166.42
1903.37 166.42
1541.49 168.19
2210.33 168.77
1967.36 169.05
1275.05 172.90
1957.68 173.53
914.06 174.58
1041.58 174.25
1296.80 175.13
1021.05 176.36
1021.05 176.36
1640.00 177.02
1863.50 177.43
1030.02 178.89
1112.36 178.70
917.02 182.39
2013.99 183.81
814.96 187.41
1860.74 187.05
2129.34 190.22
2129.34 190.22
881.56 191.60
1403.98 192.59
2059.15 193.85
1158.47 194.72
2011.70 194.96
1117.37 195.62
1947.60 195.06
952.81 199.73
1541.41 199.64
1964.42 200.14
1964.42 200.14
1649.83 200.96
939.98 203.16
2080.22 204.86
2080.22 204.86
958.85 205.91
958.85 205.91
1081.16 205.87
1728.04 206.10
2168.03 205.85
1833.42 206.27
1833.42 206.27
2023.51 206.52
2023.51 206.52
2177.54 206.58
1072.14 210.37
1538.76 214.68
950.69 215.44
1665.87 219.59
1112.84 221.48
1743.54 221.19
1731.30 223.88
1731.30 223.88
1537.70 225.51
1784.14 227.86
1093.96 228.25
1282.17 229.31
1978.49 233.46
1940.99 242.28
2171.45 246.91
1692.27 247.46
2211.81 247.27
964.61 249.15
964.61 249.15
1052.74 257.80
949.59 258.23
949.59 258.23
1488.51 258.56
1816.96 260.01
2199.26 260.44
997.73 266.95
997.73 266.95
1423.66 268.72
1854.42 268.85
2293.53 268.10
939.82 270.85
1634.55 269.91
2160.17 270.73
2160.17 270.73
1689.27 271.79
1689.27 271.79
1990.70 272.20
1878.00 273.53
2016.21 274.68
1931.01 276.37
1931.01 276.37
1849.46 277.13
1849.46 277.13
2096.92 278.84
1677.65 281.68
1486.49 285.74
1008.22 287.39
1279.69 291.44
1681.44 291.07
2078.17 291.42
2078.17 291.42
891.09 292.80
917.36 292.08
2196.34 292.35
2196.34 292.35
1090.02 298.36
987.46 300.36
987.46 300.36
865.47 302.65
1010.22 306.83
1236.62 308.04
1639.77 310.01
2101.58 311.59
1299.92 312.99
1625.63 313.49
938.22 314.11
1818.42 316.75
2032.15 317.43
2057.90 317.62
1602.15 318.75
2012.22 318.80
1831.01 323.32
899.11 327.88
1994.13 327.28
1994.13 327.28
1848.43 329.22
1026.22 330.62
1711.84 331.15
2050.97 332.62
1689.25 334.37
977.60 336.62
2006.21 336.60
825.41 337.63
1845.52 338.44
2283.10 338.59
1655.91 339.41
1655.91 339.41
2299.48 341.10
873.82 346.25
791.31 346.89
939.55 348.95
1622.22 350.07
1673.40 350.82
1817.80 350.78
1948.58 351.17
1809.67 352.46
1729.66 354.99
1932.06 355.58
1528.81 358.65
1925.05 359.95
2293.59 360.03
767.77 360.35
1638.52 361.47
1976.12 361.14
1990.59 361.56
1004.49 363.26
1733.91 363.11
1569.79 368.53
1898.86 369.59
1170.83 372.23
936.93 372.33
2230.89 374.50
2230.89 374.50
857.79 378.86
1767.29 379.76
777.27 380.95
1665.48 380.38
1735.99 381.04
1675.18 382.74
1675.18 382.74
1655.18 384.30
2162.89 384.03
983.50 385.45
1893.53 385.46
929.09 386.72
1282.41 388.85
1595.27 389.83
2216.30 390.03
935.70 393.88
824.10 394.37
1687.86 394.56
1894.01 394.11
1823.79 395.35
2195.68 395.46
1975.45 397.41
1605.54 400.26
3009.64 401.72
804.76 403.10
1632.32 403.79
927.33 404.88
1890.40 404.54
1890.40 404.54
1929.61 405.68
2104.34 407.59
774.83 408.71
1644.64 408.96
2166.80 408.26
2166.80 408.26
2293.00 409.81
1594.61 410.69
1761.23 411.10
820.57 412.42
1857.88 414.24
2049.90 418.85
1216.62 419.59
1038.66 420.64
1839.63 420.75
1973.90 422.73
880.08 424.48
2108.31 426.64
2108.31 426.64
1808.74 429.18
1691.13 430.95
1180.24 433.70
1717.13 434.38
2080.65 435.70
2080.65 435.70
1022.50 438.86
866.02 440.15
1825.88 439.19
1708.48 443.63
1519.68 444.70
1912.45 445.69
2002.64 447.56
1788.10 448.26
1730.89 450.67
1518.51 453.19
2178.19 453.34
2221.69 454.99
1929.59 455.64
1572.43 458.43
1760.51 459.24
1743.17 462.53
781.26 464.93
887.59 469.10
913.16 470.69
1729.04 471.11
2078.18 470.63
2078.18 470.63
1784.40 473.06
1713.82 475.38
1869.63 475.90
791.42 476.66
2239.02 478.00
769.46 478.88
881.24 480.67
1295.99 483.82
1673.58 483.96
1863.86 484.70
1550.81 485.65
1711.65 485.46
1827.23 487.44
1836.87 487.81
1836.87 487.81
876.38 489.74
1345.14 496.33
1564.51 498.01
1750.45 498.68
723.97 498.93
1745.39 501.18
1818.40 501.86
1722.56 507.18
2130.62 510.60
2159.14 515.84
1384.29 516.74
2116.15 518.07
2116.15 518.07
1742.89 519.55
2247.99 521.04
983.09 523.87
1646.11 526.44
2009.27 526.76
2009.27 526.76
2136.56 528.02
2277.57 528.49
918.30 533.82
1943.31 534.95
1943.31 534.95
1325.35 535.25
1718.12 537.24
1286.14 537.68
1306.47 540.16
2024.32 541.51
2079.14 541.49
722.72 545.98
1610.07 548.84
1716.03 551.80
2021.69 553.21
1626.33 557.54
1269.18 558.47
2040.81 558.83
1090.44 561.07
1613.08 564.45
928.83 567.45
2222.85 569.06
2222.85 569.06
1291.45 571.51
761.63 576.25
1767.67 577.60
1525.67 579.60
1655.42 579.89
1538.53 581.87
1894.20 580.94
1894.20 580.94
1907.30 582.72
1326.25 585.83
1935.59 586.35
1707.66 590.55
1562.32 591.76
1322.06 597.52
1256.68 598.01
1686.00 598.25
2256.58 606.11
1733.34 607.98
2285.61 610.48
1085.30 615.42
1306.96 617.70
1820.67 617.91
1671.70 619.60
2071.35 619.97
1722.67 624.81
2198.06 625.65
1668.98 628.20
1080.41 631.22
1089.71 632.46
1746.70 642.30
1250.73 644.92
1936.66 644.98
1936.66 644.98
1117.58 652.38
1057.38 653.19
2141.93 656.93
2211.40 656.72
813.34 662.36
813.34 662.36
1291.41 668.68
1860.70 671.13
783.34 677.29
2130.05 678.14
1104.47 681.59
904.91 690.23
1088.82 697.09
1848.90 699.02
2132.30 699.52
1616.12 702.35
2171.47 706.79
808.80 707.12
1821.71 707.11
2344.49 709.48
1810.67 720.22
1724.53 722.42
1212.03 722.34
1700.18 725.55
2178.06 727.71
850.10 729.95
1610.33 731.60
2202.23 731.95
2049.84 733.74
1692.42 737.39
1692.42 737.39
1105.24 739.76
2209.30 739.31
819.85 740.75
2026.58 740.47
1695.53 744.71
1751.37 754.83
1581.84 755.78
2192.51 756.90
2309.35 758.82
2276.72 762.42
1218.84 765.41
1218.84 765.41
2097.49 766.69
2264.95 767.19
2264.95 767.19
1995.14 768.63
2297.35 768.73
2297.35 768.73
1920.54 770.75
2178.40 775.32
2263.59 776.19
2322.22 777.67
1138.32 782.02
1172.79 783.77
2159.21 788.62
962.59 791.01
1690.56 795.81
2161.60 798.46
2161.60 798.46
1818.94 799.19
1844.35 803.95
1734.12 805.41
1159.50 806.50
1755.08 806.08
1822.52 806.84
2072.85 810.83
2125.07 813.56
2152.46 815.11
2192.69 816.67
1954.92 817.42
2113.53 818.89
1837.73 819.63
1424.17 821.03
1424.17 821.03
2211.09 821.13
2211.09 821.13
1399.44 822.42
1715.34 822.44
2223.46 822.96
2223.46 822.96
1998.12 823.33
1694.67 827.54
2099.54 832.34
1405.71 833.05
1405.71 833.05
862.80 835.58
1893.29 835.48
1893.29 835.48
2181.32 837.47
872.23 838.78
2198.31 844.46
861.78 845.10
1855.78 850.09
2312.38 851.01
2333.87 850.39
2333.87 850.39
2182.44 853.71
2200.40 854.64
889.81 859.03
889.81 859.03
2331.20 864.82
2177.74 867.44
941.96 870.28
2011.41 870.67
945.17 878.14
945.17 878.14
1991.63 883.34
2668.56 883.82
1903.51 885.44
1758.95 887.33
2659.15 888.57
1949.50 893.62
2325.29 894.63
2325.29 894.63
2007.57 897.58
824.30 898.89
1302.50 899.68
2239.74 902.20
1277.96 903.59
1104.41 915.02
2289.57 915.69
867.47 919.10
835.06 922.70
1909.84 926.60
1486.61 927.32
1955.54 930.24
2176.09 933.07
2336.39 934.53
2159.08 939.20
2198.62 939.69
2183.01 940.43
1478.59 941.78
2109.69 942.12
1917.57 945.26
1584.15 948.52
2262.66 948.81
1411.05 949.37
1899.27 949.50
2301.94 950.52
903.81 952.90
903.81 952.90
1401.21 952.76
2197.09 954.72
2079.05 955.88
2152.90 956.24
1997.57 957.32
1997.57 957.32
2034.28 957.37
2034.28 957.37
2223.84 958.15
1818.07 958.71
2047.56 960.17
2059.64 960.67
2124.93 964.71
789.68 967.97
1043.92 967.00
1851.32 966.97
2222.40 967.54
2351.97 970.76
2174.54 971.14
1943.16 974.90
2032.34 977.28
1906.01 979.29
1477.25 980.43
2155.84 980.67
766.75 982.63
1827.85 982.29
1452.97 983.04
1452.97 983.04
2101.66 983.95
1499.85 985.15
1959.03 986.50
1926.96 987.62
1992.94 987.87
1992.94 987.87
1478.62 988.32
1880.41 992.84
1484.77 996.26
2009.41 996.55
2009.41 996.55
1436.34 1003.80
1885.08 1008.19
1109.19 1014.82
1117.56 1017.06
855.35 1025.48
970.08 1029.59
1411.73 1034.36
1472.30 1038.95
1819.76 1044.65
853.96 1046.06
1402.71 1046.12
1034.95 1052.93
2071.83 1052.09
2319.36 1052.61
1465.38 1059.50
2237.23 1062.88
977.19 1063.54
1867.61 1064.88
1867.61 1064.88
1309.91 1066.63
1859.46 1066.21
2102.46 1068.20
2102.46 1068.20
1493.44 1069.83
823.67 1069.97
1053.87 1080.58
2087.20 1081.61
1867.88 1084.82
1867.88 1084.82
2006.35 1084.52
1469.29 1088.23
1532.33 1088.38
2216.33 1089.59
2084.49 1090.31
2084.49 1090.31
1860.02 1092.38
2144.51 1093.77
1319.95 1096.34
1529.37 1096.58
798.67 1099.60
1464.41 1099.23
1486.15 1100.71
1486.15 1100.71
2067.93 1100.78
1922.78 1101.66
1961.12 1103.79
2144.84 1103.27
1899.39 1105.40
1883.47 1106.28
2186.72 1106.23
787.22 1106.73
2285.90 1109.04
1456.31 1109.26
1913.80 1109.55
1834.34 1112.94
2303.56 1114.49
2349.22 1115.38
2349.22 1115.38
1162.80 1116.82
1404.71 1116.59
2279.92 1116.82
2083.69 1121.93
2296.33 1121.17
1311.15 1122.14
1170.94 1124.02
1601.94 1129.83
2099.36 1131.11
2345.44 1130.89
2230.20 1133.74
839.13 1134.68
1907.40 1134.40
847.90 1140.12
990.07 1140.71
1871.29 1140.65
1964.96 1140.85
2317.01 1142.75
1836.94 1143.55
1836.94 1143.55
1493.88 1145.54
1319.34 1146.50
2082.58 1149.19
1749.15 1150.27
2034.74 1150.18
1335.24 1152.00
1833.67 1151.57
2155.42 1151.77
2119.41 1152.08
1184.33 1161.26
1853.81 1161.11
2155.65 1161.96
1982.41 1162.38
2166.19 1163.66
2319.49 1166.97
1229.34 1169.00
2036.77 1172.92
988.77 1174.19
1889.94 1174.31
1775.99 1178.03
2197.72 1178.51
1301.76 1179.61
1956.21 1179.73
2244.18 1183.82
1845.28 1184.47
2696.84 1184.68
2696.84 1184.68
850.36 1185.60
850.36 1185.60
1860.49 1185.80
2284.61 1186.65
2082.70 1187.39
2272.95 1187.69
1954.32 1188.51
2323.60 1188.14
2315.98 1193.71
2058.60 1194.53
1126.01 1197.74
1566.15 1200.23
2245.36 1200.32
2100.67 1201.78
2304.50 1201.26
2304.50 1201.26
2202.89 1204.44
2325.96 1205.89
2245.46 1209.43
1984.31 1212.62
2304.29 1212.63
2304.29 1212.63
2203.02 1213.20
2321.79 1214.65
2321.79 1214.65
1311.42 1217.61
1990.47 1219.83
2133.64 1219.39
2264.72 1223.54
1860.20 1225.63
1133.83 1226.19
1108.78 1228.08
2220.25 1228.59
2174.58 1233.18
808.47 1242.24
2283.53 1245.28
1901.68 1247.56
771.05 1248.37
1812.30 1252.39
1853.06 1253.52
812.86 1254.70
2145.57 1262.21
1000.59 1264.57
1000.59 1264.57
624.54 1268.83
1561.38 1269.71
1836.08 1271.75
2052.47 1271.83
1638.13 1276.64
1794.28 1279.88
1996.09 1281.75
2196.52 1283.24
1873.87 1283.36
2121.34 1284.90
2210.24 1284.80
806.02 1289.25
2003.83 1289.38
735.31 1290.30
2169.45 1292.80
2103.15 1293.67
2189.03 1295.65
2270.57 1296.73
1899.87 1302.23
2196.99 1302.18
1873.25 1308.32
2188.52 1311.37
2004.09 1314.61
1856.37 1317.80
622.28 1319.31
1996.62 1319.39
2045.47 1321.45
833.96 1325.14
1845.82 1325.20
2181.89 1326.35
824.44 1329.66
1122.29 1329.91
1204.09 1332.98
1786.83 1332.15
1228.09 1335.56
1428.53 1335.84
865.28 1337.50
1834.86 1337.55
1094.57 1339.23
1094.57 1339.23
2270.95 1340.86
2270.95 1340.86
1476.55 1342.72
1333.18 1343.15
1333.18 1343.15
804.83 1344.81
753.81 1346.21
2081.03 1347.02
2081.03 1347.02
1926.73 1349.12
1248.63 1352.05
2144.53 1352.85
2144.53 1352.85
838.69 1353.32
2128.57 1353.39
2001.59 1356.67
1922.87 1358.45
1922.87 1358.45
2244.72 1358.05
1448.83 1360.20
2143.84 1362.70
2143.84 1362.70
2192.15 1364.12
2192.15 1364.12
1708.44 1365.96
1885.76 1370.71
1483.59 1371.47
1865.08 1371.67
2089.10 1371.38
2307.73 1371.19
2356.62 1373.27
962.38 1374.26
2113.57 1377.73
2170.34 1377.80
2170.34 1377.80
2086.50 1379.79
811.58 1381.96
2071.36 1382.15
899.64 1386.18
899.64 1386.18
714.98 1388.59
996.33 1389.97
1641.86 1391.34
1525.52 1392.93
1100.68 1394.23
1865.53 1394.48
2068.75 1396.65
870.33 1397.76
1214.22 1397.69
1090.79 1398.63
1840.39 1398.89
1840.39 1398.89
2059.39 1400.85
2138.67 1400.13
2260.57 1402.44
2093.95 1403.17
1822.41 1405.29
1291.88 1407.62
2113.62 1407.97
2270.61 1407.93
2075.57 1409.05
1426.14 1412.88
2133.64 1413.66
1577.19 1419.39
1185.06 1420.48
1210.67 1423.34
1210.67 1423.34
1974.98 1423.10
969.74 1426.46
999.16 1427.62
1015.71 1428.27
1468.91 1435.91
1524.60 1439.32
2288.22 1440.19
2343.77 1440.07
1935.33 1443.66
1839.98 1445.59
1975.92 1448.56
2009.56 1449.69
2229.27 1451.95
2127.66 1461.99
2127.66 1461.99
2230.49 1462.70
2040.97 1463.36
996.16 1466.12
2262.51 1466.50
2334.53 1469.17
2028.79 1470.23
2273.27 1471.24
1929.26 1473.10
2078.71 1473.56
2264.22 1474.93
2319.12 1477.98
2356.45 1479.97
1927.42 1482.67
1927.42 1482.67
1951.13 1486.12
2195.33 1488.18
1932.45 1491.69
2251.67 1492.03
2298.21 1492.88
2134.08 1494.81
2027.47 1496.02
2049.00 1496.04
1822.15 1503.21
2339.52 1508.66
1968.41 1514.59
1968.41 1514.59
2318.89 1517.32
1812.42 1518.24
1831.83 1522.56
1891.20 1526.03
2112.26 1527.83
2328.72 1527.44
2343.61 1529.43
414.26 1532.14
2105.14 1533.12
2105.14 1533.12
1941.76 1536.29
1941.76 1536.29
2009.74 1536.72
1344.08 1537.91
1923.02 1537.34
2181.45 1538.64
1872.47 1539.33
1953.74 1539.08
2127.34 1539.76
1881.30 1540.55
1278.87 1542.07
2210.05 1544.29
1293.69 1547.94
1314.64 1548.79
2126.59 1548.21
1984.09 1551.27
600.61 1552.57
2062.37 1552.22
2076.26 1552.54
2269.53 1553.30
2359.59 1554.31
2229.90 1556.42
951.60 1557.39
976.09 1557.20
976.09 1557.20
1217.91 1559.41
1987.84 1560.84
2343.81 1561.38
2006.83 1562.23
2206.58 1563.61
1974.23 1565.03
978.40 1567.68
1986.22 1569.73
1986.22 1569.73
2179.95 1570.23
2014.16 1574.92
2173.54 1578.18
2133.57 1580.91
2133.57 1580.91
1379.34 1581.05
2084.16 1584.29
2084.16 1584.29
1165.95 1587.50
1855.08 1589.21
1550.02 1590.30
2363.23 1591.54
551.68 1595.74
2338.59 1597.88
1472.44 1598.54
2323.73 1598.32
2202.89 1600.29
2258.02 1602.62
1149.80 1603.57
2124.73 1603.48
2290.74 1604.93
2227.47 1609.44
2094.26 1610.87
2028.16 1611.37
1904.66 1612.50
2170.49 1619.82
1028.15 1620.46
1458.77 1623.68
1265.98 1625.21
2020.46 1627.00
2170.41 1628.77
1547.97 1630.77
1379.81 1633.62
1959.50 1634.17
1227.58 1635.55
2052.38 1636.23
2132.39 1636.87
2265.26 1637.97
1472.89 1637.96
1472.89 1637.96
1901.35 1638.02
2076.52 1639.01
2091.77 1640.81
897.70 1641.63
1446.90 1642.09
1848.80 1641.36
2103.61 1641.63
2365.96 1642.50
2027.84 1645.18
1801.28 1646.16
1897.23 1646.17
1897.23 1646.17
1014.41 1649.37
1531.55 1651.70
1455.09 1652.07
2012.97 1652.37
2248.73 1654.53
2027.83 1655.14
1247.40 1658.17
2012.70 1661.46
1917.44 1664.43
2028.07 1664.27
1505.13 1665.33
1066.42 1666.50
1523.52 1666.31
1948.44 1668.44
925.38 1669.57
1801.97 1669.44
2230.56 1671.37
2230.56 1671.37
2302.69 1671.64
1841.16 1672.69
2139.65 1672.09
1255.72 1673.48
903.04 1673.82
1941.10 1676.06
937.91 1677.65
532.46 1678.33
532.46 1678.33
1957.82 1678.94
2297.75 1679.78
2211.34 1680.24
1931.84 1681.63
1839.89 1682.41
1254.96 1683.08
2069.31 1683.90
948.03 1684.74
976.79 1684.39
2307.24 1685.41
1938.97 1690.32
2051.99 1690.07
2064.11 1692.20
948.18 1693.43
976.01 1693.40
2304.11 1694.70
2144.07 1700.34
859.79 1702.69
1367.97 1702.32
1367.97 1702.32
2300.83 1702.12
1353.33 1703.94
1406.76 1703.94
945.24 1704.09
2283.56 1704.40
2251.57 1705.84
545.99 1707.14
660.72 1707.12
660.72 1707.12
2165.99 1707.27
1500.26 1708.09
1557.39 1708.20
1557.39 1708.20
1570.11 1710.40
2288.24 1712.89
575.19 1714.89
2265.31 1715.36
2265.31 1715.36
1661.67 1717.54
1797.05 1719.95
2256.75 1720.38
1624.26 1723.89
2125.95 1724.10
1390.00 1724.95
2095.89 1728.90
1847.94 1731.33
1857.45 1733.84
2196.29 1733.25
778.24 1734.27
1826.22 1734.92
1116.55 1736.92
1116.55 1736.92
1302.95 1738.10
805.17 1739.39
805.17 1739.39
968.75 1739.48
992.00 1739.30
2204.65 1740.56
2367.03 1745.47
1211.58 1752.03
1991.26 1760.93
2040.29 1763.76
1081.06 1766.53
879.97 1767.73
897.71 1767.39
1047.83 1767.06
1419.98 1771.02
760.29 1774.62
2128.53 1777.50
1260.85 1778.47
1106.17 1780.42
1497.33 1780.28
1525.55 1784.41
1331.62 1790.09
1502.49 1795.78
2183.54 1803.50
1546.32 1804.61
2248.99 1806.88
2484.01 1807.56
1898.85 1810.34
2407.57 1810.87
1554.44 1813.92
1896.74 1818.70
2289.92 1822.39
1047.94 1829.12
862.04 1834.66
954.59 1839.58
2260.56 1839.93
2398.11 1841.49
2116.07 1862.26
2251.03 1866.86
2253.11 1884.36
1960.95 19.49
2042.48 24.62
2004.36 43.43
1911.62 55.36
2244.19 58.28
2138.18 72.79
2204.24 79.97
1865.14 92.67
1916.18 100.43
2039.84 100.05
2135.40 102.13
1485.95 110.84
1800.46 110.94
1736.87 112.03
1595.49 114.12
1569.32 136.76
1348.87 138.18
1920.43 145.48
1365.79 150.05
1548.66 152.30
1721.20 152.47
1379.61 153.89
1656.73 155.49
1906.25 154.67
1923.22 155.83
1859.19 157.91
1284.84 161.78
907.35 166.84
1259.93 166.83
2198.00 167.24
2198.00 167.24
1670.03 167.85
2165.70 167.90
1947.44 175.55
2144.70 174.67
1640.65 176.91
1676.12 176.44
1120.97 185.29
1682.80 186.25
1767.92 187.49
2161.71 188.65
1235.88 191.98
2084.75 194.32
1999.76 197.93
1158.60 209.61
1012.93 213.36
2059.08 216.53
2059.08 216.53
1523.76 220.95
2256.69 220.97
1918.87 222.06
1918.87 222.06
1184.01 226.57
1877.15 230.33
2054.72 230.13
1689.82 237.22
1989.91 237.20
1989.91 237.20
1611.89 246.62
1948.57 250.52
1062.22 260.81
1689.90 260.50
968.32 269.33
1700.20 268.29
1819.11 272.10
2212.27 278.31
897.29 280.41
1310.96 283.38
1990.12 282.57
1990.12 282.57
2193.76 282.06
1326.09 284.24
1839.56 283.67
1497.03 286.83
1874.93 286.14
2217.93 286.64
2217.93 286.64
732.24 288.36
1964.90 289.59
1681.13 290.35
1528.86 292.32
1780.44 296.55
2212.66 298.84
1968.73 300.06
1881.70 302.72
1538.09 313.74
1669.31 324.21
1669.31 324.21
1866.24 324.54
1966.42 326.27
2098.04 329.14
1133.92 331.82
1862.00 336.56
1820.68 339.03
1820.68 339.03
1992.50 339.16
1937.30 339.70
864.82 342.28
1832.79 344.23
2025.27 346.83
1586.84 351.44
1980.53 350.28
2262.92 350.70
2193.63 358.36
1909.05 365.37
2226.56 365.29
1223.13 367.41
1376.90 365.61
1376.90 365.61
1767.90 369.44
1359.60 370.95
1359.60 370.95
2216.51 370.55
1685.65 376.37
1910.14 375.72
1910.14 375.72
1564.32 378.77
1985.08 388.74
2184.44 395.12
1650.95 395.46
2171.80 398.10
2314.67 401.57
2076.46 408.83
2139.65 418.61
473.97 426.50
1765.43 427.83
2145.77 428.49
1833.67 429.86
883.90 433.30
484.01 436.55
484.01 436.55
1798.08 435.84
2067.56 438.40
2107.95 437.24
1535.48 455.16
914.04 459.73
2034.65 459.28
1088.62 464.72
1996.97 468.72
1574.26 471.17
2165.99 471.79
2165.99 471.79
1906.00 473.25
894.98 475.43
1701.97 475.26
1553.19 475.64
2302.52 479.17
2302.52 479.17
981.40 482.95
866.64 483.59
1779.57 484.33
1698.85 486.14
2241.13 487.83
2241.13 487.83
1580.28 489.75
1683.08 490.59
1738.62 494.09
1278.75 497.58
1582.73 502.45
1582.73 502.45
1834.79 505.94
1229.94 512.88
2134.28 518.77
2134.28 518.77
2287.91 534.81
1049.98 537.60
1649.33 537.38
1697.75 538.32
1148.90 539.66
921.82 543.32
2024.20 541.79
1667.17 543.38
1934.54 545.35
1438.52 549.02
1628.55 547.89
1628.55 547.89
828.28 559.36
1334.13 558.94
1334.13 558.94
1667.77 558.00
1944.19 565.13
983.19 572.03
1619.46 573.16
1319.12 577.13
874.42 578.51
2216.99 579.91
1269.18 579.90
1699.68 581.65
1982.40 583.15
2196.90 582.81
2102.58 583.49
2102.58 583.49
1242.88 587.03
2191.22 594.25
2312.60 594.43
1994.14 605.37
1994.14 605.37
1839.63 610.44
1696.57 613.11
1964.25 611.90
1964.25 611.90
894.15 613.71
618.97 623.54
1276.79 624.02
1879.58 624.65
2212.82 629.26
1770.81 630.21
2152.08 632.37
1627.83 643.20
2175.60 641.74
1436.10 645.06
1317.17 649.17
1688.23 649.23
1950.79 649.99
1950.79 649.99
1067.73 656.91
1267.97 657.31
1723.29 655.07
1625.22 658.14
1089.68 660.83
1971.59 660.02
2008.15 679.55
1927.76 680.92
1927.76 680.92
2303.43 681.54
1944.74 682.60
1944.74 682.60
1306.90 686.84
1081.93 688.38
837.56 689.83
2193.03 697.11
1174.23 700.47
1116.92 702.89
843.79 711.15
1160.07 712.55
2064.52 720.32
2168.22 725.13
801.42 727.78
801.42 727.78
2157.70 730.62
1760.03 732.22
1152.75 736.40
2235.25 736.99
2143.52 741.13
1575.72 744.67
2049.66 745.06
2002.41 745.95
804.98 750.65
1768.49 755.64
1768.49 755.64
2039.70 759.07
2029.29 764.22
2318.83 765.83
803.13 777.04
1897.02 782.63
1921.69 788.65
2321.15 788.51
1166.15 791.94
1836.25 798.35
1836.25 798.35
2309.53 803.46
2034.24 803.66
2176.73 804.84
1771.17 810.24
1904.26 809.98
1416.01 814.86
1416.01 814.86
1735.45 813.88
1735.45 813.88
2067.46 818.36
1733.98 826.50
1333.18 833.13
1641.49 833.57
1301.51 846.50
2163.36 850.68
2105.89 852.64
1859.36 860.25
773.18 867.26
2015.92 880.21
1123.19 883.29
1874.07 886.05
1928.89 886.07
2007.33 897.45
2021.64 897.88
2197.71 897.82
809.10 898.88
1815.79 907.04
2000.30 910.13
1899.30 920.93
2229.05 921.59
778.53 934.44
1317.95 943.87
1906.23 943.35
2048.94 946.44
2188.88 949.31
778.52 950.48
1109.47 950.21
1283.79 951.27
1116.74 957.55
1116.74 957.55
2244.71 962.95
2244.71 962.95
2045.90 970.92
1116.07 972.36
1996.04 977.10
1464.04 979.42
2088.53 980.49
2043.76 982.62
2043.76 982.62
2261.63 982.90
2261.63 982.90
791.91 985.46
2118.34 988.99
1808.94 995.04
1210.97 1001.26
1840.91 1005.11
2041.37 1006.15
1877.39 1010.76
1190.13 1026.14
1051.61 1043.26
2334.18 1045.70
1484.07 1050.39
2298.97 1053.92
1872.89 1056.48
1781.84 1059.19
1484.79 1061.53
1484.79 1061.53
808.82 1072.46
972.52 1074.76
1858.40 1076.70
1210.13 1085.03
1271.33 1089.65
1493.81 1091.54
1284.69 1097.47
2289.48 1100.72
2289.48 1100.72
809.00 1102.26
770.16 1105.08
1870.28 1106.79
2059.11 1108.98
705.12 1112.15
1977.96 1113.20
2017.78 1115.60
2194.09 1116.64
2214.56 1115.23
2034.40 1122.28
2214.42 1131.88
1121.38 1131.84
1220.55 1135.30
2034.29 1138.41
1126.97 1144.33
1174.26 1149.07
1960.53 1149.72
2044.70 1150.19
2252.44 1151.19
2277.02 1151.22
948.64 1154.25
1490.55 1157.43
1173.02 1162.13
2142.69 1162.80
1164.38 1167.86
2306.46 1171.13
1881.15 1173.26
2019.00 1176.94
799.88 1178.60
2001.20 1179.45
2335.87 1182.20
1880.95 1183.61
691.86 1194.28
915.44 1194.53
1408.91 1193.92
1627.81 1194.38
2034.10 1196.62
2329.95 1197.23
1102.34 1199.17
1951.84 1199.08
1951.84 1199.08
1480.23 1204.14
600.74 1206.96
2018.51 1209.21
834.12 1210.09
1641.14 1211.40
1937.55 1210.13
1937.55 1210.13
2034.98 1212.44
1629.41 1215.59
2387.86 1218.09
1906.19 1226.80
701.17 1231.79
2195.32 1233.17
2316.08 1234.02
2252.49 1236.09
2290.00 1236.31
1912.99 1237.01
2211.56 1238.12
2211.56 1238.12
1850.53 1241.02
819.95 1242.80
2041.98 1242.50
2121.49 1246.68
779.36 1249.17
1064.96 1251.87
1952.41 1259.78
1952.41 1259.78
2280.30 1266.40
1784.98 1271.23
2065.71 1270.86
2089.68 1270.02
2003.77 1273.52
1852.02 1274.61
1852.02 1274.61
700.96 1277.23
913.86 1292.01
1810.99 1291.94
1978.74 1300.28
1788.51 1302.38
1063.63 1307.80
1063.63 1307.80
1659.88 1309.93
2089.08 1318.99
873.88 1320.49
889.27 1320.40
1759.62 1332.38
2086.74 1332.67
1298.39 1334.78
1298.39 1334.78
1326.01 1336.21
1446.94 1336.16
1492.31 1337.83
1929.96 1337.97
1116.03 1340.20
1171.16 1341.50
1291.85 1342.73
1669.68 1342.82
1862.90 1343.51
1343.61 1347.17
1574.85 1347.19
1837.84 1349.56
1914.86 1349.73
2299.56 1353.24
1862.19 1354.02
687.88 1359.74
1304.91 1360.51
1908.64 1361.26
1908.64 1361.26
2025.11 1368.97
2101.89 1368.87
696.53 1369.71
867.37 1372.10
2020.04 1378.45
1454.31 1382.54
1873.22 1382.38
1890.58 1384.73
2264.41 1385.80
2291.79 1387.40
724.96 1392.72
1449.89 1404.49
847.96 1405.91
1748.40 1406.28
1176.73 1410.24
1894.39 1411.47
1827.80 1414.57
2041.63 1415.74
2097.29 1413.96
2054.33 1421.96
1579.83 1429.11
1031.09 1431.38
1869.01 1443.25
879.85 1447.86
998.21 1448.30
2153.46 1448.01
2200.41 1450.57
2228.71 1452.00
1566.01 1458.95
1985.37 1458.18
2017.51 1461.12
1991.56 1467.82
2122.10 1470.46
2057.71 1472.30
2151.82 1472.81
564.34 1474.47
1806.44 1474.03
2318.93 1478.12
1114.06 1484.73
2278.10 1485.86
1389.82 1490.86
1428.95 1490.44
757.19 1507.63
1865.63 1508.38
1014.89 1509.92
1082.59 1509.45
853.77 1511.47
1857.02 1518.61
2237.54 1519.66
1481.38 1525.84
1994.02 1527.52
1446.04 1533.88
2093.26 1534.78
1908.33 1544.82
2250.48 1545.42
2154.20 1548.15
2154.20 1548.15
2049.35 1556.18
2123.92 1557.17
964.93 1559.61
964.93 1559.61
1446.59 1569.20
1858.43 1569.35
2088.43 1574.89
2088.43 1574.89
2120.82 1580.93
2120.82 1580.93
2359.42 1580.09
1157.79 1595.59
1880.24 1596.51
2212.89 1595.68
2212.89 1595.68
1994.96 1602.78
1994.96 1602.78
1449.95 1620.12
2080.88 1628.85
1441.24 1633.06
1463.87 1634.57
1359.06 1641.38
2122.00 1641.41
2122.00 1641.41
1480.99 1645.72
1947.29 1646.01
1898.51 1655.02
2138.22 1656.44
1879.24 1659.15
2301.92 1657.25
2234.73 1660.02
1894.55 1665.87
2069.29 1672.99
1027.06 1675.78
1916.75 1685.09
1429.01 1687.17
2267.86 1688.12
2135.45 1690.85
863.11 1693.12
1990.13 1695.06
1340.68 1696.71
1784.69 1696.21
2032.37 1701.28
1614.65 1715.66
2088.69 1717.94
2098.27 1719.56
2223.35 1722.23
2137.00 1724.52
2541.91 1723.96
1833.38 1727.38
2150.65 1726.56
2319.23 1730.58
1816.52 1732.49
2317.34 1740.54
2317.34 1740.54
690.50 1743.44
1924.76 1751.51
1924.76 1751.51
2333.98 1752.31
1378.39 1755.37
761.97 1759.74
2032.05 1770.36
1377.17 1772.77
1377.17 1772.77
1429.08 1777.98
1343.92 1782.75
1083.76 1789.22
2200.75 1787.82
2221.90 1790.61
1546.07 1792.96
1798.96 1794.29
1051.80 1797.32
1051.80 1797.32
1955.80 1796.92
1955.80 1796.92
1135.90 1799.08
1835.90 1799.11
1857.64 1802.87
2230.42 1801.49
2294.60 1804.92
2315.56 1806.79
2379.39 1808.45
843.84 1819.68
1081.33 1821.87
822.37 1828.19
1999.73 1833.54
2153.51 1871.18
2182.71 1880.14
2343.42 1895.77
2267.06 1902.45
2349.08 1913.93
2391.38 1916.06
2369.42 1926.12
1985.29 12.98
1963.07 37.16
1966.79 52.01
2164.96 61.09
1916.54 79.62
2079.10 82.18
2251.63 83.22
1732.39 86.83
2121.39 93.95
1849.24 99.47
2004.55 116.76
2039.52 123.86
1992.14 139.06
1225.48 143.45
1937.61 148.79
1670.69 151.85
1992.17 153.48
1992.17 153.48
1215.09 159.17
1215.09 159.17
2249.73 158.16
1489.46 159.54
1452.95 168.12
1452.95 168.12
1987.08 168.89
1286.08 174.26
1286.08 174.26
1159.34 178.29
1397.54 179.74
1179.01 188.63
1426.65 192.61
1412.44 203.45
1578.48 205.11
1047.51 206.86
1906.04 214.44
2071.43 223.03
2335.28 221.65
1456.65 234.46
1452.44 249.05
1618.00 258.26
1912.37 263.31
1030.26 264.14
1939.59 264.99
763.00 265.30
763.00 265.30
1256.50 270.53
1037.61 277.44
919.21 279.61
1568.84 284.42
2232.54 291.86
1241.82 302.74
732.94 307.67
1027.97 308.89
2031.66 311.81
990.37 316.80
990.37 316.80
1883.39 315.34
1883.39 315.34
1591.80 336.71
1669.67 340.58
1610.01 345.01
1620.59 367.88
1400.16 369.46
1400.16 369.46
1519.00 371.67
1941.23 374.10
1543.31 380.16
1722.82 378.38
1331.58 382.08
1142.10 386.24
728.43 389.27
783.65 390.57
783.65 390.57
1715.00 390.58
1618.10 397.01
2086.11 400.59
476.04 405.20
2178.91 407.81
1520.29 415.15
1797.25 420.71
2171.87 419.90
1749.63 436.92
2092.30 436.59
2092.30 436.59
2046.93 445.13
1511.22 455.40
2003.43 457.13
929.66 462.99
929.66 462.99
728.00 464.03
1968.42 475.19
2086.62 477.72
2027.11 489.90
1897.42 498.92
1762.94 506.33
1389.28 507.06
1599.51 510.20
1693.40 511.45
1322.62 513.25
1575.89 514.27
1214.34 516.54
2048.04 517.06
1764.90 521.43
1764.90 521.43
1660.86 529.54
1127.12 529.59
1628.83 532.77
1628.83 532.77
2068.68 532.40
1972.99 556.25
759.38 562.51
759.38 562.51
1923.43 569.18
1859.81 585.42
1859.81 585.42
724.70 586.96
1284.50 588.83
1232.16 596.23
1827.79 597.08
1658.67 599.56
1242.25 608.69
1322.54 608.92
1816.26 608.61
1771.73 615.96
2211.76 615.71
1461.22 642.85
2128.73 651.51
2128.73 651.51
2111.93 654.72
2111.93 654.72
2163.28 653.55
2014.08 656.79
1121.02 663.91
2122.04 665.00
1618.30 670.08
720.25 676.86
1861.08 687.01
958.55 694.76
898.33 698.94
2315.18 700.59
888.47 708.40
888.47 708.40
757.79 717.63
1770.61 721.64
1929.06 721.40
1787.80 728.45
2067.73 734.67
1955.62 740.39
2184.45 742.97
2136.65 752.21
2109.81 758.10
921.56 762.39
1936.16 766.01
2137.20 768.17
2014.26 777.02
951.54 802.33
2006.72 812.30
1676.74 814.90
1158.37 818.45
1331.79 820.85
1436.77 824.43
1388.36 827.65
1315.56 835.94
1847.65 849.35
1834.53 852.05
1834.53 852.05
2037.13 851.64
1988.56 853.96
714.25 858.58
1937.61 864.38
1918.09 876.91
2175.87 891.25
1777.06 896.20
1777.06 896.20
1812.25 896.10
2222.44 896.53
2153.13 899.29
1952.86 905.84
2225.05 933.06
2027.59 942.81
1270.81 944.21
2135.97 945.22
1464.55 947.83
824.19 956.19
2023.63 960.26
1127.49 963.64
2159.93 966.70
2137.16 972.19
1894.44 975.19
2122.18 977.09
2122.18 977.09
1822.70 1004.68
1906.13 1003.94
869.40 1020.38
1653.50 1034.61
1597.62 1035.71
1016.03 1042.34
2217.76 1059.55
2182.08 1067.95
2198.87 1070.45
1504.84 1077.28
1931.08 1079.05
2204.23 1085.30
1155.38 1090.73
2151.00 1095.07
2180.80 1094.66
2131.62 1098.57
946.96 1100.37
946.96 1100.37
1146.25 1104.26
1407.31 1114.88
1151.03 1120.50
1151.03 1120.50
929.44 1122.14
1793.94 1122.55
1925.89 1132.38
1170.62 1135.67
1170.62 1135.67
926.52 1139.45
963.37 1140.48
1903.92 1144.54
2207.80 1169.46
742.97 1184.65
1753.58 1187.80
1964.20 1191.39
1964.20 1191.39
2344.17 1192.14
1915.44 1198.42
1768.81 1200.08
2122.01 1199.61
1262.86 1203.08
1913.02 1215.08
1252.80 1216.78
1929.26 1222.63
2183.33 1224.99
1941.33 1234.79
1582.30 1238.55
2229.31 1237.50
1808.36 1240.39
1936.69 1247.35
2139.93 1252.52
2297.52 1268.50
1243.94 1291.46
884.83 1292.32
875.71 1305.88
1010.32 1307.12
1010.32 1307.12
1134.92 1327.88
1681.56 1334.35
819.96 1339.40
1461.40 1338.46
909.89 1341.27
1144.78 1341.25
1219.29 1345.82
1895.33 1345.83
727.74 1348.45
810.91 1355.67
2087.17 1359.08
2216.81 1360.59
2296.00 1365.30
1215.16 1366.22
1810.37 1367.64
1810.37 1367.64
877.97 1376.40
1910.07 1375.83
1204.32 1379.67
1204.32 1379.67
1805.08 1380.52
2059.75 1386.26
2345.61 1391.17
1483.12 1391.10
1433.65 1423.20
2066.92 1422.76
2229.98 1425.70
2229.98 1425.70
2078.56 1431.45
1975.15 1435.90
2025.82 1447.87
2110.23 1448.54
2053.60 1450.19
1413.83 1452.58
2311.62 1458.64
2149.39 1461.16
2149.39 1461.16
1784.25 1463.45
1426.46 1465.82
1539.78 1473.44
2188.04 1472.61
1555.33 1473.89
1575.57 1474.53
2034.99 1474.18
1224.89 1476.04
1150.77 1479.45
1609.85 1478.09
739.45 1480.07
1474.20 1481.51
1985.81 1484.60
716.43 1489.31
1572.35 1488.13
1587.66 1501.73
1489.98 1507.45
1489.98 1507.45
1429.31 1529.05
2047.56 1534.64
1974.47 1550.26
2031.08 1558.59
1867.48 1562.26
1039.59 1565.87
1372.68 1570.60
1926.29 1577.21
714.93 1593.65
714.93 1593.65
2110.49 1594.29
2296.48 1594.22
1932.66 1597.08
1932.66 1597.08
1950.92 1596.52
1059.12 1599.09
2147.84 1599.62
2010.08 1614.69
1376.82 1621.12
1542.24 1620.24
1586.62 1634.24
1151.84 1645.95
1996.03 1646.71
2064.05 1648.18
2214.56 1650.34
2283.15 1650.73
2283.15 1650.73
2267.39 1651.96
1066.84 1654.08
1171.76 1656.61
1960.04 1656.59
2099.20 1661.45
2186.46 1660.04
2004.42 1662.10
2110.97 1673.12
2230.88 1673.13
2335.49 1687.58
2005.12 1691.92
1568.04 1697.97
2100.39 1707.24
1426.27 1708.54
2226.43 1710.76
597.11 1721.31
1404.79 1738.60
1685.70 1740.11
1393.63 1747.99
1415.87 1752.05
1968.11 1757.92
1968.11 1757.92
805.05 1766.42
828.35 1767.25
1452.16 1768.93
2721.14 1768.42
1438.49 1770.36
2145.59 1781.57
2173.38 1783.72
2173.38 1783.72
2549.05 1792.57
1646.97 1801.77
2363.48 1803.54
850.58 1803.88
850.58 1803.88
2426.76 1805.42
1022.54 1813.66
1022.54 1813.66
2771.03 1815.87
897.07 1820.44
2274.16 1819.68
1609.88 1823.21
2293.97 1824.69
2439.20 1827.51
1093.99 1829.85
2428.85 1853.49
2509.58 1887.27
2162.31 45.48
2056.33 116.92
1334.79 145.96
1527.73 167.32
1697.69 165.30
920.50 173.31
2177.40 178.73
1907.63 182.02
1856.61 204.86
1612.11 228.23
1067.57 230.75
1475.00 245.16
2277.15 278.21
1914.66 279.79
1304.98 298.14
1496.87 304.55
1496.87 304.55
916.99 319.59
734.18 330.59
900.14 340.32
1126.96 345.08
813.53 372.37
813.53 372.37
1315.27 373.23
1527.26 389.86
1914.53 390.98
1536.54 408.46
1874.99 412.49
2201.51 417.96
1175.31 421.77
1529.01 430.30
2074.49 450.34
1384.62 451.41
1939.42 464.64
1846.74 475.90
1600.40 481.16
1368.46 484.56
1655.57 510.72
1590.07 543.83
1707.11 542.76
2006.82 544.34
2006.82 544.34
1979.35 568.66
1231.37 574.72
1215.31 588.98
2249.91 594.25
1620.30 596.42
1497.00 616.24
876.25 626.99
2061.33 646.80
1448.40 659.23
1992.00 667.99
2319.66 683.57
2319.66 683.57
1148.07 701.11
2195.70 713.80
1600.34 735.90
1600.34 735.90
2027.26 735.61
717.58 758.49
1936.42 788.70
1904.73 795.19
1010.82 796.39
1010.01 827.03
1454.76 826.03
1454.76 826.03
2062.94 836.01
1149.76 845.71
1128.58 857.35
2073.79 867.43
1989.02 873.04
1785.35 878.72
837.93 886.49
1843.76 886.71
1833.57 904.51
988.09 911.39
1274.07 920.19
2154.19 925.33
2174.75 925.74
1879.56 942.82
1879.56 942.82
2267.31 942.78
972.15 949.09
1419.48 949.05
2190.35 962.36
1101.03 975.52
819.82 982.53
1952.54 983.11
1832.16 988.73
1100.12 997.74
1862.20 1004.28
1797.32 1005.88
711.08 1007.56
1822.47 1020.72
1847.66 1020.53
1088.27 1053.33
1624.54 1054.12
945.93 1060.98
956.68 1078.35
956.68 1078.35
1316.84 1086.91
1853.13 1086.00
1853.13 1086.00
2045.26 1087.24
2045.26 1087.24
924.94 1102.88
2028.61 1102.60
2221.75 1118.10
994.36 1124.15
1193.40 1127.73
1000.15 1155.68
2066.11 1164.98
1200.31 1174.78
1467.25 1178.63
2054.30 1207.48
799.54 1220.08
1973.30 1240.44
2167.78 1246.76
2003.51 1247.80
1886.44 1250.33
2215.51 1255.26
2067.97 1259.55
2067.97 1259.55
2092.37 1258.66
802.77 1267.69
2084.39 1276.01
2165.68 1278.29
2022.59 1278.69
1943.44 1286.58
800.05 1307.35
917.47 1306.03
1253.35 1306.21
1253.35 1306.21
1370.69 1305.81
1543.14 1308.66
1323.88 1318.89
1435.07 1321.81
1459.51 1321.58
1577.51 1322.34
2289.74 1323.53
879.77 1333.16
1655.56 1336.34
1590.13 1340.23
686.23 1358.37
1687.15 1363.88
2165.73 1362.99
1948.84 1374.42
1994.00 1376.62
1883.62 1399.48
1866.70 1407.87
2143.17 1462.82
1956.84 1468.58
1956.84 1468.58
2097.17 1476.82
1388.20 1504.78
1468.12 1508.63
592.76 1516.86
1587.51 1516.98
670.31 1526.67
1511.28 1526.77
931.73 1544.58
993.39 1544.17
2266.02 1554.22
391.15 1558.43
1909.41 1563.21
2062.31 1569.33
1467.42 1572.79
729.09 1583.58
605.15 1589.59
1906.99 1591.68
865.69 1596.68
1919.06 1604.36
706.43 1608.21
1835.86 1619.64
1861.08 1619.66
1004.14 1640.02
1920.12 1649.09
1920.12 1649.09
863.34 1654.85
2118.59 1655.69
1988.40 1660.34
894.40 1664.42
1035.97 1664.45
2288.19 1668.32
2091.36 1674.96
1881.73 1678.36
2039.52 1686.23
2103.43 1689.89
2187.02 1703.46
810.08 1716.44
1416.81 1721.24
1616.30 1735.52
1639.99 1747.24
797.53 1750.83
2013.62 1764.27
2013.62 1764.27
2068.05 1775.69
2580.54 1784.98
2268.40 1790.66
2259.97 1813.48
831.55 1813.91
831.55 1813.91
2369.50 1825.57
2352.82 1828.10
2546.23 1829.24
2194.22 1865.63
2261.27 1876.08
1831.00 91.32
1281.42 154.94
1599.74 209.40
1511.81 219.98
1890.89 233.59
910.58 235.09
1016.08 253.14
1016.08 253.14
1613.55 255.52
2265.75 265.00
2265.75 265.00
1807.11 320.85
1807.11 320.85
1600.74 376.81
1849.81 403.91
2075.40 416.39
733.92 423.54
1200.88 429.22
1677.95 461.02
1097.42 469.05
2476.33 483.38
2075.39 511.78
1652.49 569.80
1465.10 598.85
1847.27 626.11
785.80 703.25
1097.40 724.45
2309.25 731.58
838.20 740.07
1459.34 773.46
1436.63 806.01
2144.24 829.88
2094.12 830.94
1128.46 856.06
1798.79 876.31
1891.38 901.65
963.76 920.32
2104.80 960.76
1485.44 967.44
1300.98 970.76
1860.78 979.73
2330.18 1064.30
1102.13 1067.89
2050.29 1067.73
2323.83 1084.51
1278.85 1086.88
1805.24 1102.05
1301.47 1120.18
2247.84 1145.01
2204.13 1148.84
2204.13 1148.84
1918.83 1163.49
2330.78 1177.87
2330.78 1177.87
2249.74 1180.05
2353.29 1189.49
1302.57 1199.39
2260.70 1200.85
902.90 1213.05
1102.58 1210.60
2277.78 1250.25
2277.78 1250.25
1798.65 1253.39
1884.64 1269.67
2253.43 1271.64
1926.36 1280.84
2252.91 1295.67
1512.12 1304.38
1512.12 1304.38
1610.61 1306.11
1865.86 1311.25
853.80 1324.46
1456.27 1339.63
1490.76 1351.77
893.77 1360.09
2263.15 1395.50
1087.66 1439.91
2123.74 1518.15
1358.05 1525.87
1567.97 1534.06
1960.59 1532.12
1019.30 1544.53
1895.15 1546.95
965.01 1547.04
2210.36 1571.40
1805.11 1600.24
1982.09 1625.37
652.22 1635.56
1829.53 1637.05
2108.99 1635.20
1862.73 1643.45
739.35 1651.01
934.03 1656.13
990.39 1654.97
1266.48 1655.71
1853.86 1670.25
1857.79 1692.76
2231.32 1692.78
1470.29 1731.10
1149.74 1762.00
2380.23 1906.14
2045.14 50.73
1793.25 135.65
1418.01 157.78
1313.39 177.02
1784.19 186.73
938.11 190.52
1241.90 192.47
1530.94 236.47
741.80 256.76
1977.41 263.87
1977.41 263.87
1880.01 291.27
1835.86 305.22
737.61 355.82
2016.97 375.22
2049.03 390.79
503.85 397.15
1241.55 417.03
1840.56 498.04
1840.56 498.04
1691.91 500.16
777.00 505.00
1650.45 503.74
1650.45 503.74
729.64 617.63
1616.79 631.45
727.42 654.55
1185.99 666.69
1197.39 696.85
1331.01 724.35
2021.84 757.85
808.60 761.32
2191.75 821.79
2082.51 874.30
1198.25 887.03
1463.80 908.86
2224.12 939.40
2145.28 947.83
2022.49 965.30
1793.43 1030.67
1217.01 1056.31
896.29 1078.78
896.29 1078.78
1224.37 1087.61
1541.49 1122.54
1049.73 1148.05
1771.89 1165.75
2154.76 1203.73
2234.95 1205.79
792.83 1238.59
1607.05 1239.33
1562.20 1285.42
1558.30 1329.07
1201.04 1365.20
1301.07 1366.20
1329.10 1370.83
1469.87 1376.89
2050.99 1391.55
1074.24 1411.86
1229.38 1415.57
1829.52 1419.94
892.20 1434.94
985.94 1436.93
1034.69 1437.21
2123.61 1440.26
1314.17 1531.36
1166.69 1541.78
1217.46 1540.08
894.11 1549.71
1039.24 1549.87
2053.95 1608.26
1895.60 1615.91
2133.22 1620.47
2050.87 1661.77
2164.73 1661.10
862.77 1676.91
1629.57 1699.19
1450.89 1751.73
1526.24 1770.34
1472.81 1780.55
1573.84 1788.28
2421.32 1827.11
2315.94 1834.18
2315.94 1834.18
2318.08 1882.67
2318.08 1882.67
2361.26 1890.06
1549.98 414.32
884.59 450.46
1422.02 472.89
1364.38 572.29
2202.36 605.87
2137.83 614.09
2100.11 691.14
1302.73 711.55
806.95 726.67
806.95 726.67
2070.47 741.65
1223.79 742.78
1104.54 759.21
982.21 767.72
724.73 859.35
849.43 933.36
2068.82 985.67
1167.75 1011.57
1465.01 1118.89
710.05 1297.27
1515.67 1331.60
1429.71 1367.94
1429.71 1367.94
1575.35 1372.91
1008.54 1405.55
2011.58 1510.90
2293.78 1528.36
1097.67 1554.09
1007.79 1625.25
1871.71 217.27
1372.82 468.89
1268.24 484.71
738.24 535.63
1403.44 585.45
1600.20 680.24
1120.90 846.34
1333.56 912.82
722.52 1112.48
1575.52 1116.42
1237.75 1146.82
1365.84 1231.77
609.64 1267.54
2024.04 1297.86
1995.50 1395.45
1842.37 1483.43
1524.16 1709.79
1524.16 1709.79
1822.18 1762.91
2287.06 1858.63
2287.06 1858.63
2350.01 1858.78
2350.01 1858.78
1144.22 407.08
1144.22 407.08
1018.75 518.05
1198.28 608.83
1198.28 608.83
1253.73 674.39
1203.31 795.16
1478.55 805.37
1436.20 860.00
1372.60 872.17
1144.89 902.73
729.09 1028.19
2037.00 1039.50
1172.72 1066.17
1311.30 1293.85
832.23 1572.96
965.03 1575.80
1455.95 1635.22
1475.52 1699.56
839.74 1735.10
2067.61 1813.76
1638.56 600.92
1124.30 636.50
1124.30 636.50
995.31 713.83
995.31 713.83
1316.60 806.06
995.12 898.57
1807.37 937.80
1217.56 1286.63
1920.24 1401.98
1366.32 1433.98
1776.74 1490.73
1579.96 1505.32
1512.41 1564.65
1357.56 1700.42
2088.16 1719.11
1406.14 1758.90
2503.50 1773.50
2149.85 1825.51
2463.58 1879.88
1836.45 1078.30
