2415.00 66.38
2458.57 70.77
2283.95 76.17
2303.09 83.20
2062.15 93.38
2354.09 93.67
2404.50 94.60
2107.66 99.73
2103.79 107.25
2116.10 109.84
2419.47 111.19
2163.38 112.83
2309.33 114.15
2184.50 115.94
2455.09 117.36
1898.27 121.27
1898.27 121.27
2309.95 121.80
1807.79 124.29
1985.28 125.86
1954.85 128.65
2148.22 131.52
1870.32 132.14
1900.74 132.07
2286.81 133.68
1749.17 137.86
2012.17 137.76
1990.36 143.70
2101.43 143.53
2225.11 143.46
2112.54 146.19
2155.33 148.12
1990.73 150.80
2100.82 150.59
1351.40 151.94
1638.06 152.29
1856.17 153.30
1814.58 156.90
2157.06 156.30
1536.10 157.55
1943.74 157.23
2165.23 157.88
1982.44 158.63
1663.50 158.98
2172.44 159.10
2376.61 159.84
2376.61 159.84
1885.30 162.19
1681.20 163.52
1193.80 164.66
1390.95 164.99
1710.67 164.64
2101.74 164.05
2156.04 165.42
839.69 165.16
1666.70 166.55
1717.19 166.78
2237.32 166.66
1024.72 169.88
1844.76 169.71
2187.20 170.02
1228.64 170.52
2171.85 174.65
1207.46 176.49
1654.83 179.10
1920.51 179.01
2200.37 179.37
1191.97 180.03
2090.47 180.38
1857.18 182.12
1012.35 185.06
1425.34 185.21
2471.93 186.29
809.13 186.66
962.95 187.05
2091.56 187.57
2153.46 188.04
1215.73 188.62
2450.99 188.75
2450.99 188.75
1586.06 189.11
1381.66 190.79
1853.89 190.62
2169.49 190.93
2169.49 190.93
2284.40 190.18
1425.16 192.45
2328.65 192.45
2328.65 192.45
2418.75 191.97
917.17 193.20
1223.32 193.11
2158.29 193.92
2394.61 193.60
1079.53 194.34
2067.16 195.88
2095.44 196.44
2095.44 196.44
1189.30 197.11
2175.41 197.96
764.09 198.60
1380.86 198.55
2241.02 198.96
1823.10 199.42
1205.69 200.47
2064.66 202.37
2470.22 202.92
914.44 203.26
2274.50 203.38
1191.71 204.10
1989.03 204.11
762.80 205.37
1378.48 206.49
1581.17 206.56
1647.87 206.52
2045.70 207.69
2294.72 207.86
2193.99 209.13
1054.88 210.72
1230.80 210.50
1230.80 210.50
1734.28 211.85
2062.43 211.06
763.76 212.44
817.85 212.11
1755.72 212.69
1079.34 214.32
1710.63 214.34
1059.15 216.48
1059.15 216.48
1136.03 217.27
820.39 218.50
2004.49 218.75
2092.48 219.42
1617.25 220.35
2174.47 221.70
1771.54 222.58
2472.58 224.71
2472.58 224.71
1135.41 225.04
1077.44 226.38
1714.65 227.92
1669.68 230.14
2174.02 230.12
2354.93 230.67
1662.74 231.61
2080.13 231.59
2132.07 231.52
1960.32 233.12
1711.96 235.54
1711.96 235.54
2176.55 236.18
2176.55 236.18
1847.19 237.21
1415.29 239.69
1584.89 240.23
1852.90 241.18
1149.35 245.05
1844.96 244.49
2174.87 243.85
2004.01 245.57
2161.51 245.93
2249.61 245.67
2271.85 245.78
1101.90 246.63
1920.48 247.12
859.60 248.71
1665.34 249.67
1825.75 249.75
947.44 250.36
1988.70 250.20
2236.91 251.37
2302.91 251.59
2249.06 252.23
1874.05 253.39
1113.21 254.16
1172.04 254.96
799.76 256.97
813.52 256.14
1091.23 256.41
1574.38 256.99
2196.67 257.44
2224.01 257.04
2224.01 257.04
1051.33 258.90
1144.32 258.80
1469.32 258.34
743.67 259.93
1874.80 259.78
1031.30 261.96
2071.71 261.75
1131.83 263.15
1734.89 263.82
1947.50 263.26
1156.15 264.50
2119.31 264.41
2219.37 264.11
981.35 265.29
2319.01 265.79
2319.01 265.79
1466.19 267.76
1550.56 267.44
1813.29 268.94
1925.07 268.25
2070.80 268.71
1747.34 269.84
1786.78 269.36
1797.85 269.49
2301.68 269.66
2057.05 270.26
984.66 271.09
1843.52 271.35
2127.96 271.25
1471.56 272.52
1897.95 272.23
2119.74 273.77
814.55 274.41
1647.88 274.42
2282.88 274.89
2282.88 274.89
1656.23 275.93
1656.23 275.93
1785.13 276.27
2271.85 277.49
2271.85 277.49
1762.47 278.20
1914.83 278.58
2128.28 278.95
858.82 281.05
2286.41 280.53
641.60 282.46
641.60 282.46
807.36 282.32
1833.47 282.25
2096.53 284.74
2240.48 284.83
2240.48 284.83
2435.76 284.94
2435.76 284.94
842.90 286.33
1108.98 286.54
1904.07 288.79
1526.04 289.27
1647.39 289.81
631.28 290.22
1538.84 290.90
1538.84 290.90
1672.54 290.48
1475.45 291.59
2097.25 291.66
857.81 293.83
2228.25 293.39
2425.19 294.83
804.11 295.33
920.73 295.68
2058.51 297.00
2110.81 299.08
2362.52 300.77
2043.05 301.69
1485.02 303.29
2024.85 303.53
834.37 305.46
1050.71 305.77
1670.67 305.39
1759.88 305.82
1623.76 306.78
2152.09 306.08
2152.09 306.08
2409.52 306.86
1722.26 306.99
1952.36 307.82
2181.22 307.71
2365.09 308.78
1549.27 309.69
1821.57 310.28
1935.59 310.30
2337.58 310.82
772.06 312.05
1941.92 312.96
2034.45 312.38
1737.01 313.28
2147.01 313.27
1826.68 315.44
2087.15 315.66
2186.04 315.49
2186.04 315.49
2012.87 316.74
2135.11 316.81
2213.81 316.43
2213.81 316.43
1554.34 318.40
1741.41 318.64
769.34 319.60
1732.94 319.78
1990.13 322.00
1917.61 322.45
2339.05 322.48
2036.53 323.58
729.95 324.04
1386.02 324.35
1667.36 324.76
1667.36 324.76
1683.19 324.49
2000.77 324.86
2392.25 324.64
650.27 325.32
1569.69 325.52
1738.85 326.33
2478.33 326.74
699.26 327.02
849.82 327.99
1640.55 327.57
1640.55 327.57
1971.13 327.39
874.42 328.55
1754.15 328.65
2407.73 328.36
864.90 330.46
727.21 331.30
727.21 331.30
2354.56 331.49
2469.77 331.38
1998.06 332.52
701.84 333.79
1582.15 333.18
1790.13 333.74
2312.90 333.76
2420.45 333.04
1842.10 334.45
2375.54 335.86
1910.65 338.36
2468.50 338.37
799.52 339.48
2052.41 340.01
2315.68 340.45
2393.21 340.47
2419.88 340.79
2419.88 340.79
676.31 341.81
1535.90 341.62
1036.48 342.92
1616.88 342.05
1616.88 342.05
1727.56 342.44
1067.71 343.97
1067.71 343.97
1568.76 344.31
1576.85 344.79
2354.46 344.14
2411.63 344.03
736.96 346.75
1838.93 346.84
1838.93 346.84
1856.29 346.84
1856.29 346.84
1747.01 347.54
1717.21 348.81
1785.68 347.98
1944.97 348.79
2248.77 349.51
2347.58 350.72
695.09 352.43
910.22 352.96
1002.03 352.52
1595.63 354.18
1789.92 354.68
2372.36 354.48
894.60 355.10
918.97 355.74
1724.60 355.06
2357.72 355.19
1748.15 356.61
1748.15 356.61
2296.33 356.30
1035.36 359.26
2476.06 359.96
1019.05 360.18
1525.22 360.06
1688.11 360.93
1688.11 360.93
726.13 361.96
1647.44 361.71
2464.82 361.28
1724.37 362.72
2177.57 366.90
823.74 367.15
1693.77 367.64
1734.05 367.07
1734.05 367.07
2244.00 367.96
782.99 368.02
865.14 369.02
1798.66 368.95
1749.06 370.66
2158.94 370.44
2226.79 370.78
2226.79 370.78
2206.19 373.61
682.29 374.95
1595.98 374.65
703.94 375.76
2242.29 375.80
1891.07 375.98
2133.23 376.77
778.40 377.28
1991.58 378.55
2228.24 379.00
1922.22 379.61
2424.44 379.41
686.63 380.79
818.96 380.64
818.96 380.64
1168.91 381.31
1168.91 381.31
1794.80 383.42
1891.32 382.96
2050.16 383.10
1682.69 386.34
2113.38 388.03
2232.48 388.56
1588.77 388.76
962.80 389.98
2074.35 394.08
2131.09 393.15
1906.81 396.50
2231.32 396.79
909.17 397.88
770.37 399.58
917.33 399.06
2191.04 400.00
638.39 400.76
2011.60 400.97
679.33 402.63
2146.76 402.31
749.61 403.50
749.61 403.50
1711.48 403.75
1002.76 405.88
1693.14 404.95
1729.02 407.84
892.36 408.78
970.75 408.48
1205.96 408.62
1922.94 408.21
2010.81 408.60
745.23 411.39
1243.16 411.64
803.38 412.57
1663.42 412.53
1025.97 413.48
2165.48 413.12
315.59 414.56
1833.89 414.21
703.20 415.31
703.20 415.31
1673.47 415.44
1887.52 415.02
1924.24 415.26
868.55 416.11
970.76 416.42
2180.71 416.49
1645.05 417.82
2011.90 417.14
2011.90 417.14
2146.80 419.25
2146.80 419.25
2281.62 420.99
1662.79 421.92
1686.74 421.57
1864.09 421.40
2398.84 421.50
2473.39 421.60
2377.49 424.48
2370.19 425.83
1005.06 425.84
1005.06 425.84
1114.36 427.99
1851.18 428.17
1861.29 429.91
1148.67 430.49
1833.86 430.61
1833.86 430.61
1683.19 433.83
1796.89 433.11
2000.28 434.91
1985.27 435.21
820.63 436.33
949.78 436.59
2381.86 437.47
2022.56 438.16
2486.93 438.26
779.44 439.27
2412.61 439.31
702.96 442.30
2114.76 443.02
2114.76 443.02
1765.02 445.47
912.47 446.47
1797.50 447.20
2338.55 448.45
727.42 449.72
1085.79 450.00
2000.11 449.48
2123.16 450.68
2439.48 450.62
920.24 451.36
2398.26 453.59
1609.99 454.75
686.35 455.78
939.07 455.06
763.57 456.80
2133.06 456.58
2451.09 456.11
933.05 457.20
2262.43 458.19
1936.53 459.77
2323.57 458.99
2323.57 458.99
2424.59 461.02
2424.59 461.02
1628.88 462.49
1819.21 462.44
713.21 463.15
2452.72 463.65
692.60 465.49
692.60 465.49
1826.91 465.77
2355.83 465.47
1621.74 466.74
1621.74 466.74
957.58 467.21
2377.28 467.30
2191.20 468.22
1020.04 469.47
1990.05 469.40
2064.98 468.98
2267.89 470.51
2243.89 471.43
889.64 472.65
878.60 475.63
906.74 475.55
2488.72 475.53
2064.37 476.07
2226.72 476.66
669.47 478.87
669.47 478.87
1869.60 478.81
1621.11 480.62
1836.36 481.73
1660.00 482.15
2025.74 482.23
2194.97 482.96
2091.46 483.85
2119.00 483.76
2475.55 483.36
1682.88 484.79
792.04 485.92
776.49 486.85
1622.98 486.81
1980.81 486.97
2160.99 486.99
2275.42 486.45
2275.42 486.45
2022.46 489.69
1638.07 490.56
1962.60 490.74
737.88 492.08
1629.27 492.06
2431.04 493.01
1618.12 494.09
1874.33 496.68
1772.99 497.74
1961.00 497.74
2251.61 500.82
1840.15 501.59
2171.73 502.63
1928.33 503.81
2006.90 503.65
628.40 505.63
689.89 506.54
1660.10 506.11
2443.51 506.98
2443.51 506.98
1908.79 507.54
2465.44 508.02
2465.44 508.02
2172.43 509.78
2323.61 510.92
1989.12 511.72
2375.56 511.61
1475.63 512.25
1666.01 512.21
1924.20 512.86
2284.01 512.15
2183.55 513.68
2464.43 515.62
2054.22 516.39
1885.58 519.02
1885.58 519.02
2295.54 518.15
2132.59 519.04
1955.37 521.93
2032.48 521.32
2088.16 522.00
2391.84 524.08
2482.35 524.27
695.96 525.44
1811.92 525.31
2293.25 525.85
2465.26 528.30
2465.26 528.30
622.24 529.17
2025.39 531.72
2393.29 532.22
2413.21 532.09
2107.47 534.19
894.12 535.92
894.12 535.92
1593.31 535.09
2051.56 535.55
2161.92 534.97
1911.46 536.46
2016.59 536.97
2251.54 536.65
2461.54 536.33
1719.62 537.96
1719.62 537.96
1741.07 538.11
2410.92 538.59
822.59 539.74
882.32 539.61
1682.30 542.12
1726.44 541.44
2469.03 541.53
2469.03 541.53
593.38 542.83
1810.78 542.41
2058.76 542.32
864.50 543.75
1748.02 543.28
2218.51 544.16
2319.79 543.24
2342.19 543.64
2010.28 544.68
2010.28 544.68
2441.78 544.36
2441.78 544.36
1703.19 545.90
1855.54 547.79
1999.16 547.58
2289.54 547.39
2427.23 547.41
1613.36 549.35
2446.84 550.77
1918.66 551.42
1918.66 551.42
1964.65 551.95
2036.75 552.18
1799.19 554.71
1799.19 554.71
793.09 556.94
793.09 556.94
2399.54 557.05
861.04 558.15
2449.87 558.08
1918.15 559.31
1949.21 562.57
2594.65 564.80
788.18 565.47
1852.77 566.64
1978.16 567.25
1978.16 567.25
1197.93 568.28
1898.37 568.62
1898.37 568.62
2223.30 568.41
1998.35 569.22
1875.68 570.27
746.40 571.09
2454.89 571.36
1835.49 573.72
773.31 574.36
724.75 575.70
1459.18 575.43
1700.58 576.85
1814.88 576.78
1935.93 576.88
2376.28 576.10
2376.28 576.10
1951.44 577.79
2005.54 577.72
2331.36 578.14
739.04 579.22
1781.47 579.58
1919.97 581.02
2314.38 581.12
2245.30 582.81
2410.18 582.81
612.87 585.40
612.87 585.40
991.01 585.42
1978.78 585.57
2373.93 585.37
2373.93 585.37
1824.45 586.44
2030.72 587.56
2171.19 588.60
2313.71 588.74
2344.89 588.35
2344.89 588.35
2273.86 589.73
2273.86 589.73
1382.80 590.56
1382.80 590.56
707.79 591.05
775.90 592.65
1979.49 592.81
2015.89 592.38
2015.89 592.38
1870.45 593.13
2176.79 594.22
692.67 595.04
2345.39 595.14
769.99 600.49
644.26 601.78
1354.03 602.84
1354.03 602.84
867.42 603.87
1648.40 604.07
2236.39 603.73
2347.92 603.49
2187.19 605.54
2187.19 605.54
2245.67 607.08
2145.83 608.19
1692.48 609.26
2264.95 609.08
970.43 610.17
2330.73 611.89
2330.73 611.89
2190.21 612.85
977.32 614.74
1296.11 614.78
2201.41 615.92
1353.56 616.40
2272.95 616.31
1691.46 617.54
1322.64 619.37
1293.18 620.92
1988.45 620.70
1988.45 620.70
2208.85 619.98
2441.92 621.66
2254.17 623.65
1753.01 624.53
1810.66 625.05
2136.66 625.50
1986.74 629.79
2120.79 630.18
2196.39 630.58
2242.49 630.16
1628.64 631.68
2135.49 632.40
1865.14 633.32
2154.52 633.93
770.72 634.57
826.15 634.28
1710.37 634.40
1710.37 634.40
2013.44 634.15
1342.61 635.36
1303.21 636.25
2198.38 636.80
2130.28 640.93
2105.62 641.47
814.74 642.21
1724.74 642.51
1750.44 643.69
2092.73 643.24
2092.73 643.24
2076.96 644.38
1283.20 645.59
1853.87 646.48
2062.42 647.37
2062.42 647.37
2100.17 648.70
2353.28 648.39
970.87 650.52
1811.54 650.40
1811.54 650.40
2364.97 653.74
2364.97 653.74
1101.70 654.42
1804.50 656.55
2003.82 656.85
1712.10 657.43
1754.85 659.35
964.53 660.16
2007.33 662.89
1776.97 664.03
1820.19 664.59
1867.31 665.34
1239.35 666.07
952.02 667.15
1748.50 667.37
2234.46 668.70
2057.81 669.75
1099.74 671.10
1698.87 672.54
2005.64 672.68
1858.94 674.59
2496.25 674.07
2294.81 675.24
1966.38 678.88
921.76 679.39
1698.71 679.41
1886.28 680.49
2233.54 681.10
1859.39 683.48
1945.05 682.93
2273.16 683.60
691.70 684.11
489.29 686.06
647.61 685.30
2435.94 685.59
912.64 688.80
1676.21 688.37
646.59 692.17
1759.22 692.65
2337.50 692.08
713.98 693.43
1964.02 695.08
1846.67 695.20
1179.25 695.98
2193.17 696.82
797.75 696.84
2231.15 697.35
2231.15 697.35
2045.14 700.58
710.05 702.22
1183.50 702.54
1183.50 702.54
663.95 705.43
663.95 705.43
800.79 705.07
2270.69 705.37
619.39 706.24
1693.48 706.32
1754.28 709.15
2083.29 709.31
2273.22 711.92
2334.80 713.37
1808.36 714.44
1808.36 714.44
1787.26 715.21
2440.33 715.73
2284.48 717.46
2042.64 718.32
2129.53 719.24
1694.16 720.20
1802.52 720.91
2243.15 723.22
2119.96 726.72
1810.69 728.26
1701.43 729.38
856.90 730.63
2210.08 730.88
2133.13 731.47
842.83 732.66
2168.49 733.01
1805.47 734.20
855.02 736.84
792.74 737.61
1966.73 737.08
2112.67 737.90
2112.67 737.90
780.77 738.77
772.21 741.83
2095.95 742.34
786.48 743.84
2472.20 743.37
1805.39 747.01
638.87 748.85
638.87 748.85
772.63 748.92
676.83 749.76
2478.02 756.78
729.61 757.44
1999.54 758.47
2078.79 759.74
1113.74 762.43
1991.59 763.70
2005.81 763.05
1489.11 766.57
1489.11 766.57
1798.52 767.56
2313.50 772.20
906.01 775.59
1898.89 778.23
981.63 779.17
2293.70 781.44
2293.70 781.44
696.02 782.80
1903.94 783.74
2304.95 783.51
1696.18 785.53
873.64 786.81
708.28 788.99
1801.70 790.13
1883.65 790.12
878.93 791.81
1240.76 793.93
2069.27 796.47
1782.97 797.23
1782.97 797.23
1802.05 797.72
2316.10 797.09
2316.10 797.09
1213.49 798.40
1673.28 798.20
2305.15 798.75
1681.61 799.84
1724.26 801.03
2345.19 801.77
2506.45 801.69
1267.23 803.02
2217.21 804.00
2372.31 803.86
1659.76 804.53
1669.50 804.62
2491.42 805.92
1240.06 807.21
2102.98 808.39
2070.43 809.79
1863.43 810.71
2268.27 811.83
1771.36 813.68
2209.61 813.90
2224.25 813.15
1952.57 814.84
2239.74 814.29
1188.67 815.03
607.40 818.60
642.67 819.70
2491.76 820.13
2165.69 821.42
2209.58 821.72
1774.60 822.25
1802.99 822.35
2279.64 822.07
2331.08 822.40
1287.89 823.24
2112.17 823.09
1865.03 824.33
2205.40 827.43
2205.40 827.43
1491.58 828.29
1779.37 828.24
1949.14 828.17
1806.65 833.99
868.13 836.63
2036.30 837.06
2374.23 838.63
2499.04 838.06
2499.04 838.06
1168.28 841.04
2249.53 841.34
941.35 842.86
2355.67 842.52
2306.05 843.67
948.33 847.90
1036.32 847.44
1036.32 847.44
2127.77 847.04
2278.82 847.58
774.68 849.59
774.68 849.59
2196.52 849.57
2196.52 849.57
852.35 850.67
863.02 850.26
1886.94 850.57
2136.17 849.99
2181.87 850.38
2459.42 852.57
2340.40 853.58
995.27 854.23
1865.66 854.06
2315.75 855.68
772.25 856.73
1291.89 857.29
1034.80 858.17
2288.24 858.45
756.23 862.69
2132.03 863.61
1548.24 865.66
2393.59 865.36
1843.82 866.71
1816.82 867.81
2159.10 867.31
2159.10 867.31
2181.92 868.87
724.60 870.05
755.05 870.83
755.05 870.83
1017.57 870.43
1800.73 870.36
807.05 871.48
1518.92 871.81
1552.61 871.49
1552.61 871.49
1786.19 871.42
1786.19 871.42
2343.37 872.73
1774.26 874.51
1774.26 874.51
2134.82 874.36
2362.72 874.87
1860.52 876.15
1801.25 877.67
2161.71 879.21
2150.06 880.31
2384.89 880.51
1941.83 881.49
2115.19 881.73
726.48 883.85
1516.40 883.83
658.96 884.47
1727.59 884.69
644.47 887.33
759.08 888.46
2373.38 889.75
2506.65 889.44
1770.12 891.56
2024.20 891.69
1917.38 892.57
1917.38 892.57
1943.28 892.74
2106.68 892.20
605.38 893.87
2015.01 893.76
2232.47 893.83
2286.26 893.26
2286.26 893.26
2383.35 893.40
2483.06 893.76
1755.58 894.10
2422.11 894.08
2422.11 894.08
2436.78 895.25
2455.88 897.04
2107.35 899.15
2107.35 899.15
2336.04 901.68
1735.82 902.56
1034.13 903.11
2323.06 904.18
2231.23 905.64
2309.05 905.09
2169.00 906.75
2196.28 906.65
2196.28 906.65
1603.75 908.12
2087.81 908.42
2267.79 908.32
2334.38 908.33
831.94 909.28
1972.38 909.23
2312.04 911.23
1817.59 912.56
2014.62 912.81
771.51 913.82
2169.28 913.75
2169.28 913.75
2281.76 913.37
781.98 913.80
2021.26 918.29
2021.26 918.29
817.21 919.13
817.21 919.13
840.39 920.15
879.82 920.02
2285.36 919.95
1957.66 921.73
2064.89 922.61
1967.26 923.82
2376.47 923.80
785.72 925.05
2102.50 925.50
743.80 927.54
2093.12 929.10
2395.67 928.83
1364.88 930.48
785.82 931.58
1876.98 932.60
758.85 936.60
2117.37 936.95
2160.75 936.38
1188.36 937.85
1188.36 937.85
684.82 938.47
873.00 937.91
873.00 937.91
2425.68 937.98
637.24 939.41
834.54 939.88
1216.39 941.90
1365.16 941.85
1365.16 941.85
1194.97 942.55
1194.97 942.55
1958.81 943.21
1993.53 943.18
2007.33 944.34
2444.34 944.09
2028.71 945.82
2028.71 945.82
644.60 947.02
1320.14 946.41
2173.96 946.53
2509.80 946.15
1965.89 947.28
832.79 948.29
832.79 948.29
2451.81 948.18
1923.01 950.84
1932.04 950.44
2494.20 950.43
631.31 951.72
1863.49 951.56
2398.11 952.02
2398.11 952.02
698.44 955.60
2006.65 956.69
1967.52 959.65
773.15 960.65
1895.30 960.58
660.48 961.31
2090.44 964.02
2097.66 968.86
664.68 969.57
2395.13 969.33
2552.07 973.02
2468.16 974.77
2491.98 974.91
2491.98 974.91
2502.28 975.39
2502.28 975.39
969.48 976.67
1324.92 976.36
2779.12 976.20
1984.51 978.32
2277.46 978.35
2277.46 978.35
2511.84 978.93
2031.70 979.08
2031.70 979.08
2418.09 979.74
2432.65 979.14
1898.88 982.04
2377.53 981.81
2498.18 981.49
2009.49 983.70
2071.95 984.76
2514.42 987.23
684.81 988.54
1178.55 988.23
805.81 990.67
2398.42 990.66
2409.34 990.39
1514.34 991.29
831.61 992.75
964.59 992.20
2552.41 992.23
2552.41 992.23
2418.81 992.96
2009.74 994.12
1994.78 995.95
2362.95 996.62
2465.13 996.19
1173.22 997.78
1363.72 998.10
1977.02 999.27
2087.07 999.80
659.63 1000.09
659.63 1000.09
2431.76 1000.55
1917.56 1001.36
2459.07 1001.97
2025.38 1002.51
2448.46 1003.12
2516.00 1004.24
2516.00 1004.24
2263.51 1007.56
2366.28 1008.19
725.74 1009.44
2346.18 1009.48
2413.80 1009.78
2413.80 1009.78
1915.64 1010.54
2476.20 1011.57
671.51 1012.68
942.84 1014.31
1961.51 1015.14
2220.04 1016.24
1953.83 1017.08
1986.41 1017.65
2005.75 1020.87
637.08 1021.41
1131.34 1023.52
1131.34 1023.52
2423.44 1024.17
2049.59 1025.18
2205.97 1025.23
2486.32 1025.70
2022.93 1028.21
2176.03 1029.36
2176.03 1029.36
2374.23 1029.53
2464.20 1029.27
2151.36 1030.57
2192.31 1032.44
2342.83 1033.68
2032.59 1034.78
2032.59 1034.78
2368.79 1034.02
957.94 1036.09
957.94 1036.09
1568.76 1036.48
2097.10 1037.82
2164.72 1037.05
2174.43 1038.09
2174.43 1038.09
2090.09 1039.52
930.01 1041.05
1966.05 1041.18
2453.23 1041.33
2201.92 1042.33
1913.91 1044.40
2075.35 1044.09
2369.72 1044.42
1588.29 1045.78
1954.32 1045.85
732.51 1046.43
1925.06 1046.75
1015.70 1048.50
2249.84 1049.81
988.20 1051.25
1499.29 1051.30
2118.18 1052.74
1987.11 1053.71
2329.71 1053.27
912.33 1055.83
2035.42 1055.80
628.89 1056.44
697.05 1056.20
2109.61 1056.10
2109.61 1056.10
2378.46 1056.12
583.47 1058.16
2147.99 1059.18
2147.99 1059.18
1350.95 1062.64
2080.47 1062.67
2194.10 1062.82
601.12 1063.44
627.97 1063.58
2119.68 1065.96
2133.45 1065.61
2133.45 1065.61
1907.34 1066.13
771.83 1067.62
626.49 1070.98
626.49 1070.98
695.21 1070.57
654.03 1073.59
2095.11 1073.23
676.59 1073.96
2444.01 1074.87
2481.99 1074.60
1256.66 1075.18
702.10 1076.41
629.26 1077.35
2317.26 1078.94
1980.28 1079.48
616.63 1080.37
2093.17 1080.64
2012.38 1082.95
766.57 1083.98
1470.28 1083.41
1236.02 1084.38
2287.64 1084.39
2287.64 1084.39
565.28 1085.52
2073.98 1085.11
2073.98 1085.11
2365.56 1087.61
1976.96 1089.90
2164.22 1090.62
933.27 1092.51
1902.44 1092.05
1986.56 1094.16
2182.66 1094.84
1085.39 1096.88
2463.44 1096.59
2394.68 1097.51
952.04 1098.88
1536.16 1099.75
2252.89 1102.20
2252.89 1102.20
2071.38 1103.62
725.08 1104.17
690.91 1105.45
690.91 1105.45
952.60 1105.31
1551.56 1105.60
1749.41 1106.09
680.93 1107.66
2453.13 1108.56
2515.24 1111.15
2515.24 1111.15
897.65 1113.17
1261.04 1113.96
1914.86 1113.40
1517.48 1114.90
1957.03 1118.60
1608.29 1120.48
685.80 1122.24
1032.98 1122.35
1855.96 1123.48
2120.95 1123.30
2368.00 1124.76
1538.66 1126.24
1233.27 1128.84
1545.92 1129.86
2404.81 1130.40
1013.93 1131.22
2019.90 1131.66
1951.96 1134.49
2318.51 1134.75
885.41 1136.47
2463.64 1139.84
2472.96 1139.79
2341.10 1142.17
775.57 1143.18
1567.99 1144.13
1886.99 1144.38
2262.24 1147.65
2134.98 1148.76
1041.49 1151.13
739.85 1151.66
1710.05 1151.35
661.12 1152.27
2049.52 1152.36
2127.84 1152.88
2364.03 1152.07
2251.12 1153.89
1000.56 1154.79
2207.67 1153.99
2261.95 1154.76
1994.42 1155.51
2170.53 1155.03
2274.40 1155.18
701.04 1156.13
701.04 1156.13
1007.35 1155.97
1858.95 1156.01
964.59 1159.24
1026.06 1160.11
2208.02 1160.76
2208.02 1160.76
2079.45 1163.43
1864.64 1165.19
1012.35 1166.60
2103.22 1166.62
2224.24 1167.32
612.22 1168.11
1977.50 1168.69
2244.13 1168.88
2276.43 1168.54
2035.34 1171.08
2431.40 1170.62
2070.60 1171.91
2189.74 1170.95
2189.74 1170.95
459.42 1172.95
1931.06 1172.90
2105.70 1173.40
2446.01 1176.60
2456.81 1177.25
1897.06 1178.30
2429.85 1179.86
2170.03 1180.76
2267.19 1180.72
2212.28 1181.24
2001.93 1182.49
2262.46 1182.41
2011.35 1183.25
1020.59 1185.80
2305.71 1185.97
1973.41 1186.56
2223.40 1186.59
2328.30 1186.75
2337.18 1186.41
1184.81 1187.50
2211.14 1188.52
2242.10 1188.57
893.43 1191.62
2405.97 1192.15
2169.24 1193.68
1190.82 1194.97
2262.59 1196.72
879.96 1198.87
978.07 1198.27
2014.85 1198.82
2014.85 1198.82
2396.97 1199.26
1034.34 1200.30
1877.65 1200.41
2526.94 1200.70
1090.50 1201.09
1919.97 1201.14
2213.21 1201.54
2213.21 1201.54
457.16 1203.03
1192.04 1202.88
2235.14 1202.19
2407.74 1203.02
1856.59 1205.40
1856.59 1205.40
2263.37 1205.44
892.79 1207.76
2014.44 1208.05
1262.02 1208.58
2297.63 1208.53
2297.63 1208.53
1222.52 1210.52
1935.18 1211.40
1256.47 1213.85
2265.86 1213.40
2000.39 1214.94
2196.27 1215.51
1894.56 1216.72
2473.81 1216.39
2522.70 1217.58
1276.01 1218.23
2436.16 1218.51
2451.86 1218.10
2102.21 1219.19
2267.81 1219.48
2204.46 1220.36
2289.96 1220.46
1977.49 1221.26
2299.46 1221.51
725.25 1223.64
791.48 1223.82
912.94 1223.59
912.94 1223.59
1514.26 1223.19
2468.45 1223.76
1282.31 1224.25
2314.39 1225.46
2214.83 1226.45
1257.55 1227.25
2527.81 1227.30
1875.43 1228.26
2202.84 1228.46
2441.15 1228.95
1914.73 1229.52
2018.51 1228.96
738.86 1230.22
1110.92 1232.66
1315.71 1232.04
1323.92 1232.02
665.41 1233.95
1523.31 1233.52
2043.62 1233.84
2080.04 1233.47
2370.07 1233.22
2527.07 1234.29
2527.07 1234.29
1272.17 1235.23
2009.41 1235.06
2092.43 1235.46
721.58 1237.20
721.58 1237.20
2325.87 1237.65
2246.28 1238.79
1004.80 1239.87
1178.96 1238.98
2078.16 1239.57
1718.36 1240.93
1312.00 1241.09
2380.52 1241.05
2527.18 1241.50
2094.73 1242.10
707.72 1243.07
707.72 1243.07
1076.26 1243.57
1119.06 1243.13
1665.58 1244.32
2073.02 1244.29
751.05 1245.29
1083.77 1245.21
2244.02 1245.29
1303.29 1246.91
1939.48 1246.69
1963.73 1246.23
1922.19 1247.24
1274.24 1248.86
1862.77 1248.87
2784.98 1248.93
1011.89 1249.65
1907.34 1249.66
1308.70 1251.75
555.84 1252.74
1739.76 1252.98
1946.85 1252.05
1748.91 1253.90
1879.06 1253.24
2382.65 1257.08
2382.65 1257.08
2413.73 1258.77
2020.42 1259.41
2127.99 1259.76
2127.99 1259.76
2109.27 1260.87
1620.10 1264.64
1620.10 1264.64
2487.25 1264.36
2044.62 1265.86
2172.36 1265.79
1915.30 1267.50
851.67 1268.75
1738.60 1268.28
2391.76 1268.30
1929.52 1269.44
618.92 1271.05
935.02 1271.52
1963.66 1272.08
1267.75 1273.37
1277.37 1273.23
653.88 1275.67
1150.90 1275.13
1150.90 1275.13
718.55 1279.35
965.84 1279.61
1280.80 1279.91
1853.58 1279.03
1235.09 1280.84
1235.09 1280.84
1917.04 1281.05
1559.15 1281.21
2291.63 1284.53
2109.95 1285.43
2109.95 1285.43
782.20 1287.31
1870.82 1288.01
2091.68 1287.73
2091.68 1287.73
2368.14 1287.04
1863.14 1288.78
2248.47 1288.79
2160.69 1291.00
751.71 1291.28
676.89 1292.43
743.66 1292.72
1958.52 1292.42
829.79 1295.11
2095.14 1295.17
1869.58 1299.41
1938.59 1299.11
847.64 1301.34
593.05 1303.39
734.46 1303.62
2502.07 1304.92
2446.31 1306.18
2437.37 1307.73
449.92 1308.95
1703.93 1309.47
2499.32 1312.82
1956.38 1313.44
1956.38 1313.44
2286.28 1317.41
642.41 1319.51
2474.77 1319.81
2182.84 1321.53
1363.49 1322.31
1394.47 1322.59
2349.14 1322.46
1293.14 1323.36
1497.54 1322.97
1991.72 1323.19
2056.18 1323.75
606.63 1324.18
2314.50 1324.84
1878.27 1326.69
1878.27 1326.69
1977.98 1326.75
2153.48 1326.54
2139.25 1327.19
2348.09 1329.88
1934.01 1331.06
2401.92 1333.77
2420.76 1333.63
1992.54 1334.56
1992.54 1334.56
636.52 1336.86
1984.72 1336.48
2277.57 1336.64
2277.57 1336.64
1293.40 1337.20
1099.79 1338.38
1924.53 1339.58
2359.04 1339.38
2487.98 1339.28
2262.17 1341.54
811.30 1342.46
639.41 1343.65
1941.09 1343.61
2013.72 1344.38
1902.08 1348.79
2362.96 1348.40
2028.60 1349.54
2291.67 1350.04
2011.93 1351.95
2185.73 1351.77
1295.57 1352.42
2150.90 1355.46
2150.90 1355.46
2332.57 1356.17
2436.84 1357.04
2192.93 1358.51
2442.95 1362.63
1954.41 1363.65
2187.77 1363.57
2203.91 1363.29
2203.91 1363.29
2028.20 1365.37
2136.80 1367.80
461.68 1368.17
1990.92 1369.37
2246.44 1371.16
1951.19 1375.91
1326.12 1376.97
1375.50 1377.33
1931.46 1378.12
2037.89 1378.37
2284.19 1378.56
2269.39 1379.08
2417.91 1379.36
1268.45 1381.06
1291.59 1381.33
1674.67 1381.46
1726.54 1382.15
452.08 1384.07
2233.56 1383.82
1559.46 1385.36
1933.71 1385.19
2158.21 1385.08
2158.21 1385.08
1142.23 1387.02
1153.00 1387.09
1178.87 1388.06
1985.00 1387.71
2026.66 1387.65
2026.66 1387.65
2392.33 1388.07
676.39 1389.81
2046.54 1390.61
1554.39 1391.48
2415.50 1391.39
2415.50 1391.39
1726.14 1393.97
745.51 1396.93
745.51 1396.93
1232.62 1397.76
1546.02 1397.23
1561.88 1398.08
787.15 1399.67
1134.77 1399.58
1363.03 1399.96
1363.03 1399.96
2221.88 1399.87
1721.06 1400.56
1733.36 1400.82
1008.43 1403.34
1039.42 1403.73
1584.14 1404.60
699.45 1405.32
789.94 1406.47
1712.08 1406.66
2157.70 1407.04
782.35 1408.62
1743.91 1409.51
898.17 1410.54
1668.44 1410.17
603.74 1411.37
666.45 1412.73
2128.07 1412.39
816.57 1413.81
832.67 1413.55
1024.32 1413.14
597.26 1415.93
642.50 1416.18
1328.35 1416.68
1318.77 1417.65
1746.09 1417.18
2026.37 1417.52
664.29 1418.54
664.29 1418.54
700.09 1418.54
1418.67 1418.00
2295.32 1419.19
957.83 1420.25
1457.68 1421.70
1479.00 1421.07
1088.25 1423.00
1088.25 1423.00
990.11 1423.85
656.97 1424.45
1827.60 1424.91
1827.60 1424.91
604.96 1425.48
621.44 1425.37
748.83 1425.42
1634.84 1425.29
1658.58 1425.61
2341.04 1425.36
631.26 1426.28
697.84 1426.40
1228.89 1427.03
1544.14 1427.72
2358.41 1427.47
2024.65 1428.75
752.62 1430.64
2176.62 1430.05
1728.16 1431.68
2341.55 1432.33
867.30 1435.44
1832.78 1435.57
2002.64 1435.66
2133.77 1435.28
2233.79 1435.84
837.27 1436.73
2048.39 1436.93
783.19 1437.59
930.41 1437.69
989.86 1438.55
2122.68 1438.15
2186.64 1438.39
733.52 1439.91
900.70 1439.52
1908.97 1439.10
1908.97 1439.10
1599.35 1440.38
2162.05 1440.75
2291.58 1440.68
2520.16 1440.54
654.92 1441.33
1995.64 1441.55
1995.64 1441.55
1025.66 1443.39
1087.60 1443.81
1123.29 1443.24
2050.29 1443.13
2193.63 1443.52
1423.62 1445.60
2274.54 1445.35
592.26 1446.71
1198.32 1446.45
1162.69 1447.98
1268.79 1447.84
1387.09 1447.18
1231.63 1448.60
2411.57 1448.44
1349.84 1450.33
2422.37 1450.65
1309.87 1452.09
2283.52 1452.35
1375.30 1453.40
1396.61 1454.09
1513.81 1456.47
1862.55 1456.61
2443.43 1456.21
819.02 1457.23
819.02 1457.23
2427.48 1457.21
856.74 1458.77
856.74 1458.77
1969.41 1458.35
547.86 1459.68
2209.89 1461.74
2241.00 1461.20
1417.97 1462.06
1698.13 1462.33
541.47 1463.51
978.96 1463.55
1735.67 1463.34
1069.04 1465.07
1972.54 1466.22
2277.79 1466.01
737.48 1470.04
1449.50 1470.20
1090.28 1472.57
1208.19 1472.26
2274.78 1473.72
2450.26 1474.54
1259.35 1475.45
1259.35 1475.45
1360.33 1478.72
1747.61 1480.94
2343.21 1480.05
2451.35 1481.90
2209.14 1483.24
1087.00 1487.32
2272.69 1486.94
1586.73 1488.31
1586.73 1488.31
1153.73 1490.83
1800.61 1490.63
914.65 1491.83
1198.51 1491.85
1031.98 1492.53
2235.97 1494.36
1269.70 1501.74
1171.00 1503.49
2496.59 1503.77
2523.06 1504.36
1248.34 1507.57
1554.42 1509.50
2269.02 1510.67
1605.76 1511.65
1958.98 1511.16
1631.02 1513.32
2375.04 1513.55
2375.04 1513.55
1704.68 1515.42
1946.65 1515.84
1229.95 1516.11
2333.29 1516.55
2339.79 1518.56
2385.88 1521.91
2500.68 1521.72
1552.91 1522.54
2087.51 1523.21
2087.51 1523.21
2042.78 1525.20
2512.34 1526.24
2383.63 1529.68
2340.53 1533.29
1974.95 1536.85
1085.86 1541.94
2040.34 1541.59
2154.12 1541.67
1074.35 1542.61
1156.97 1542.06
2394.89 1542.08
2261.67 1544.48
2057.51 1545.40
2032.43 1546.08
1927.62 1548.45
2328.70 1549.45
2466.80 1551.37
2086.10 1552.23
2378.95 1552.94
2119.06 1554.68
2475.60 1556.99
2096.73 1558.34
2096.73 1558.34
2196.02 1558.20
2494.47 1560.80
2534.04 1560.94
2343.25 1563.62
2343.25 1563.62
2093.53 1564.59
2185.45 1565.38
2423.01 1565.06
2490.16 1566.02
1110.58 1566.45
2074.46 1568.23
1971.11 1569.13
2360.50 1569.08
2360.50 1569.08
2402.82 1570.30
1988.76 1571.64
2392.12 1574.17
2189.51 1575.48
2189.51 1575.48
2360.63 1575.84
2050.80 1577.74
2050.80 1577.74
1226.08 1579.06
2061.05 1579.44
1140.72 1580.23
1152.31 1580.35
2391.13 1580.75
2150.42 1582.80
2147.04 1588.64
2460.57 1589.18
1909.06 1595.47
2341.97 1595.82
2086.16 1596.62
2026.76 1598.14
1922.02 1600.57
1997.75 1600.06
2400.74 1600.20
541.73 1601.85
1936.43 1602.35
1936.43 1602.35
1911.97 1603.23
2045.69 1603.34
2468.77 1604.10
2468.77 1604.10
579.00 1605.77
1611.08 1605.27
2431.88 1605.99
1623.98 1606.58
2004.63 1606.15
2438.15 1606.42
2510.20 1608.68
2081.65 1611.36
2306.14 1611.53
2320.62 1612.56
1628.01 1613.48
2024.25 1612.89
656.69 1613.92
2237.72 1614.44
2114.68 1615.19
1417.54 1617.18
711.37 1619.31
711.37 1619.31
1653.42 1621.94
2267.46 1621.52
773.43 1625.98
2043.61 1626.40
2502.22 1626.33
2264.26 1627.80
2532.15 1627.64
1423.62 1628.45
2178.49 1630.58
2194.44 1631.14
2451.73 1634.75
2501.28 1634.66
2515.13 1634.52
861.36 1635.45
2147.33 1635.23
1943.52 1636.37
2164.66 1636.28
1584.32 1637.15
2171.76 1638.99
908.68 1640.11
1575.26 1641.03
2262.47 1642.81
2262.47 1642.81
2278.50 1642.87
2251.35 1645.06
1985.85 1648.08
2163.96 1649.29
2378.55 1650.65
157.24 1651.40
1461.65 1651.27
2170.84 1652.44
2192.01 1652.47
2301.07 1652.28
429.17 1653.77
821.74 1653.25
2260.81 1654.72
630.44 1655.62
1998.33 1656.40
2234.17 1656.88
2234.17 1656.88
1631.74 1657.68
2101.32 1657.39
2118.51 1657.03
2151.04 1657.16
2367.11 1657.32
434.44 1659.56
2299.83 1660.98
607.15 1663.83
2232.31 1663.67
2315.31 1663.95
1588.22 1664.33
1310.93 1665.37
2399.88 1666.94
1622.05 1668.05
1622.05 1668.05
2170.30 1669.09
2520.38 1670.74
395.73 1671.68
1635.85 1673.17
2271.93 1674.71
2331.16 1674.82
2116.38 1676.74
2324.03 1677.15
830.66 1679.82
1692.52 1679.31
1692.52 1679.31
711.71 1683.28
2081.84 1684.96
2311.39 1685.08
806.07 1688.06
2772.79 1687.17
2266.80 1688.27
823.41 1690.01
1088.86 1689.42
1110.23 1689.63
1588.57 1689.44
622.56 1690.92
1927.33 1690.24
2191.45 1690.27
2191.45 1690.27
1624.29 1691.84
2218.44 1691.24
2218.44 1691.24
2330.32 1691.71
990.25 1692.33
1658.59 1692.79
1658.59 1692.79
2069.30 1692.88
2383.34 1693.70
2391.97 1693.22
2145.19 1694.22
1643.84 1695.43
1643.84 1695.43
1910.36 1695.77
2026.08 1695.00
2026.08 1695.00
2200.99 1695.69
2200.99 1695.69
667.83 1696.94
918.33 1696.38
2250.00 1697.53
1195.79 1698.47
1598.18 1699.76
1122.84 1701.26
1122.84 1701.26
1681.46 1701.49
906.57 1702.71
906.57 1702.71
1075.10 1702.23
1075.10 1702.23
1906.26 1701.95
921.71 1704.85
2361.39 1704.36
2361.39 1704.36
1082.26 1706.02
2473.45 1707.86
2163.25 1708.76
2163.25 1708.76
162.88 1709.09
1348.05 1709.56
1487.64 1714.60
1919.77 1714.52
2191.59 1714.46
2371.09 1714.41
1990.25 1715.54
529.88 1716.78
822.96 1716.32
822.96 1716.32
2156.29 1716.38
2298.22 1717.64
2298.22 1717.64
2403.30 1718.82
2472.21 1718.36
2472.21 1718.36
2382.53 1719.84
2382.53 1719.84
1166.29 1720.16
1721.53 1722.01
877.16 1723.83
2337.45 1723.57
1072.93 1725.01
1072.93 1725.01
1123.50 1724.38
1123.50 1724.38
2765.69 1724.69
921.72 1725.91
921.72 1725.91
2310.61 1725.38
2310.61 1725.38
907.12 1728.09
1166.57 1727.59
1194.73 1727.21
1917.77 1728.11
1091.53 1729.45
1091.53 1729.45
2189.29 1729.95
2408.76 1729.73
1117.44 1732.48
1657.96 1732.42
1657.96 1732.42
1549.93 1735.16
2269.06 1734.46
599.49 1735.35
1039.47 1735.26
2346.92 1735.43
2361.12 1736.38
2523.00 1737.29
1086.61 1739.43
1109.17 1739.57
720.21 1741.54
1961.49 1741.88
2034.10 1740.76
2410.40 1741.91
2113.87 1743.76
2145.38 1748.87
1382.06 1749.34
2161.00 1749.58
2038.30 1750.38
2111.83 1750.60
2111.83 1750.60
647.95 1751.17
647.95 1751.17
805.69 1753.34
820.80 1757.02
2199.24 1755.98
1189.55 1758.27
2083.14 1759.70
2083.14 1759.70
2391.33 1759.58
1123.36 1760.18
1713.87 1761.70
1229.26 1764.25
2322.19 1765.76
795.43 1767.24
2083.44 1767.05
2457.21 1767.65
2051.96 1768.55
1008.26 1770.77
2269.70 1770.34
2332.66 1772.81
2073.67 1773.22
2083.71 1773.89
2432.53 1777.63
2209.38 1780.75
2642.55 1784.55
1104.44 1786.45
2203.29 1786.30
2230.90 1788.60
2316.36 1791.51
1524.62 1792.56
2456.70 1797.71
1974.13 1799.30
1714.54 1800.41
1733.54 1802.58
2459.70 1806.05
2459.70 1806.05
2382.15 1809.09
1567.43 1810.21
1543.78 1813.95
1998.77 1820.94
1834.50 1826.89
2164.45 1834.50
2391.95 1834.56
1122.54 1835.35
2206.71 1841.08
724.12 1842.81
1337.24 1846.12
947.73 1863.35
1587.30 1863.06
923.59 1865.11
1303.34 1865.22
870.85 1868.21
1248.17 1868.77
1268.28 1868.35
1605.95 1868.47
1228.06 1869.52
1237.12 1869.02
1563.78 1869.44
1192.38 1870.95
2573.37 1870.65
1155.42 1871.37
1600.33 1871.69
1084.61 1872.70
1500.06 1873.68
2453.65 1873.55
983.94 1875.85
1004.50 1875.40
973.12 1876.17
1666.37 1876.65
920.02 1877.85
1090.94 1879.02
1076.46 1880.60
2422.88 1880.92
2468.99 1881.46
2005.60 1885.58
1757.57 1888.45
953.75 1897.21
1749.35 1897.85
2442.45 1897.68
2582.53 1897.24
1758.41 1910.54
1797.32 1910.80
976.62 1918.71
969.35 1919.44
920.95 1920.15
788.31 1929.41
788.31 1929.41
893.47 1931.82
1176.48 1942.73
919.95 1944.91
989.11 1949.24
2343.29 1949.37
2594.34 1966.91
2370.44 18.68
2366.51 45.65
2390.88 56.29
2289.67 60.89
2232.39 65.68
2426.41 77.50
2137.99 96.12
2070.98 102.43
2140.09 104.18
2051.08 106.73
2171.54 108.27
2036.78 126.97
1976.45 128.60
2015.15 128.48
2061.83 131.93
2309.03 132.23
2047.04 134.41
2474.51 135.72
1730.64 136.57
1760.99 139.25
1927.99 140.19
2129.67 146.92
2360.21 149.64
2431.75 149.15
1542.33 151.34
1980.34 151.29
2022.52 152.09
1467.74 154.73
1476.81 154.32
1458.95 156.82
1295.55 157.45
1926.64 157.60
1625.63 158.85
1060.19 159.19
1167.97 159.70
2325.94 158.99
1847.51 160.27
1593.83 164.83
1918.39 164.53
1007.89 166.79
1688.24 168.61
706.71 169.21
718.66 171.59
2220.65 171.42
842.71 174.47
1616.37 174.22
1587.46 176.63
1144.47 177.73
1459.90 177.48
2002.31 178.57
2227.26 178.45
698.77 179.38
698.77 179.38
716.72 180.36
2165.38 180.24
2285.42 180.56
847.87 182.30
2049.72 182.33
1002.96 183.39
1157.16 183.10
1985.87 183.09
976.61 184.31
976.61 184.31
1845.60 186.06
800.91 190.13
1132.09 190.57
2049.28 190.94
2184.14 190.84
2184.14 190.84
1873.30 191.18
1090.00 193.06
1399.84 193.23
812.00 194.92
1391.24 195.49
2431.43 197.10
1411.66 198.48
1490.46 199.35
2049.76 199.68
1873.32 200.08
1873.32 200.08
1573.59 201.36
1688.50 202.60
1840.81 202.13
1322.30 203.03
1538.58 204.46
1806.93 204.31
1862.26 203.81
876.57 205.62
1725.88 206.76
2071.67 207.35
898.62 210.52
898.62 210.52
1096.71 210.98
1990.55 211.52
1608.67 213.11
2342.49 213.87
1775.71 214.07
1826.70 218.02
2117.52 218.28
889.11 219.78
1051.33 219.76
1188.79 221.71
1735.94 221.96
1039.38 223.23
1976.67 223.93
809.73 224.67
2262.72 225.34
1258.02 227.69
2117.25 226.86
2308.80 227.46
1118.00 228.25
1444.73 228.39
854.03 229.53
2298.56 230.98
1231.78 231.76
1231.78 231.76
2197.12 236.28
1090.71 237.06
2045.06 238.27
1504.30 239.98
1662.43 239.23
1662.43 239.23
2083.35 240.07
2083.35 240.07
1912.49 242.27
1215.58 243.60
2102.38 243.34
1982.83 244.80
1608.43 245.12
1625.24 246.75
2090.94 246.74
754.15 248.04
2152.77 251.74
1034.80 252.32
1979.70 253.91
905.30 255.51
905.30 255.51
2392.25 255.12
1343.01 257.40
2372.90 259.31
2301.58 260.73
2154.54 261.50
1850.51 262.21
2172.89 262.36
810.67 263.31
874.00 263.31
1712.25 263.49
1838.79 264.50
798.48 265.47
1259.97 265.95
2078.07 267.62
1015.66 271.10
1482.33 271.00
1605.36 270.42
2358.43 270.05
1534.23 271.53
1948.57 271.37
1948.57 271.37
2152.02 271.82
1754.61 273.06
2098.96 272.81
2205.72 273.82
1256.83 278.70
2051.12 279.37
1105.37 279.94
1105.37 279.94
1569.21 280.25
1844.15 280.15
686.22 281.18
2039.26 283.91
2165.06 283.89
2228.88 285.81
2228.88 285.81
2357.43 285.78
1892.50 289.34
786.16 291.13
786.16 291.13
1812.62 293.24
2336.78 293.60
1761.09 296.95
844.45 297.24
2075.81 300.30
1785.32 303.04
2251.68 302.48
779.63 304.56
1004.90 304.59
1030.13 304.95
1467.12 306.74
2115.95 307.11
1962.54 308.73
1962.54 308.73
982.58 309.74
935.17 310.15
935.17 310.15
2265.40 310.30
2265.40 310.30
1810.21 314.09
2071.34 313.94
1003.17 314.50
871.42 321.66
1334.74 321.25
2124.70 321.13
1717.84 322.13
1929.40 323.85
968.34 326.59
968.34 326.59
1781.66 327.67
1781.66 327.67
1543.53 328.74
1688.38 331.31
1322.37 334.94
1972.89 335.04
1768.64 337.20
2408.35 336.82
760.26 337.39
729.55 338.81
1998.94 340.90
882.87 341.56
1346.55 343.25
1521.57 342.67
1966.59 342.83
1966.59 342.83
704.12 343.18
813.82 342.96
982.33 343.80
685.41 346.35
2128.03 346.79
920.83 347.65
2060.05 346.82
2060.05 346.82
2362.11 348.20
2337.75 349.89
2156.89 350.65
789.62 351.39
884.74 352.08
1710.11 352.35
1710.11 352.35
2053.42 353.54
1050.64 354.12
2175.61 356.31
655.02 358.98
872.71 358.13
2247.23 359.47
1952.15 360.60
2145.77 360.90
1921.90 361.90
701.86 362.78
2332.52 362.31
2294.56 365.89
1680.48 369.37
1204.13 370.38
2477.22 372.30
1219.77 375.47
2085.01 375.28
954.13 377.32
1233.28 379.43
2357.51 379.04
2357.51 379.04
1931.47 380.21
667.42 381.02
1973.45 382.22
1249.74 384.27
1263.11 387.73
1944.90 387.74
1806.97 388.65
931.73 390.14
1781.29 390.31
875.17 391.69
1742.47 391.93
1742.47 391.93
2252.30 392.39
2174.49 393.36
1966.40 394.69
748.79 394.92
2203.86 395.85
860.72 396.89
1004.08 396.59
726.93 398.44
926.49 398.82
926.49 398.82
2131.90 401.50
2131.90 401.50
2441.09 401.68
1702.66 402.11
2175.99 402.64
1962.76 403.66
868.49 404.69
701.46 405.89
701.46 405.89
904.23 405.77
1991.81 405.82
1764.37 406.42
1743.72 406.88
727.22 408.03
727.22 408.03
1214.30 409.91
2145.15 411.61
1931.45 413.57
1703.19 414.18
1721.93 414.52
857.70 415.94
1920.04 415.79
723.15 417.00
2256.68 416.26
1643.78 417.76
2435.20 417.33
1834.05 422.00
2080.23 421.94
846.82 423.45
1197.32 423.04
1648.53 424.13
1886.73 425.49
2061.83 425.56
1509.02 428.55
1178.68 429.08
851.94 430.47
977.03 430.72
1664.50 430.96
1664.50 430.96
2472.67 432.10
798.08 433.33
1754.94 434.54
2112.44 434.44
2127.91 435.20
1631.84 437.78
2061.12 437.49
806.82 438.40
1742.20 438.22
1764.96 438.06
1764.96 438.06
934.98 439.60
1670.57 440.46
1872.45 440.29
2357.03 443.97
2016.72 445.83
1538.36 447.35
1277.28 449.19
1366.84 450.11
1780.12 450.47
2466.53 450.66
757.42 451.21
1973.15 451.77
950.10 452.26
2017.29 453.39
1713.91 456.55
1230.74 461.64
2397.80 461.71
2397.80 461.71
2017.26 462.23
2116.75 462.15
1941.79 465.28
908.60 467.39
2321.85 467.31
2110.16 469.86
1864.77 471.46
2332.00 471.44
2332.00 471.44
1691.62 472.69
2013.64 472.22
2013.64 472.22
2083.19 473.85
654.80 475.69
2381.01 475.94
2007.03 479.99
2345.37 479.20
2357.73 479.95
1976.49 480.03
806.92 481.01
657.54 483.71
657.54 483.71
838.11 483.88
824.56 484.63
824.56 484.63
1954.52 485.16
693.95 486.49
1784.02 487.42
2127.03 488.23
2255.60 487.22
2255.60 487.22
1582.45 491.72
2324.45 491.20
2324.45 491.20
1919.72 492.23
1827.96 494.45
2465.85 499.56
2465.85 499.56
1579.84 500.49
1803.53 500.93
791.16 501.71
2321.22 503.05
1940.11 503.25
2419.57 504.07
2261.28 506.24
2261.28 506.24
1830.39 509.80
1895.70 510.26
2005.05 511.48
1850.92 512.18
2229.33 513.46
2229.33 513.46
2038.89 514.34
1833.72 518.88
743.21 519.76
1359.82 519.91
1680.20 520.14
2141.33 521.20
2172.02 524.84
2009.62 525.29
2009.62 525.29
2057.91 525.32
2214.75 526.02
1890.41 527.54
2999.90 527.06
1359.51 532.49
1809.31 533.49
1892.26 534.93
1618.15 535.17
2339.13 535.88
1762.37 540.01
2387.83 539.89
807.43 541.74
1989.87 542.22
2218.21 544.34
1739.19 545.97
872.24 546.47
1636.05 548.47
2225.09 548.56
2225.09 548.56
844.39 550.61
1983.17 550.78
785.18 551.84
1711.53 550.90
1940.79 551.19
594.59 552.47
2430.21 554.94
1854.20 558.52
780.85 561.69
1845.70 561.41
800.80 562.07
2406.31 563.14
1930.20 565.44
1819.34 565.89
2475.50 567.47
2475.50 567.47
1922.51 573.75
1352.25 574.08
1386.92 574.14
836.79 577.16
1370.15 578.09
961.25 580.49
1731.50 581.33
1731.50 581.33
721.68 582.76
644.44 586.94
698.34 588.01
698.34 588.01
1102.64 589.47
2285.84 589.90
1812.94 595.53
2268.53 596.40
2268.53 596.40
2316.06 596.55
2149.04 599.60
2149.04 599.60
2010.22 600.56
1688.06 602.07
1781.00 603.90
2074.09 604.69
2074.09 604.69
2415.95 605.76
2290.96 607.40
1348.01 608.59
905.99 609.27
1359.23 609.60
1813.00 610.68
2114.48 610.98
1706.26 611.84
1312.38 614.56
2448.72 614.58
2448.72 614.58
1751.73 615.81
2164.40 615.49
2164.40 615.49
2239.82 616.21
2227.49 617.86
1741.01 620.03
2148.11 619.95
971.32 620.57
2271.99 623.55
2289.96 625.26
1389.33 626.20
2162.21 626.59
1617.43 629.37
2185.00 632.93
1608.74 633.87
1752.89 634.32
2288.54 634.61
1275.63 638.10
1384.72 638.03
2021.15 637.39
1872.41 638.81
1766.11 641.13
1648.43 643.42
1102.73 644.66
2487.71 644.60
2017.59 648.07
1801.67 649.31
2032.22 650.47
2388.92 652.06
2388.92 652.06
1056.53 653.58
1777.90 655.22
2064.11 655.47
1333.55 656.16
1370.05 657.89
1085.18 659.97
1106.21 662.82
1848.07 662.54
1806.13 664.38
1832.40 667.54
907.60 671.27
706.33 672.83
2463.89 674.58
1821.23 676.14
1760.62 677.61
711.17 679.95
711.17 679.95
2489.15 680.64
1932.21 681.13
2421.24 682.92
1130.63 684.32
1304.40 684.16
1756.80 685.07
2426.25 689.60
2479.13 691.19
671.09 694.40
2218.87 694.77
2457.40 695.26
885.66 696.45
885.66 696.45
686.14 701.54
2164.70 701.05
2378.49 701.32
1847.46 702.87
2216.01 703.64
2360.81 706.38
1356.02 708.69
2066.11 713.85
2066.11 713.85
2123.61 713.09
826.19 714.36
1064.19 714.85
1064.19 714.85
1115.02 714.33
1763.74 714.27
1747.74 715.19
811.34 719.05
1719.81 717.85
704.07 727.30
1151.08 727.97
2109.09 729.77
2298.17 734.60
872.84 735.28
1978.69 736.85
2375.57 737.86
2139.26 742.97
682.25 743.21
682.25 743.21
1505.61 745.70
2335.60 745.87
755.93 753.37
635.59 756.10
2059.66 758.59
1242.99 761.79
690.71 763.29
1963.57 764.36
2380.35 765.97
1689.39 768.83
676.80 773.97
1116.18 774.47
2286.36 777.96
1820.80 781.62
1922.52 783.70
1794.11 784.88
2331.43 784.87
755.42 784.97
1687.83 787.17
718.25 788.64
2472.84 793.42
755.65 794.92
755.65 794.92
2521.16 794.76
1833.89 795.68
2389.69 795.27
1788.18 804.17
2338.03 805.64
2195.31 806.88
2281.43 806.16
2316.52 807.85
1653.70 810.74
2376.15 810.46
1216.50 811.12
2112.28 811.21
2365.08 811.29
2168.87 813.16
1853.23 816.49
2373.03 818.91
1151.13 820.72
897.79 822.42
2450.61 832.79
740.69 834.62
2460.70 838.66
876.71 839.49
2132.81 839.57
2483.93 841.05
2448.44 843.60
2435.68 848.25
2435.68 848.25
2061.08 849.62
2471.59 850.82
2471.59 850.82
938.58 851.70
1021.10 853.63
1300.69 857.41
1893.12 857.53
2433.89 857.08
2498.97 860.27
1930.86 863.45
2303.96 864.52
2303.96 864.52
771.71 865.27
2317.67 865.46
1832.28 866.81
1974.43 866.76
1856.02 868.48
781.72 869.79
1959.16 869.42
704.18 870.99
1488.68 870.53
1488.68 870.53
1934.78 871.56
1458.10 872.04
2301.37 873.72
768.98 875.45
2320.20 875.08
2320.20 875.08
727.69 876.86
752.13 879.84
2395.17 882.25
1463.69 883.34
1463.69 883.34
1811.30 883.21
2221.82 884.41
1799.65 885.26
1951.30 885.80
1786.66 887.97
2438.84 887.48
2193.75 890.17
805.42 891.02
805.42 891.02
2136.18 894.38
2266.31 894.10
2354.69 894.70
994.39 897.51
2374.55 899.51
2374.55 899.51
2016.19 902.73
2016.19 902.73
872.15 905.20
2251.84 906.36
2070.53 908.88
874.47 913.39
874.47 913.39
2342.71 914.47
2006.78 917.96
2343.08 930.60
721.20 931.07
835.55 931.16
835.55 931.16
2486.66 931.64
2512.00 932.20
2512.00 932.20
2150.68 933.58
2265.54 935.77
2150.14 941.85
2083.07 943.51
2083.07 943.51
628.90 944.01
2337.15 944.18
1977.35 946.17
1359.58 948.53
2195.32 950.25
2195.32 950.25
1326.76 952.02
2025.35 953.24
2127.99 953.88
777.05 953.93
734.63 956.45
1112.29 958.53
2081.11 962.99
700.91 965.52
2292.43 968.17
2292.43 968.17
1366.65 973.33
2786.39 972.10
2081.35 976.12
2081.35 976.12
671.79 978.06
1112.59 977.42
1360.54 980.35
2141.17 980.21
2407.85 980.58
1561.13 983.29
1204.63 986.86
1014.76 987.91
1905.64 991.58
703.50 994.37
2034.83 994.51
814.44 997.38
1551.59 997.60
2394.35 999.05
2497.12 999.06
2413.35 1000.81
677.00 1002.99
1704.24 1003.11
1458.58 1006.40
2389.38 1006.68
2337.02 1009.10
715.12 1013.33
2514.83 1014.93
698.99 1015.28
2033.24 1015.68
2344.46 1016.04
2361.01 1015.84
2262.48 1016.17
2329.47 1016.48
2329.47 1016.48
2023.33 1017.49
645.80 1018.43
733.42 1018.59
733.42 1018.59
561.32 1019.07
2181.26 1020.72
2412.98 1020.31
626.06 1024.80
1997.91 1025.13
1536.49 1025.04
2433.12 1026.69
2135.35 1027.81
2135.35 1027.81
2227.73 1028.65
2476.51 1029.70
2359.90 1029.82
2311.78 1031.40
733.08 1032.59
733.08 1032.59
1356.03 1033.70
1904.71 1035.32
1551.04 1037.19
1521.58 1038.92
1521.58 1038.92
1927.77 1039.91
2279.65 1038.53
943.98 1040.64
1509.56 1040.23
1578.77 1042.72
2387.28 1044.26
1551.39 1045.39
2333.87 1046.52
1518.18 1047.81
2030.13 1047.39
1508.47 1048.35
1941.52 1048.24
2174.31 1048.73
2217.74 1050.37
1903.01 1051.14
2531.10 1050.98
1592.66 1052.77
1557.57 1053.59
2313.41 1055.58
2089.67 1056.32
2251.67 1057.57
1500.63 1059.79
2002.65 1060.37
1111.33 1062.66
1111.33 1062.66
1379.42 1063.71
2089.52 1064.79
798.99 1067.00
1234.63 1067.12
1234.63 1067.12
2148.82 1067.47
2148.82 1067.47
760.90 1068.21
2083.56 1071.19
1975.16 1073.28
929.73 1074.60
646.77 1076.26
2006.88 1075.89
1025.03 1078.55
1331.22 1079.41
1036.90 1079.71
2086.10 1084.61
798.15 1089.26
996.55 1090.99
1469.31 1091.43
1458.75 1094.33
1102.63 1096.85
2443.01 1096.27
2509.74 1096.61
1545.34 1097.62
1524.98 1099.17
1459.12 1102.93
2496.45 1102.66
2496.45 1102.66
935.20 1110.01
717.14 1112.78
2124.71 1115.96
678.67 1118.07
1542.36 1117.80
1542.36 1117.80
1392.42 1118.24
2475.38 1119.01
2219.36 1122.85
1699.07 1123.57
1516.33 1126.28
2496.31 1130.44
1967.78 1132.93
1986.65 1132.47
1986.65 1132.47
2258.27 1132.91
1977.56 1133.76
2218.31 1138.61
2405.27 1138.84
1032.37 1139.37
922.01 1140.58
1128.75 1141.48
2255.20 1141.31
2255.20 1141.31
2168.78 1143.20
1547.14 1147.63
1617.00 1149.18
1383.75 1154.73
1383.75 1154.73
1519.73 1154.76
2237.65 1154.28
1611.35 1157.46
1724.60 1157.30
1391.57 1158.22
1541.12 1159.63
1562.71 1160.93
1562.71 1160.93
1852.71 1160.52
1977.89 1160.21
2285.90 1161.32
2233.06 1162.89
2233.06 1162.89
1915.98 1164.17
2052.85 1163.26
2380.96 1164.91
2301.80 1167.51
1044.37 1168.28
1530.89 1169.92
1960.23 1169.72
1074.98 1170.19
1074.98 1170.19
1542.71 1170.23
2049.84 1171.05
2256.14 1170.13
1196.63 1171.33
2213.78 1172.88
2004.76 1174.63
2023.72 1174.18
1460.47 1175.59
2302.86 1177.27
2040.59 1178.60
1205.54 1179.10
2348.82 1180.70
737.89 1181.66
1852.47 1180.89
1915.70 1183.03
2143.76 1187.07
1338.90 1190.05
1365.66 1189.07
456.67 1190.31
945.95 1191.82
1698.72 1192.72
2528.91 1192.93
2528.91 1192.93
2453.32 1193.00
2233.08 1194.12
2470.64 1197.43
2032.46 1203.28
1570.12 1207.13
1992.32 1208.13
2397.61 1208.73
2525.46 1208.12
1149.75 1209.04
1164.04 1209.80
1952.73 1211.12
1952.73 1211.12
2099.16 1211.21
1849.81 1216.61
1221.43 1217.90
1945.90 1219.31
1954.01 1219.67
2073.28 1219.80
2397.90 1219.09
2397.90 1219.09
2493.97 1219.49
2178.20 1221.69
2232.25 1221.49
1928.10 1222.40
2273.62 1225.40
1748.90 1226.81
949.82 1227.52
1271.39 1227.11
1970.60 1229.35
2387.74 1229.28
2051.20 1230.55
2051.20 1230.55
2081.61 1233.13
1898.68 1233.18
2118.23 1233.10
1371.92 1234.41
1909.25 1234.67
1331.50 1235.92
2313.51 1235.54
649.12 1236.42
2230.11 1237.66
881.80 1239.06
1351.02 1239.59
1927.99 1240.82
2011.35 1243.17
2496.11 1243.65
759.00 1244.11
2179.55 1244.40
1880.33 1245.03
1609.81 1250.71
2088.45 1250.12
1165.55 1251.59
1665.09 1252.49
1959.00 1252.86
2362.19 1252.86
780.15 1252.79
1717.47 1253.52
1974.82 1254.49
1890.72 1256.22
1890.72 1256.22
2086.47 1258.53
2233.83 1259.79
2445.70 1262.85
2458.46 1262.39
774.30 1263.44
1655.05 1264.50
2501.79 1264.65
2819.15 1264.46
2819.15 1264.46
972.33 1266.97
2206.22 1266.32
2795.62 1269.08
2493.64 1269.57
2129.82 1274.96
2129.82 1274.96
2253.70 1274.30
2253.70 1274.30
2010.16 1275.71
2479.69 1276.64
2479.69 1276.64
847.22 1277.13
1340.89 1277.55
2717.12 1277.43
2368.31 1278.74
1351.38 1279.83
2070.05 1279.35
2070.05 1279.35
2336.35 1280.28
2402.21 1280.70
2402.21 1280.70
2529.06 1280.58
766.43 1282.38
1091.18 1283.25
1091.18 1283.25
1100.50 1283.73
2121.07 1283.52
2414.68 1284.37
1143.89 1285.23
707.30 1286.51
723.92 1286.43
2074.36 1286.99
2168.97 1287.17
2168.97 1287.17
2480.20 1288.31
2480.20 1288.31
2128.66 1290.07
2499.15 1290.11
2499.15 1290.11
766.53 1291.21
1707.81 1291.51
2289.79 1292.92
1072.80 1293.12
2387.15 1294.02
2436.56 1298.50
2423.73 1299.35
2387.20 1302.73
2267.01 1303.49
2525.24 1303.76
2289.05 1306.73
2336.18 1306.64
2240.21 1307.72
1870.32 1309.45
2293.34 1309.23
2275.55 1310.40
675.97 1311.44
2226.46 1312.85
2186.38 1314.35
1883.12 1315.32
2025.69 1317.39
1922.28 1320.86
461.19 1321.77
1969.70 1322.49
2126.39 1325.59
645.03 1327.93
660.91 1333.56
2302.24 1335.08
1673.60 1336.59
1395.92 1337.26
1775.25 1337.56
1950.53 1340.97
841.20 1343.09
2196.94 1343.62
1767.98 1344.83
1288.12 1345.38
1390.33 1345.78
581.56 1352.91
594.49 1353.24
685.76 1353.92
1937.30 1353.64
2135.56 1353.16
1958.04 1356.77
2359.74 1356.97
2376.21 1358.68
2142.87 1360.43
2221.86 1361.25
2152.18 1365.23
2255.04 1365.45
2352.10 1368.19
2444.09 1370.70
1982.78 1371.54
1982.78 1371.54
457.63 1375.99
1007.32 1377.17
1503.92 1377.96
1993.33 1378.84
673.66 1380.55
1910.82 1381.50
1394.51 1382.13
1394.51 1382.13
2144.53 1386.54
766.25 1390.99
2036.66 1390.57
2136.28 1390.75
856.91 1392.26
2190.74 1393.19
2352.96 1393.57
2434.37 1393.37
978.45 1394.05
1148.88 1394.40
459.15 1395.81
1962.08 1395.02
2265.44 1396.44
1252.83 1398.66
1912.76 1398.92
819.17 1399.74
1124.92 1399.09
2343.70 1399.26
451.11 1400.68
941.40 1400.29
1873.04 1401.94
1893.98 1401.80
2186.36 1401.27
2186.36 1401.27
1114.59 1403.95
1114.59 1403.95
625.34 1406.28
1903.77 1406.41
2312.71 1406.66
2389.63 1406.34
1949.17 1407.63
2351.70 1407.92
1120.78 1409.60
1120.78 1409.60
1198.24 1410.45
1591.79 1411.43
1804.55 1412.27
616.21 1413.21
616.21 1413.21
1487.01 1413.48
2384.54 1413.71
2384.54 1413.71
550.83 1414.11
807.53 1415.11
2442.95 1414.85
2442.95 1414.85
1624.80 1415.70
783.67 1416.65
1284.45 1417.60
1997.97 1418.10
1308.53 1418.89
2229.93 1419.13
2229.93 1419.13
1388.04 1423.92
1622.69 1424.28
2284.43 1425.90
2301.33 1425.88
2301.33 1425.88
677.06 1426.72
1125.13 1427.44
1942.23 1427.89
2048.54 1429.03
2048.54 1429.03
2140.38 1428.13
1555.92 1429.20
2414.22 1431.62
1993.33 1433.22
1736.69 1434.65
2213.02 1437.35
2354.65 1436.99
2354.65 1436.99
578.04 1441.49
578.04 1441.49
1982.43 1442.25
2237.00 1443.85
2486.78 1445.50
2538.86 1447.47
1907.67 1448.14
816.72 1449.41
584.53 1450.30
1597.59 1450.30
2265.14 1450.49
2329.75 1450.61
2329.75 1450.61
574.52 1451.58
863.10 1451.89
863.10 1451.89
2234.95 1452.22
1735.60 1454.01
2217.40 1453.89
2413.69 1455.63
1470.88 1457.96
753.87 1461.37
1120.68 1461.79
741.01 1462.26
1781.38 1462.09
1363.50 1463.47
1650.32 1463.85
1204.86 1464.56
1983.72 1465.18
945.44 1466.29
1570.30 1468.70
2186.49 1468.93
599.72 1469.19
753.65 1470.63
1527.98 1470.85
1955.12 1470.27
1955.12 1470.27
1073.52 1471.25
779.97 1472.16
2295.65 1472.79
2206.35 1473.42
611.50 1476.48
1934.44 1476.01
2246.41 1475.88
2432.32 1475.91
1236.24 1478.00
2371.27 1478.72
1250.42 1479.18
1410.36 1479.89
1410.36 1479.89
2267.46 1480.48
2444.26 1481.45
2290.81 1486.35
1165.73 1490.32
1208.53 1490.74
1713.23 1491.31
2009.14 1491.96
1260.59 1493.43
1260.59 1493.43
1581.20 1494.54
1129.57 1496.18
1001.37 1497.18
1022.09 1498.16
1059.20 1499.90
1983.85 1503.64
1507.56 1505.68
982.31 1506.14
1236.34 1507.73
1581.58 1508.10
1648.63 1511.72
2030.79 1511.87
2322.00 1511.27
2524.73 1513.38
2064.68 1515.14
1956.10 1516.97
1956.10 1516.97
2110.62 1520.56
2488.77 1520.34
1943.49 1522.87
435.52 1523.00
1632.54 1526.59
2132.33 1530.31
1739.37 1531.86
425.56 1533.17
2184.39 1535.61
2398.90 1535.58
1942.14 1539.02
2434.37 1539.41
1142.90 1543.07
1190.36 1542.04
2169.54 1542.34
2069.60 1544.66
2069.60 1544.66
2446.06 1544.22
2227.59 1545.85
1626.27 1546.40
2435.52 1548.01
2497.50 1551.06
2539.12 1552.95
1959.30 1554.15
2055.30 1555.05
2055.30 1555.05
2081.12 1557.88
435.26 1561.00
2359.36 1560.65
2430.56 1560.19
2061.05 1563.70
2474.40 1565.83
2273.04 1566.47
2290.78 1567.20
1559.67 1568.42
2169.79 1568.53
2194.83 1568.77
2285.34 1574.13
1934.35 1575.61
2520.53 1581.44
995.75 1582.51
450.57 1584.17
2102.45 1587.30
2102.45 1587.30
442.14 1589.87
2497.13 1589.89
1921.57 1590.17
2069.04 1589.78
2508.23 1591.83
2175.41 1595.64
1188.01 1598.65
2013.19 1598.41
2475.24 1598.81
2508.56 1599.94
1111.84 1600.41
2145.49 1600.42
2264.89 1599.82
2152.83 1600.98
2525.59 1601.93
2027.89 1606.72
204.27 1607.81
2149.37 1609.21
2048.53 1610.29
2294.36 1610.56
2282.45 1611.85
2343.57 1611.27
1990.37 1612.62
2540.22 1612.53
2000.16 1613.33
2000.16 1613.33
1651.75 1614.84
1651.75 1614.84
1457.57 1615.30
2122.44 1616.12
2213.39 1616.17
2375.73 1617.00
1402.66 1620.17
2281.11 1620.71
619.58 1622.84
2119.63 1623.83
2442.32 1624.85
1413.63 1625.53
2209.72 1625.18
2225.46 1625.29
1432.56 1627.29
2543.38 1626.69
2398.40 1628.94
2124.94 1633.89
2526.55 1633.74
1554.44 1634.48
2371.95 1636.18
2390.45 1636.80
1349.40 1639.47
1113.18 1640.25
2123.09 1642.97
2123.09 1642.97
2343.06 1642.83
2759.71 1646.94
2335.97 1650.88
1116.10 1651.23
1700.99 1651.40
420.94 1652.90
2290.51 1653.85
2290.51 1653.85
2330.90 1657.39
2738.31 1657.58
1487.97 1659.69
2210.17 1661.41
1971.73 1662.92
233.23 1663.41
2546.75 1663.25
615.30 1666.78
1671.33 1666.57
1681.65 1668.25
2467.08 1668.58
1304.50 1669.78
2502.45 1670.83
2369.27 1673.31
2164.01 1675.14
2164.01 1675.14
2466.57 1677.13
1003.50 1679.98
562.15 1682.74
1014.60 1682.37
1176.38 1683.32
2246.43 1683.59
2170.97 1684.20
2275.65 1686.78
1291.58 1687.63
613.37 1690.12
613.37 1690.12
1564.71 1692.64
1925.61 1697.46
1623.03 1699.40
1043.64 1701.07
2331.59 1701.20
1570.93 1701.87
1191.74 1706.09
707.40 1707.01
628.58 1707.78
1168.90 1707.12
1390.45 1707.55
2091.76 1707.79
1678.91 1709.65
2198.58 1709.19
840.85 1710.75
1553.75 1710.22
1978.52 1712.96
2022.63 1712.28
2226.33 1712.41
2226.33 1712.41
2243.01 1714.23
802.62 1714.18
2255.87 1714.69
2550.03 1714.52
1963.16 1715.88
1587.75 1717.56
1587.75 1717.56
2171.22 1718.63
2412.87 1718.38
2412.87 1718.38
2426.08 1719.31
1357.55 1720.15
1926.72 1721.05
2019.14 1720.52
2019.14 1720.52
2243.29 1722.57
1029.99 1723.18
2419.64 1726.87
2170.20 1728.64
1157.54 1729.54
2017.66 1729.28
1628.58 1734.55
1908.58 1734.59
2152.24 1735.51
613.00 1737.83
1154.53 1738.29
2170.10 1737.89
1043.94 1742.31
2078.84 1742.51
1374.46 1743.09
2479.47 1743.27
1627.44 1745.31
1627.44 1745.31
1649.69 1746.54
1955.57 1747.88
2070.90 1750.22
2070.90 1750.22
2432.56 1750.53
2474.19 1751.51
2378.13 1752.52
1927.41 1754.34
430.71 1755.14
2484.39 1757.02
2217.02 1757.64
812.47 1758.76
1955.45 1758.07
1381.52 1759.01
2197.88 1764.01
2311.04 1763.81
1211.99 1764.75
2069.35 1764.79
2480.13 1766.13
1033.59 1767.27
1122.63 1768.11
1381.24 1769.27
1533.45 1769.79
2363.13 1770.55
1057.86 1772.30
2302.10 1773.43
2477.29 1773.83
539.51 1774.31
539.51 1774.31
1114.13 1776.14
2458.53 1776.05
554.86 1777.07
1082.97 1777.16
2422.32 1777.93
852.48 1780.76
852.48 1780.76
1540.95 1780.39
2326.96 1780.12
2464.43 1784.94
607.61 1785.33
1112.81 1785.79
1083.11 1786.90
1083.11 1786.90
1479.97 1786.60
1479.97 1786.60
1516.01 1787.04
2438.05 1787.23
2438.05 1787.23
1465.85 1788.82
1604.75 1788.20
2283.45 1789.97
1624.48 1790.48
1693.07 1790.05
1693.07 1790.05
2694.78 1791.75
2429.02 1792.44
664.87 1795.14
664.87 1795.14
1915.27 1796.98
985.63 1797.90
1080.22 1797.94
2284.56 1797.63
2360.43 1797.54
1802.85 1798.23
699.26 1800.86
2484.89 1801.35
2254.98 1803.58
723.50 1804.98
723.50 1804.98
1774.11 1805.32
565.21 1806.12
2366.18 1806.05
1975.68 1808.19
1503.64 1809.76
1985.70 1810.41
1948.91 1811.94
1965.72 1813.68
2376.20 1813.39
781.33 1814.76
1977.91 1816.55
2552.39 1816.25
1429.18 1826.21
1264.58 1829.89
1264.58 1829.89
890.45 1833.65
890.45 1833.65
1174.49 1833.75
2838.21 1833.16
1107.29 1835.79
1133.15 1834.88
1029.41 1837.99
2176.46 1837.98
2197.68 1839.22
928.62 1839.10
928.62 1839.10
1493.49 1841.91
1351.94 1843.29
2178.22 1851.27
2178.22 1851.27
2298.05 1851.97
783.63 1854.31
1231.11 1862.37
1197.43 1863.78
1151.04 1864.86
1103.27 1865.21
1114.86 1865.16
1394.78 1869.88
1214.14 1870.42
1464.72 1871.78
887.16 1872.90
1143.43 1872.29
901.50 1874.47
1623.61 1875.31
2671.21 1875.72
2361.01 1877.12
1453.72 1879.33
1632.05 1881.71
2611.55 1881.02
910.07 1881.72
910.07 1881.72
935.90 1889.48
632.64 1890.61
2480.88 1894.35
2036.01 1896.98
1696.58 1899.93
1212.38 1900.43
2448.45 1912.57
1191.25 1919.68
561.95 1921.77
1258.57 1923.11
677.28 1923.67
677.28 1923.67
2449.99 1923.89
1197.05 1929.80
1004.14 1930.56
2438.34 1938.71
995.55 1940.97
2439.40 1956.81
2629.79 1998.20
2351.11 71.35
2206.74 82.80
2194.39 93.73
2093.71 95.82
2370.26 96.98
2359.84 100.84
2185.90 105.91
2440.08 106.43
2201.54 109.89
2114.13 117.75
2143.02 122.21
1907.87 125.01
2322.17 150.78
2412.20 153.61
1984.66 160.66
2292.60 160.09
1671.89 162.61
833.47 165.61
1461.01 167.34
866.83 167.87
1381.36 169.14
1294.27 170.08
1836.72 171.29
1187.16 172.85
2043.66 171.47
2366.81 171.29
997.34 175.26
997.34 175.26
1909.52 173.95
1931.19 175.85
1278.90 181.57
2183.10 180.19
1400.20 182.06
1641.82 183.24
987.96 188.21
1310.17 188.61
2293.01 188.51
1275.85 191.05
1605.44 191.11
1796.47 197.28
1297.05 199.09
1100.28 200.55
891.14 202.84
1744.07 208.79
1825.73 208.75
2429.95 208.67
1303.68 210.21
1818.38 211.11
1146.53 213.38
1241.78 215.84
2047.93 216.91
967.60 221.74
1758.47 222.10
2032.40 225.36
2050.43 227.21
2050.43 227.21
1146.08 228.63
1724.40 228.84
2130.60 230.33
2130.60 230.33
2062.71 232.87
2027.71 236.46
2197.09 236.42
1774.05 241.36
1067.18 243.17
1467.26 243.61
1594.12 244.96
1178.30 247.95
1873.27 248.44
1159.11 253.73
1736.15 253.68
2005.39 256.47
2323.74 255.56
2359.52 257.01
2359.52 257.01
1604.06 259.67
886.64 264.92
886.64 264.92
1586.40 265.18
1827.30 263.80
2224.98 266.97
2224.98 266.97
1861.81 269.93
1861.81 269.93
1026.59 274.75
2319.15 275.20
911.94 277.56
911.94 277.56
947.24 276.55
947.24 276.55
2233.99 275.90
820.46 283.17
2186.69 289.76
1782.63 292.79
2047.12 292.07
2047.12 292.07
2326.19 292.70
899.91 293.86
812.25 295.67
1690.95 296.91
2204.07 296.34
2204.07 296.34
959.62 299.12
1999.31 298.03
2199.42 309.60
2127.69 311.88
2127.69 311.88
1033.83 314.45
1370.30 314.91
1105.88 316.23
1394.17 316.94
1678.76 316.52
1783.09 316.24
962.74 318.76
2507.71 318.47
2078.17 322.18
1795.42 324.54
2113.04 325.04
1095.48 326.31
822.24 333.18
1393.53 331.55
975.54 334.80
2009.74 334.49
1931.37 335.80
1593.79 337.92
1090.75 339.86
1357.85 344.78
1954.84 348.58
1996.06 352.97
2127.08 356.85
2127.08 356.85
1887.11 357.76
1603.22 360.97
2099.42 362.16
1708.26 365.48
2375.62 366.09
2355.88 368.63
2004.68 370.21
658.79 372.62
2103.26 373.01
1009.31 376.91
745.54 378.60
1759.78 379.11
1759.78 379.11
2060.63 381.26
870.63 381.89
769.35 383.95
603.00 386.04
1855.05 387.18
2203.82 395.80
2100.50 399.35
1661.44 401.46
1661.44 401.46
1465.90 403.16
1465.90 403.16
1934.01 402.58
1934.01 402.58
1980.92 403.05
2131.82 401.51
1593.34 405.08
1444.41 407.99
2248.73 409.50
295.77 410.32
663.90 409.95
663.90 409.95
2067.67 410.49
2194.33 409.95
2129.76 413.11
2129.76 413.11
1252.42 415.90
1252.42 415.90
1283.79 418.59
306.29 422.05
306.29 422.05
1361.19 422.83
2115.12 423.21
2166.78 422.49
1634.77 427.61
1873.04 430.14
2075.62 429.84
1777.12 432.08
2034.37 434.27
1055.96 439.20
1099.71 437.75
1836.25 440.06
2433.05 440.10
971.95 442.71
2035.54 444.67
2035.54 444.67
779.12 449.30
1263.57 448.68
1736.04 449.03
2406.86 448.24
1126.61 450.42
1126.61 450.42
2424.28 449.99
1684.11 451.99
2390.97 452.30
1743.32 457.41
1586.02 461.05
1671.43 461.70
1729.01 462.94
839.69 472.61
2056.59 475.84
2345.43 479.06
2332.18 481.25
2223.98 486.12
815.28 488.01
1115.37 488.31
1871.27 488.23
798.58 492.20
1813.22 492.56
2489.25 492.84
779.25 494.64
1948.53 494.32
1987.68 494.10
2108.94 494.95
2195.25 494.65
1907.16 497.92
981.57 501.15
981.57 501.15
2295.92 499.49
597.85 502.58
1600.93 503.35
916.12 508.43
1644.81 508.58
756.11 510.76
2302.32 509.64
1656.83 515.22
2215.05 515.41
2259.28 516.58
715.70 519.54
1864.53 519.86
2122.07 521.55
1844.39 521.97
1827.77 530.41
1796.56 532.39
1408.65 535.75
2030.85 541.14
2387.93 540.18
1360.15 542.80
1360.15 542.80
972.01 545.05
1790.78 543.93
1279.44 546.63
1773.09 546.93
1885.99 545.78
2252.02 548.65
1950.36 551.79
1950.36 551.79
1838.51 553.53
1053.84 561.36
1178.86 569.73
1946.05 570.45
729.58 571.59
2408.48 572.99
2408.48 572.99
2049.80 575.70
2192.56 578.65
971.30 592.48
1734.56 592.58
926.34 594.04
1332.81 595.00
1534.01 594.45
1534.01 594.45
1813.99 594.75
1790.01 595.78
1396.57 598.94
1396.57 598.94
1754.29 598.96
2288.55 598.11
2288.55 598.11
1709.40 601.97
1709.40 601.97
1730.53 603.04
1755.44 613.39
2064.03 614.82
1383.01 616.89
2459.89 621.48
1298.06 623.39
1698.69 626.90
467.20 629.31
978.66 628.85
1014.86 633.99
1317.10 635.29
2075.47 634.84
1328.43 637.69
2116.27 654.82
1095.17 660.83
2254.66 660.23
2254.66 660.23
2381.77 662.27
1337.50 664.26
2359.85 664.07
1789.98 671.54
2352.12 675.00
1126.80 675.95
2132.38 677.20
2132.38 677.20
1099.28 680.48
1066.11 682.29
1788.95 682.82
1788.95 682.82
1932.80 682.06
2097.25 682.33
2097.25 682.33
2123.66 686.65
1376.35 690.60
2001.14 691.29
1102.05 693.14
1333.66 695.38
1708.81 698.65
1777.90 707.58
740.90 710.08
2309.14 710.91
1774.74 717.52
1093.84 720.15
2082.65 719.68
2082.65 719.68
2335.54 721.31
896.44 722.27
873.22 726.26
873.22 726.26
1368.88 728.69
1101.88 730.50
2108.34 729.97
2142.88 730.01
2264.50 731.29
2264.50 731.29
1126.58 737.08
694.13 748.80
694.13 748.80
1179.91 749.39
1179.91 749.39
1164.56 751.20
2055.62 749.28
2055.62 749.28
2148.50 751.41
2074.17 751.93
2074.17 751.93
2284.73 755.62
718.31 764.05
1252.03 767.62
2478.22 766.16
1934.34 771.14
1170.08 774.33
1679.34 776.96
1940.80 780.33
1875.18 783.73
1922.31 783.73
1864.29 794.02
2211.95 794.56
829.34 798.81
923.39 802.41
2328.31 802.87
1251.79 807.64
2091.80 809.57
2091.80 809.57
2297.73 817.44
1872.70 818.01
2193.34 818.38
2403.03 817.51
2268.08 821.44
1194.24 823.88
2057.09 826.03
2182.77 831.70
2170.05 836.61
2046.32 838.40
1176.99 846.74
2018.80 850.34
2495.30 849.33
2495.30 849.33
1781.57 855.08
2048.10 857.13
1855.75 858.02
1479.63 864.33
1479.63 864.33
1949.51 863.59
1949.51 863.59
782.03 869.84
2497.91 870.89
1165.70 873.38
1874.48 873.19
1833.09 875.76
1833.09 875.76
2177.22 875.45
2028.86 877.67
1400.46 881.28
2504.69 880.24
2337.01 882.60
2484.87 885.27
2087.75 887.06
1831.05 888.52
2310.08 891.76
1722.43 891.83
2215.85 891.91
2030.08 901.09
2030.08 901.09
2390.57 901.66
1146.67 914.64
1125.04 916.65
2359.94 922.11
1139.33 925.79
1978.50 926.41
2258.15 926.97
2299.76 927.20
2321.67 927.14
2363.14 932.52
739.94 944.89
1525.02 948.48
2156.00 951.43
1993.98 952.85
2057.89 954.64
2346.44 959.43
734.58 965.85
2145.97 969.05
2162.51 969.37
873.37 969.73
1925.76 972.16
2384.99 975.05
2384.99 975.05
1383.28 985.64
2024.77 988.67
821.66 991.00
821.66 991.00
1722.72 993.25
1004.02 994.79
1115.73 995.95
1373.18 996.61
2394.77 999.15
1330.11 1000.75
676.77 1002.68
1472.24 1002.93
1009.67 1005.43
1122.78 1003.71
1122.78 1003.71
1020.05 1011.20
1710.97 1009.52
2030.99 1011.60
2044.09 1013.68
2317.57 1014.59
1121.58 1019.02
2193.69 1018.91
2350.55 1025.79
1969.02 1033.48
2388.50 1032.61
1103.33 1034.81
2279.82 1038.78
978.93 1042.56
2189.58 1042.86
2237.72 1053.49
1026.76 1053.81
1116.25 1054.99
2187.36 1054.42
2187.36 1054.42
2432.40 1060.41
2432.40 1060.41
2270.24 1062.87
1122.82 1064.37
2182.38 1064.70
1956.81 1071.43
1219.86 1077.21
2121.94 1077.14
1996.08 1078.80
2184.87 1077.91
2218.70 1091.92
1774.17 1098.31
1002.82 1101.03
704.73 1102.81
1559.84 1108.98
1932.61 1110.83
1932.61 1110.83
700.02 1114.88
2209.01 1116.15
2346.11 1115.93
929.60 1121.65
1362.00 1121.09
1362.00 1121.09
1561.33 1120.81
1561.33 1120.81
1887.92 1125.25
2512.79 1124.38
1994.08 1125.90
1570.28 1129.21
1028.94 1129.83
2473.81 1131.66
1236.58 1138.67
685.70 1143.52
696.59 1146.80
672.04 1149.85
1373.78 1153.72
1570.16 1151.94
1570.16 1151.94
1986.28 1152.96
1986.28 1152.96
1329.85 1153.99
2144.85 1155.45
1996.49 1156.28
1351.98 1159.68
728.74 1164.82
718.42 1168.17
1562.48 1172.80
1988.77 1174.64
2397.78 1176.89
2463.13 1177.39
2463.13 1177.39
1362.54 1179.93
2113.84 1183.34
748.12 1187.43
2158.30 1186.47
1944.69 1191.07
2357.06 1191.29
2379.39 1190.87
2478.93 1191.04
2177.71 1193.70
2106.74 1195.73
1101.96 1199.37
2368.66 1198.12
2368.66 1198.12
1210.05 1205.25
1373.06 1204.74
1332.03 1206.42
1392.31 1210.81
2177.45 1210.11
1931.84 1212.36
2215.49 1215.66
2215.49 1215.66
1564.36 1219.48
1209.78 1219.45
2188.82 1221.75
1200.08 1223.96
2422.42 1226.55
2449.78 1226.88
750.70 1236.06
750.70 1236.06
1216.89 1236.46
2026.67 1236.64
2300.38 1236.34
1169.20 1242.14
2000.46 1241.51
1474.68 1244.17
768.60 1247.44
2482.17 1247.22
856.16 1248.52
2000.56 1252.54
435.05 1254.76
1134.67 1254.10
1466.46 1254.96
1489.19 1258.60
2515.17 1258.74
1501.75 1260.17
730.09 1261.99
1131.82 1264.53
1898.68 1263.63
1552.07 1268.09
2083.76 1269.26
2083.76 1269.26
2509.19 1273.07
824.65 1274.27
2415.83 1274.54
1761.90 1277.08
2010.33 1276.02
1362.51 1278.31
2160.55 1280.38
2179.63 1284.28
2179.63 1284.28
2564.41 1294.18
697.68 1296.10
2031.86 1296.70
2043.51 1296.42
647.98 1302.15
2040.25 1307.23
2358.45 1307.13
702.65 1309.30
714.64 1310.15
2492.35 1309.01
1055.96 1310.25
1967.77 1310.35
2422.70 1310.62
2464.11 1311.32
2378.04 1312.14
2378.04 1312.14
2275.22 1319.44
2296.13 1325.74
614.79 1339.75
1889.62 1339.72
2454.82 1341.03
1659.89 1342.76
2212.84 1342.73
2239.00 1342.63
1969.72 1343.97
1969.72 1343.97
2142.85 1344.78
2303.43 1344.34
602.21 1346.80
694.32 1345.63
861.95 1351.21
1992.68 1353.21
2360.06 1357.08
2275.20 1357.67
2275.20 1357.67
2293.39 1361.15
2330.63 1365.89
1895.05 1371.54
2118.71 1371.11
2023.14 1372.64
2341.77 1372.22
1792.61 1379.50
779.41 1387.28
808.07 1392.16
840.76 1392.12
1282.70 1400.62
1369.70 1401.49
1369.70 1401.49
1142.94 1405.23
1553.92 1404.09
2237.10 1404.80
740.64 1407.33
1210.81 1407.26
1610.86 1406.32
1362.37 1409.39
1413.81 1410.69
1916.89 1411.74
1426.62 1415.09
1981.83 1413.90
2230.26 1418.86
541.89 1420.70
814.78 1420.64
1952.34 1419.61
2039.60 1420.27
2039.60 1420.27
2052.84 1420.08
866.10 1422.15
2419.70 1422.05
793.15 1424.10
1980.54 1424.66
2447.00 1424.93
2447.00 1424.93
2475.27 1426.92
1379.11 1428.52
821.13 1436.60
1424.34 1439.92
943.57 1439.86
2165.37 1440.69
2252.52 1441.05
2205.61 1442.92
748.91 1446.92
748.91 1446.92
677.77 1450.02
677.77 1450.02
2159.13 1450.09
1990.97 1452.88
987.72 1456.99
2013.78 1456.80
825.31 1464.74
1109.57 1466.52
1264.82 1466.75
586.26 1468.64
2216.14 1468.74
795.14 1472.87
652.77 1474.28
1560.35 1475.02
1363.28 1476.63
1864.31 1477.32
1712.18 1478.41
2224.86 1481.16
1529.28 1483.22
2018.20 1483.12
1940.57 1485.36
2249.36 1487.27
2187.06 1487.33
1228.74 1489.69
2110.09 1494.26
2201.03 1495.45
962.03 1496.31
1715.77 1500.97
1077.17 1502.52
2466.80 1505.08
1160.18 1506.89
2064.41 1514.78
2462.54 1515.00
848.92 1517.81
2364.37 1523.41
2397.71 1525.11
673.59 1527.09
1570.44 1526.66
2102.43 1529.16
2121.50 1530.43
1710.94 1533.18
2283.43 1535.30
414.83 1540.75
2128.56 1540.16
894.55 1542.69
2276.17 1542.84
998.53 1545.04
2203.86 1544.57
2309.30 1545.24
2288.50 1547.75
1938.06 1551.40
2305.35 1554.92
2451.79 1558.19
555.69 1560.03
605.42 1564.45
1500.21 1565.55
1538.82 1564.40
1580.38 1568.80
692.17 1572.27
1961.25 1572.42
458.27 1575.34
707.22 1574.00
740.24 1577.02
2520.06 1581.38
862.29 1588.25
1973.42 1591.04
2406.60 1592.53
1943.08 1593.90
2257.21 1605.44
2257.21 1605.44
2243.48 1607.44
2742.61 1613.02
2137.60 1616.17
2421.12 1617.02
2033.27 1617.73
2311.28 1620.79
2311.28 1620.79
1556.79 1623.11
416.16 1625.64
2371.93 1625.96
2279.29 1630.06
456.97 1636.94
633.67 1635.64
2108.50 1637.84
2442.82 1637.84
2198.16 1640.28
1101.60 1642.14
1101.60 1642.14
385.13 1647.76
1206.86 1650.47
2033.24 1650.90
2242.35 1649.76
2543.25 1652.28
2276.97 1655.55
2231.57 1666.24
2379.75 1668.13
2379.75 1668.13
1174.99 1673.82
2429.89 1674.90
1587.74 1676.68
2133.95 1676.32
2133.95 1676.32
1297.85 1679.14
1625.71 1679.35
2395.44 1682.22
2256.72 1687.95
2162.88 1699.82
2232.00 1702.34
2289.38 1709.51
2421.00 1708.94
1564.24 1713.08
2279.97 1716.24
1909.63 1721.53
1469.93 1723.28
1555.48 1721.95
1555.48 1721.95
1596.75 1724.92
2153.97 1726.25
2296.02 1729.36
2477.78 1728.58
1027.47 1731.44
1565.79 1732.12
2220.53 1736.02
2220.53 1736.02
2376.99 1735.84
2042.55 1738.64
2015.85 1740.84
1911.33 1744.50
2400.24 1744.42
2216.90 1746.37
1213.43 1756.02
2060.48 1756.29
2456.55 1759.26
1057.93 1760.82
2044.39 1759.70
2277.60 1763.39
1168.01 1766.09
2210.69 1765.84
2117.45 1767.86
2117.45 1767.86
2128.53 1769.49
1072.15 1770.00
1503.43 1772.19
1647.65 1774.33
2175.70 1775.35
1523.33 1777.98
2242.83 1791.91
2255.13 1793.52
2391.13 1794.22
1761.79 1797.23
2297.95 1797.97
2313.71 1800.16
1957.11 1804.49
1550.69 1807.63
2497.82 1811.72
2497.82 1811.72
2064.83 1827.62
2064.83 1827.62
938.57 1831.31
1505.80 1833.60
2141.25 1836.90
2187.56 1845.05
2385.20 1851.76
1531.01 1856.42
1492.98 1860.94
1492.98 1860.94
2381.17 1861.48
1542.25 1864.27
2405.33 1863.77
1016.48 1868.07
1661.38 1868.67
2100.39 1873.77
2100.39 1873.77
2414.12 1874.76
2873.69 1874.36
1258.84 1876.96
1998.09 1876.45
2486.16 1876.44
873.99 1878.68
1960.36 1877.62
2435.08 1879.25
2510.12 1878.58
2579.94 1878.80
1987.18 1881.36
1235.09 1886.05
1686.12 1890.46
1286.63 1895.89
2068.23 1895.60
1727.13 1904.57
2150.84 1909.83
2602.20 1911.75
1232.58 1921.52
2633.50 1922.23
975.61 1926.00
2284.66 1936.97
1096.37 1943.79
2327.56 1945.53
2462.70 1946.16
2361.51 1954.32
2540.09 1965.90
2548.26 1984.83
2594.60 1985.81
2571.55 1995.80
2606.13 1996.65
2257.63 89.28
2096.06 112.47
2099.64 127.43
1832.24 144.84
2227.87 164.89
1229.50 165.82
1967.28 165.88
1366.97 174.87
2419.86 178.32
2274.71 180.13
1416.51 186.68
1774.15 186.03
2142.89 194.32
1148.55 196.41
1617.58 197.69
1311.76 201.67
1311.76 201.67
2184.71 203.77
1503.15 206.95
1503.15 206.95
1759.33 206.06
1172.59 207.65
2129.47 215.58
2067.30 220.96
1742.95 231.34
1453.03 239.63
2124.53 244.20
2079.54 247.03
1537.26 256.15
650.81 258.69
650.81 258.69
2139.13 273.90
987.02 275.69
1508.51 274.53
2459.97 278.98
610.65 280.90
2032.64 284.28
1502.84 288.75
1502.84 288.75
1303.58 297.52
610.91 301.05
2219.29 302.79
1960.98 305.64
1960.98 305.64
1699.30 309.53
997.51 312.25
984.99 322.37
1555.35 330.38
1053.34 333.95
2070.29 336.12
1771.96 344.26
779.09 346.63
779.09 346.63
1176.73 352.87
769.99 358.09
2171.65 358.80
2171.65 358.80
2398.09 380.58
1875.04 382.03
2005.22 382.99
2005.22 382.99
1667.55 386.64
2376.63 386.75
298.29 387.79
2174.11 388.07
676.07 391.47
676.07 391.47
1985.28 391.32
1985.28 391.32
1281.05 395.51
1281.05 395.51
1486.53 408.47
1486.53 408.47
1947.22 409.28
1361.03 411.34
1900.38 411.93
1412.34 416.72
1583.97 416.18
1700.79 418.33
868.15 419.74
1515.56 420.94
1209.15 425.82
1610.09 427.86
1821.29 436.58
1750.69 445.58
2070.60 444.84
1810.70 448.43
1698.37 449.62
1600.88 455.24
2122.72 461.63
602.11 465.82
927.75 468.40
860.14 476.65
860.14 476.65
1907.20 482.89
1989.54 482.16
2339.19 491.56
1850.89 496.22
1572.30 502.28
2332.26 502.74
799.47 504.02
1382.51 512.94
2242.14 514.94
2242.14 514.94
2191.41 520.99
1622.43 524.17
2142.30 530.73
1339.43 533.41
2178.70 534.82
2238.08 534.83
1653.92 540.68
2132.82 542.00
1464.04 548.47
1261.27 549.37
1385.61 551.30
1656.14 553.83
1656.14 553.83
2235.90 554.14
2325.37 553.69
2325.37 553.69
849.92 560.11
1674.76 562.17
2170.32 564.03
1648.50 565.50
2021.14 566.55
1786.09 568.83
2252.16 568.90
2252.16 568.90
1167.84 571.30
2001.75 571.92
1868.36 582.40
1868.36 582.40
2013.44 581.72
2013.44 581.72
1747.79 585.23
1710.92 586.59
1710.92 586.59
2073.93 592.05
2191.58 592.17
788.17 595.36
1520.37 600.33
959.82 606.53
2215.04 608.71
1332.04 616.05
1351.85 627.57
811.82 632.96
1793.71 639.25
2050.95 637.81
2229.35 638.48
1296.10 646.78
1383.34 649.41
1979.18 650.89
1979.18 650.89
1745.82 654.60
1941.63 661.39
619.81 666.78
1928.23 672.22
1804.35 680.33
1804.35 680.33
885.95 682.46
1076.69 687.90
1498.20 688.20
1546.95 691.18
589.05 692.01
1517.62 692.81
1517.62 692.81
1874.34 692.29
861.18 700.17
892.75 708.95
1705.07 713.35
1819.84 714.96
817.03 723.03
935.34 722.11
2306.41 721.38
788.25 724.34
1698.06 726.36
2156.73 729.20
2282.97 728.65
2282.97 728.65
805.43 731.09
725.73 732.04
748.35 733.06
2322.75 732.30
640.93 736.32
1197.18 736.26
2275.45 741.96
698.42 773.61
2355.91 776.45
2490.39 784.20
845.47 790.67
1897.92 790.77
2058.45 790.04
1647.20 799.20
695.68 801.07
2215.51 808.22
682.60 811.96
2141.61 816.90
2344.43 821.39
1272.20 822.31
987.79 829.62
2292.39 828.92
1185.62 832.70
2412.11 833.27
884.70 833.47
2064.05 835.10
2293.04 844.69
1173.64 859.50
1392.02 869.42
1764.92 874.54
1445.21 876.86
1381.10 883.45
656.46 895.94
1717.05 902.54
1963.87 915.82
1949.28 917.28
1949.28 917.28
702.69 929.78
2065.64 933.06
577.00 933.73
2222.16 940.10
2042.55 944.78
2042.55 944.78
2125.69 943.63
1881.29 959.95
1881.29 959.95
1921.26 961.00
662.46 966.85
662.46 966.85
2335.97 968.37
714.15 970.53
1193.46 970.20
2311.68 975.08
662.39 984.72
1313.73 994.17
1535.59 1003.50
1136.16 1009.35
2390.99 1010.41
2168.43 1014.44
2292.05 1019.47
2332.49 1031.94
2332.49 1031.94
1534.57 1036.78
2349.04 1038.81
2349.04 1038.81
2018.12 1043.31
2132.17 1046.38
2293.60 1046.36
2275.92 1050.90
2275.92 1050.90
743.20 1053.00
1236.75 1053.35
1919.28 1060.32
2303.83 1080.40
2404.46 1087.42
620.84 1090.98
1025.45 1091.78
1713.16 1097.95
2099.47 1103.53
2099.47 1103.53
1534.12 1106.37
1716.71 1114.57
2383.08 1135.27
1583.43 1136.29
2417.62 1136.79
2344.52 1142.61
1180.72 1143.94
1313.26 1144.15
2362.42 1145.75
648.77 1148.47
899.60 1148.30
899.60 1148.30
565.23 1154.39
1135.41 1155.51
1088.03 1155.67
1174.99 1158.20
2367.58 1160.53
2458.80 1161.85
2309.92 1168.99
2341.80 1168.79
2287.35 1172.39
1183.53 1174.88
1183.53 1174.88
2359.34 1175.14
564.25 1178.27
2204.38 1181.30
1152.62 1186.00
1901.26 1189.32
869.39 1189.85
1204.59 1191.34
1204.59 1191.34
912.83 1191.31
1254.06 1193.14
1155.42 1199.53
1976.54 1202.80
2053.93 1201.88
894.79 1205.34
2380.30 1206.63
2029.62 1214.39
2092.50 1219.72
686.02 1227.39
613.49 1232.74
547.75 1241.46
2139.63 1250.98
1854.44 1254.70
1101.43 1255.39
1748.21 1258.87
1304.60 1263.07
2098.09 1262.27
2098.09 1262.27
1872.83 1267.12
2178.81 1268.54
2524.23 1268.82
2277.75 1272.83
1293.80 1277.50
2388.47 1279.25
1748.20 1281.61
558.46 1282.88
2039.32 1284.69
2058.09 1292.53
710.76 1296.94
2345.50 1299.10
661.59 1302.97
2072.16 1305.18
1918.90 1308.81
2397.38 1311.70
2066.32 1317.29
2142.50 1319.19
2081.61 1330.15
2081.61 1330.15
2473.41 1343.40
834.10 1352.26
1293.78 1355.41
2072.10 1358.84
1922.03 1360.47
996.45 1368.58
996.45 1368.58
1251.01 1368.36
1251.01 1368.36
1068.33 1369.79
1068.33 1369.79
552.76 1381.61
830.57 1381.42
850.41 1381.25
850.41 1381.25
2351.58 1386.24
2351.58 1386.24
2465.71 1398.01
759.17 1401.20
1404.27 1403.73
1814.23 1404.05
1177.15 1406.28
1792.67 1406.62
589.89 1408.90
2058.47 1408.31
1270.60 1412.47
2018.53 1416.76
550.60 1431.32
2033.80 1431.72
2033.80 1431.72
2181.99 1433.41
2236.92 1431.68
1266.87 1433.78
1919.15 1437.70
1919.15 1437.70
2471.72 1438.95
2034.71 1447.12
1198.71 1451.40
1198.71 1451.40
1253.87 1449.55
1253.87 1449.55
1914.45 1451.23
2098.09 1450.81
586.89 1455.46
2206.22 1457.95
2526.85 1465.40
636.52 1471.12
1218.22 1479.33
2474.63 1493.60
2215.10 1494.78
2330.67 1498.95
2356.54 1500.03
1041.88 1502.00
2109.47 1507.73
1987.36 1514.47
1987.36 1514.47
2094.60 1513.49
2168.43 1519.97
2265.56 1520.98
1021.51 1522.65
2199.03 1522.03
1525.65 1525.33
2489.06 1531.75
2308.59 1533.46
2308.59 1533.46
1539.18 1539.05
635.13 1541.79
2116.92 1542.10
975.14 1546.48
1678.75 1547.50
1916.59 1546.26
2178.16 1547.01
1697.12 1548.10
1721.75 1548.69
591.81 1551.13
789.93 1552.55
1364.61 1551.50
1766.11 1552.24
1300.51 1556.12
695.17 1559.30
842.92 1558.42
1269.15 1561.92
1717.02 1562.84
850.91 1572.20
896.04 1576.55
1732.73 1576.56
1984.25 1580.60
1629.18 1583.22
1232.76 1588.63
1159.33 1589.52
908.24 1591.84
921.39 1591.83
985.92 1592.31
1598.64 1600.74
2131.33 1600.47
2058.63 1602.01
2192.77 1607.15
1556.44 1609.68
2174.84 1617.83
2109.19 1623.22
2174.43 1631.58
1985.72 1635.96
2062.03 1636.05
1975.41 1643.41
1555.93 1645.87
1181.92 1648.33
1482.25 1648.86
2054.46 1650.35
1722.58 1660.76
425.22 1663.99
2472.56 1666.14
2000.90 1669.03
2306.87 1672.28
2771.85 1676.75
1202.59 1683.88
627.62 1692.53
2404.20 1694.90
2404.20 1694.90
1560.68 1698.54
1484.43 1702.32
2072.14 1705.61
1548.62 1712.94
1576.71 1714.91
1726.53 1713.74
2074.93 1720.14
2074.93 1720.14
2136.14 1720.96
2211.44 1721.54
2382.04 1722.75
2457.31 1722.93
2457.31 1722.93
2440.15 1723.64
2093.33 1731.04
1291.87 1732.34
2404.24 1732.56
1999.61 1734.36
2251.46 1734.20
1309.45 1743.36
2516.63 1758.71
2291.88 1764.82
2145.23 1766.13
1896.06 1773.80
1454.00 1781.20
2394.35 1782.78
1097.81 1785.62
989.51 1787.37
1536.72 1791.45
2446.35 1803.03
1938.47 1810.04
1825.98 1820.73
1515.84 1823.72
1791.41 1829.28
2114.58 1833.93
2114.58 1833.93
1527.02 1836.88
2231.81 1835.81
2165.33 1839.28
2165.33 1839.28
774.90 1844.63
2738.67 1851.69
1569.19 1854.61
1553.58 1855.82
2349.57 1857.50
2349.57 1857.50
2714.63 1860.06
877.44 1862.06
933.64 1868.39
959.30 1868.92
1917.17 1872.63
2562.30 1874.40
2629.61 1875.72
1687.02 1878.50
1798.87 1885.14
1201.09 1896.29
1201.09 1896.29
2485.42 1896.67
2640.49 1900.03
1765.08 1907.66
1169.87 1914.12
1169.87 1914.12
1246.65 1929.62
952.03 1934.97
2690.27 1954.69
2456.39 1975.89
2418.63 86.35
2321.19 135.15
2045.02 150.64
1217.25 180.91
1217.25 180.91
2201.72 197.90
2357.75 201.36
2357.75 201.36
1595.08 209.96
1437.62 214.22
1010.07 217.43
1792.08 220.98
1472.10 229.01
2419.12 251.23
1653.07 253.28
2034.88 251.95
2335.70 266.75
1974.87 271.13
1691.97 278.63
1641.21 280.98
848.00 283.65
1530.05 286.22
997.81 290.97
1270.25 294.66
611.04 326.47
937.40 327.66
937.40 327.66
1286.40 329.62
1640.75 332.93
1553.62 347.88
1553.62 347.88
2041.93 349.26
2041.93 349.26
1165.63 364.90
2448.16 370.22
1688.68 396.14
1392.60 407.13
1179.44 409.69
1593.06 436.30
1556.94 452.22
887.92 454.97
2040.81 459.93
1628.78 468.47
1592.44 477.73
1997.70 478.47
1458.37 491.91
1826.24 502.67
2363.80 502.87
1959.51 506.05
1437.79 525.15
2222.44 527.85
1679.43 533.51
2069.15 534.25
1962.14 540.56
2101.42 547.97
1741.38 566.16
1865.15 566.25
642.13 571.90
642.13 571.90
597.09 595.83
1669.72 596.47
1800.75 601.15
1285.93 609.53
2146.87 617.29
2146.87 617.29
1268.37 621.44
1285.95 632.73
2259.05 640.01
2114.60 639.61
1699.80 651.10
1588.08 666.58
1874.86 677.34
2418.18 677.59
1131.79 696.99
2334.00 704.08
865.03 713.37
1165.75 735.65
588.28 752.03
1978.24 752.73
2496.02 768.44
2496.02 768.44
586.29 777.40
2358.32 792.64
2446.01 817.98
2153.54 848.93
1531.68 852.05
2028.86 862.82
1503.60 874.73
580.26 884.64
2146.56 883.77
2209.39 909.76
2180.71 923.66
1006.05 924.48
2125.77 924.45
1182.60 942.71
1893.10 942.91
954.60 949.01
1246.86 967.84
933.66 989.21
719.07 990.59
2313.69 1000.60
2335.88 1001.89
2000.94 1010.16
2000.94 1010.16
1932.42 1018.00
1102.17 1021.51
573.33 1042.87
2319.26 1041.71
2051.38 1047.81
2083.71 1052.65
815.70 1062.66
1934.58 1070.44
1980.76 1070.96
1904.96 1071.81
2030.54 1071.83
1934.36 1086.97
980.71 1087.73
1964.60 1088.05
1737.00 1096.63
1737.00 1096.63
902.17 1106.67
1370.45 1105.96
912.05 1125.92
912.05 1125.92
2464.69 1146.55
2058.82 1148.01
874.76 1150.55
1970.51 1152.83
1116.59 1156.65
770.32 1164.99
876.70 1170.93
1465.75 1172.60
2170.63 1174.13
1227.38 1183.68
2155.47 1200.79
780.69 1216.33
1237.46 1232.75
778.20 1234.84
2214.45 1235.89
862.82 1237.90
2372.27 1244.04
1369.86 1262.79
684.04 1272.25
2201.73 1279.44
1692.01 1303.45
2110.79 1311.25
2010.26 1320.19
2328.57 1319.95
2217.40 1331.24
2217.40 1331.24
2243.68 1331.09
558.19 1332.08
2164.41 1350.22
2327.00 1351.38
779.31 1365.39
822.80 1365.83
865.69 1366.15
1304.58 1370.89
1304.58 1370.89
1434.59 1371.20
1487.91 1372.01
1657.31 1376.39
1657.31 1376.39
1542.60 1388.49
1569.32 1389.69
1715.19 1391.35
1166.43 1392.06
1736.21 1392.89
2071.55 1393.00
877.21 1404.50
747.22 1418.90
680.15 1433.32
1816.16 1434.52
2325.80 1435.97
835.49 1441.04
2079.92 1445.68
2131.09 1448.66
1531.51 1457.21
2281.00 1459.09
2005.50 1470.16
2398.52 1498.91
2398.52 1498.91
2247.92 1516.37
2247.02 1532.89
2247.02 1532.89
2297.48 1535.88
2090.13 1540.73
2090.13 1540.73
2248.92 1549.23
1494.54 1579.73
1585.34 1583.48
1608.83 1581.99
1608.83 1581.99
621.20 1597.19
1535.69 1603.56
1676.40 1603.29
926.15 1607.09
1573.66 1605.69
2438.55 1626.13
2035.47 1636.04
183.55 1637.78
2210.16 1642.08
443.14 1648.42
2032.31 1665.63
2264.39 1667.24
2061.78 1671.07
2061.78 1671.07
637.45 1676.87
637.45 1676.87
2046.28 1678.14
798.07 1680.73
798.07 1680.73
661.46 1681.86
994.13 1683.95
2150.57 1688.68
1978.17 1693.76
1978.17 1693.76
787.36 1697.24
1672.42 1698.55
2044.86 1722.76
2044.86 1722.76
2273.11 1728.72
2124.29 1734.28
2463.59 1740.02
1209.51 1742.57
990.73 1746.49
2267.66 1746.76
2240.59 1747.88
2002.18 1753.13
1177.06 1753.96
1177.06 1753.96
1023.72 1756.76
2182.60 1759.78
2255.53 1763.15
2237.38 1765.12
2349.58 1776.04
1705.60 1777.64
1527.81 1805.07
932.24 1814.03
1772.28 1818.20
640.57 1821.43
709.16 1833.49
2229.91 1850.73
2229.91 1850.73
924.15 1852.14
2317.42 1855.35
2455.55 1862.57
2447.51 1885.76
2714.81 1895.12
2551.93 1899.02
983.18 1907.56
983.18 1907.56
962.51 1919.94
962.51 1919.94
1033.92 1924.00
2578.71 1935.48
2371.90 1938.72
2449.01 1949.43
2534.45 1962.78
1945.38 156.54
852.07 173.30
837.36 237.87
1867.31 238.69
1035.52 243.39
1889.30 247.67
971.00 263.60
971.00 263.60
1572.32 263.14
1655.63 298.72
1655.63 298.72
1692.46 305.93
843.46 325.41
612.27 326.21
1366.31 329.78
1979.13 340.16
2433.92 356.80
2433.92 356.80
713.79 374.05
713.79 374.05
1919.02 383.50
1919.02 383.50
1679.51 427.51
2097.96 442.73
809.66 469.28
1213.52 470.62
1966.99 469.37
1966.99 469.37
1169.37 482.36
1127.22 493.85
1778.25 492.75
1778.25 492.75
2224.82 494.27
1084.59 505.34
1041.28 516.28
1766.18 517.18
1788.03 514.55
865.35 540.27
865.35 540.27
2611.88 582.75
2222.87 588.25
1738.22 626.24
1557.89 644.90
791.15 647.99
1560.47 668.76
1531.72 682.22
1960.45 691.27
1533.82 708.47
677.08 721.16
2209.36 719.11
2129.68 738.70
1111.35 757.77
995.76 789.48
1675.45 791.26
1675.45 791.26
2449.88 796.06
2484.84 815.18
1467.06 821.37
1540.60 823.46
2065.36 857.62
986.64 862.43
1525.41 877.62
1525.41 877.62
1254.85 882.69
1004.10 898.73
2248.13 905.95
2301.50 905.66
1252.29 909.97
738.72 917.66
1909.53 940.64
2330.63 950.27
1047.36 962.33
1318.87 969.23
2014.98 969.53
1947.55 970.79
576.62 1011.01
715.66 1021.01
1212.43 1021.81
1352.31 1022.25
2438.23 1020.98
2258.87 1034.55
1101.90 1044.26
1316.57 1064.88
1085.19 1101.89
1103.30 1118.01
1103.30 1118.01
1741.45 1118.11
1369.68 1142.12
2195.88 1139.56
2508.47 1142.17
2018.97 1146.09
2124.21 1151.78
2500.39 1161.99
1915.21 1168.17
840.51 1170.96
952.23 1173.25
1352.67 1178.00
2138.59 1176.67
1098.68 1187.56
2387.56 1192.52
958.83 1208.95
2416.67 1220.24
952.39 1245.99
1537.02 1242.18
2509.26 1254.46
2509.26 1254.46
2418.13 1254.86
2535.75 1265.17
2312.55 1277.01
2432.54 1276.07
2364.26 1293.02
689.39 1323.37
2451.79 1324.66
2451.79 1324.66
2006.22 1339.59
2235.91 1349.58
2053.20 1351.61
2000.41 1363.51
2000.41 1363.51
686.57 1367.95
686.57 1367.95
2421.72 1368.40
1624.52 1370.79
1624.52 1370.79
1740.77 1374.90
1983.94 1381.12
805.56 1385.51
1391.51 1384.44
1568.19 1408.55
1730.07 1410.64
1605.69 1421.55
855.12 1424.48
855.12 1424.48
2087.50 1424.38
2435.45 1468.82
1985.54 1478.85
1941.26 1490.48
1188.32 1514.72
1216.30 1515.09
1264.30 1516.24
1584.58 1583.79
1728.84 1592.44
2277.13 1593.20
1469.54 1601.25
1636.48 1602.69
2090.32 1604.09
730.99 1608.04
1704.76 1610.58
811.02 1616.57
2017.21 1619.94
1132.54 1625.99
916.79 1626.67
1065.86 1627.05
1101.65 1629.69
2378.04 1643.94
1581.12 1652.34
815.42 1670.67
1914.71 1675.30
1947.78 1692.34
2117.86 1698.61
1940.91 1712.39
2178.47 1710.76
1979.91 1717.68
1142.71 1728.07
1635.22 1727.25
612.09 1733.68
2293.86 1732.58
2325.02 1734.82
1390.73 1739.72
831.66 1744.89
1068.23 1746.85
2399.79 1765.17
2399.79 1765.17
1978.38 1770.36
903.88 1777.92
1773.09 1780.29
931.30 1811.80
1593.30 1814.78
2093.19 1834.83
1298.15 1856.05
2586.51 1876.26
2570.12 1896.38
2624.43 1897.16
2581.53 1976.76
2189.31 131.95
1304.08 179.12
872.96 191.90
1462.54 192.38
1901.88 198.81
1901.88 198.81
1338.67 206.54
1249.18 216.88
1677.80 257.79
1596.90 281.21
1009.52 328.74
2112.46 337.80
2112.46 337.80
2002.23 358.98
1946.23 369.50
1946.23 369.50
328.00 380.83
610.07 425.26
853.74 446.28
1305.65 447.97
2159.71 449.47
1258.45 459.87
2194.19 467.50
1784.02 557.20
1736.38 558.51
1736.38 558.51
1953.54 562.55
1953.54 562.55
1402.42 638.44
597.87 667.83
1695.83 685.36
1998.12 685.35
1215.16 703.73
1215.16 703.73
1225.16 736.10
1361.86 753.78
742.43 764.54
1392.16 767.78
703.73 784.46
1113.23 795.30
1298.57 825.28
2161.51 829.58
1505.09 855.72
1139.09 897.25
2267.60 901.24
2355.07 899.40
2231.65 948.95
1534.97 963.89
1534.97 963.89
2065.14 1002.56
2389.10 1016.39
1561.78 1023.17
2300.11 1022.87
2163.41 1036.29
1980.65 1045.68
577.61 1074.93
1356.46 1101.15
1240.64 1110.41
843.20 1124.37
843.20 1124.37
1320.90 1140.21
2348.27 1182.04
2367.69 1221.60
2367.69 1221.60
646.99 1227.07
1351.31 1259.78
847.92 1265.74
1102.83 1267.35
1102.83 1267.35
2401.12 1280.99
1920.25 1297.88
1717.30 1306.69
1903.82 1320.19
1675.80 1353.02
2262.49 1354.77
2023.96 1374.47
894.52 1387.36
1277.31 1388.16
1690.39 1397.59
953.48 1421.39
1374.91 1435.06
1408.93 1440.54
1583.17 1447.28
2197.30 1464.10
2239.09 1469.68
1381.48 1491.71
864.28 1503.95
912.64 1504.92
984.08 1509.13
1045.94 1509.42
1113.59 1512.30
2280.14 1512.59
1432.13 1607.77
790.15 1618.27
1348.57 1618.37
1304.91 1621.07
1024.31 1633.31
1182.14 1632.02
2199.22 1680.91
2020.38 1690.42
2289.03 1693.03
2261.16 1707.84
706.90 1727.93
2195.02 1735.33
1970.01 1745.17
2295.12 1809.09
1570.59 1837.98
1662.31 1856.19
2513.50 1954.05
2513.50 1954.05
2561.06 1960.35
623.84 247.10
617.50 351.41
902.58 433.70
803.97 460.63
1617.80 461.92
665.96 512.54
665.96 512.54
1491.96 516.26
1202.21 549.58
602.18 628.93
2364.71 687.24
698.92 748.08
698.92 748.08
2217.30 815.75
704.51 848.53
1225.90 932.86
755.12 967.51
1194.75 1063.38
1898.54 1099.18
1249.91 1142.25
1629.19 1185.54
1020.89 1202.04
1538.11 1215.45
1874.00 1231.79
675.60 1293.22
1420.78 1295.71
1249.59 1432.57
1534.02 1437.41
1534.02 1437.41
1713.79 1443.61
1182.71 1476.78
1089.81 1480.33
1282.86 1486.75
2152.78 1582.44
2468.49 1600.93
965.80 1636.54
2406.59 1643.73
2411.55 1685.55
418.99 1689.75
1147.86 1711.58
1147.86 1711.58
1556.15 1721.63
1097.51 1761.98
991.05 1770.31
1595.40 1868.12
1717.99 1870.44
2510.20 1905.37
2510.20 1905.37
2051.93 485.71
612.42 542.42
1430.11 616.90
2292.55 688.49
1498.53 709.41
1389.17 713.12
1676.11 735.23
2250.32 768.53
2250.32 768.53
1265.48 783.86
951.46 802.79
594.28 885.91
1392.13 962.41
2215.10 1057.64
762.51 1118.05
1531.53 1123.78
1769.99 1137.61
1533.16 1177.08
1668.98 1181.91
2158.95 1192.36
1275.09 1204.05
443.61 1321.55
569.17 1351.61
2164.85 1369.17
2164.85 1369.17
2132.91 1467.54
2515.87 1851.94
2477.78 1930.46
2477.78 1930.46
2548.46 1929.24
2548.46 1929.24
1992.57 283.94
1176.24 431.90
1176.24 431.90
1443.56 509.29
1331.61 518.73
1480.58 626.89
1543.17 635.95
1247.20 642.13
1247.20 642.13
1315.87 711.76
1315.87 711.76
1130.88 886.72
1500.68 915.12
1430.03 922.56
1430.03 922.56
1275.89 950.24
1284.82 1106.51
1187.72 1117.02
2181.01 1110.47
586.34 1154.96
1976.49 1183.54
2092.92 1277.43
1959.16 1560.55
429.10 1584.79
429.10 1584.79
1100.43 1660.71
2365.91 1812.57
1950.66 1842.25
2136.23 1873.45
2228.73 1888.77
1013.62 540.68
2087.72 581.96
2087.72 581.96
1720.03 654.35
1141.97 667.76
1141.97 667.76
607.23 776.21
1229.81 834.75
1375.14 853.83
1561.79 857.09
966.81 937.20
1164.56 947.05
1918.21 1002.64
1667.60 1007.12
595.75 1062.49
1370.98 1356.83
2045.76 1474.41
1469.95 1506.48
1726.07 1580.12
1628.72 1640.39
958.90 1658.95
1945.43 1663.98
1566.46 1710.31
1469.90 1784.99
2243.12 1793.31
964.31 1832.77
1523.07 1844.69
2669.96 1842.23
2323.58 1899.55
2651.71 1950.84
965.86 939.96
1257.32 1349.45
1655.28 1504.45
912.25 1594.41
895.73 1908.68
1301.16 553.39
1520.38 1338.12
2024.21 1837.52
2233.51 1839.45
1726.30 864.60
996.50 1411.25
