2204.71 6.09
2245.35 8.36
1102.65 15.23
2043.05 15.38
2071.51 15.06
2084.48 20.83
2428.84 21.69
2131.41 25.79
1462.78 27.40
1793.45 28.96
2428.26 28.78
2274.90 29.38
972.66 33.10
1502.61 34.68
1519.96 36.44
900.77 40.01
1021.60 40.09
1559.52 42.94
2589.70 42.63
2139.31 44.48
910.39 46.19
1583.79 46.81
1599.88 48.82
2539.02 48.37
2451.89 49.70
2451.89 49.70
1591.48 50.69
2530.86 52.80
2226.74 53.30
2340.43 54.28
2173.77 55.76
2435.88 56.61
1661.79 58.55
1661.79 58.55
765.34 59.78
2531.29 59.41
1136.62 60.86
1676.96 60.57
1676.96 60.57
2251.64 61.33
121.17 63.17
2586.33 63.38
2359.54 64.68
2242.08 65.37
2242.08 65.37
914.84 66.52
2133.20 66.51
2133.20 66.51
970.02 67.12
2291.49 68.81
2403.74 68.17
2403.74 68.17
658.59 70.59
1736.92 70.27
1736.92 70.27
1142.06 70.96
2276.81 71.99
589.70 72.49
589.70 72.49
2544.56 72.02
1744.43 73.78
2248.42 73.20
651.34 75.60
1101.55 76.44
1773.56 76.43
2078.80 76.69
2284.92 76.07
1789.30 77.96
1789.30 77.96
2390.19 78.15
1780.94 79.60
2180.51 80.52
2211.22 79.83
2604.27 81.29
1120.37 82.22
2440.73 82.00
2440.73 82.00
2375.06 83.38
2375.06 83.38
1156.99 86.81
2264.90 86.09
2353.92 85.88
771.24 87.83
1089.72 87.26
1847.25 87.95
954.41 88.27
977.82 89.08
2223.50 88.64
1862.36 89.58
2438.50 89.95
1854.54 90.17
587.45 91.78
2146.58 93.02
1897.79 95.08
2159.85 95.15
1889.97 96.37
2357.31 96.81
895.27 100.90
2274.71 100.55
2164.64 102.70
2164.64 102.70
2449.92 103.83
1049.39 104.91
1500.14 104.08
2226.41 104.21
2267.11 104.11
2267.11 104.11
2127.41 105.84
2127.41 105.84
2317.62 105.15
2463.69 105.47
203.03 109.44
1631.59 109.39
797.69 110.43
260.12 111.24
2087.71 111.79
2174.12 111.11
2266.40 111.24
751.81 113.09
909.42 112.22
418.63 113.72
418.63 113.72
2152.28 113.83
2152.28 113.83
2282.53 113.40
1575.46 114.81
2548.49 115.59
2548.49 115.59
901.47 117.02
2073.76 117.13
2073.76 117.13
2367.86 117.09
954.02 118.53
954.02 118.53
2123.54 118.52
2123.54 118.52
259.43 119.28
1923.67 119.31
2087.09 119.40
2087.09 119.40
2062.56 120.61
2062.56 120.61
2378.95 120.35
931.00 121.63
1937.40 121.08
243.38 121.96
483.96 124.38
1135.43 124.88
1135.43 124.88
2088.18 126.86
2447.54 127.04
494.21 127.76
494.21 127.76
710.40 127.56
1027.38 127.88
2177.78 127.72
2523.85 127.13
937.62 128.68
642.70 129.54
2385.15 128.54
2066.70 130.83
2368.91 130.43
396.69 131.67
510.83 132.00
2102.32 131.84
2351.00 131.12
2571.76 131.69
1112.27 132.67
2115.56 132.62
2580.86 133.16
2619.07 134.41
2072.78 135.71
2072.78 135.71
2090.11 135.04
390.88 136.66
505.66 137.30
520.80 137.84
644.84 138.04
2173.14 138.87
2173.14 138.87
1663.28 139.21
2114.39 139.69
2421.50 139.77
2005.40 140.10
2081.36 140.85
2257.84 140.92
2583.94 142.12
437.09 143.68
2089.21 143.74
2089.21 143.74
2264.29 143.83
2556.73 143.90
2620.57 143.67
2277.60 145.28
2566.16 145.82
454.25 146.13
2047.30 145.97
2454.88 146.83
2063.25 147.90
817.91 148.17
849.07 148.31
1800.14 148.13
2365.24 148.09
1736.27 149.42
1852.89 149.02
1852.89 149.02
2503.10 149.31
1330.76 150.20
2286.43 151.24
2018.14 152.96
2522.57 153.80
918.20 154.03
2307.89 154.96
2334.58 154.48
2362.41 155.45
950.04 157.06
2064.03 156.79
2087.19 156.19
397.31 157.28
397.31 157.28
2439.77 157.18
2240.47 158.56
552.64 159.67
871.20 159.59
2100.74 159.79
1988.90 160.72
2255.03 160.97
606.92 161.64
606.92 161.64
2117.78 162.17
2541.62 161.76
2541.62 161.76
636.07 163.71
636.07 163.71
262.52 164.92
1999.71 164.86
2144.30 164.03
271.79 165.69
913.73 166.34
409.54 167.43
958.59 168.00
2588.89 170.69
2352.46 172.23
2650.46 172.59
2019.60 173.40
2259.29 174.51
2367.68 174.09
2189.64 175.09
2329.48 175.52
606.59 176.34
1023.13 176.14
1877.63 176.42
2110.59 177.65
874.58 178.72
2031.33 179.23
2317.89 178.62
2346.67 178.51
2419.02 181.76
633.12 182.43
2002.13 182.95
2437.36 182.80
899.71 183.16
1971.49 183.57
2245.00 184.43
2314.18 184.75
2084.67 185.77
2059.12 187.85
2222.10 188.41
2252.84 188.92
281.68 191.71
281.68 191.71
652.42 191.88
893.23 192.90
804.95 195.92
424.98 196.91
1420.87 196.08
2292.07 199.40
2389.93 200.14
1529.82 202.12
2100.82 202.70
2100.82 202.70
2476.60 202.34
2250.59 203.25
327.25 204.41
2170.95 205.07
2384.30 205.91
2520.78 208.23
2624.56 208.15
2098.44 209.82
2110.84 211.04
2597.20 211.35
2434.24 213.02
2434.24 213.02
935.10 214.71
2257.88 215.16
955.18 216.83
2452.60 216.89
2452.60 216.89
538.05 217.81
707.63 217.63
969.22 217.27
2414.57 217.39
1501.60 220.28
1027.21 221.63
2169.29 221.09
2196.51 222.83
1458.26 223.30
2183.73 224.39
2218.56 224.77
2454.35 224.68
2310.44 226.13
939.98 227.15
1373.20 227.03
2525.12 227.08
2525.12 227.08
44.90 229.67
373.17 229.83
373.17 229.83
1494.74 229.05
2194.07 229.33
2247.91 230.08
974.10 230.19
2459.56 231.89
1024.54 233.62
1479.62 233.47
1479.62 233.47
2353.27 233.91
432.19 235.09
505.40 235.08
806.55 235.30
931.83 236.75
940.52 236.18
1998.01 236.63
2247.02 236.40
2475.72 239.12
2417.71 242.25
2506.66 242.17
2002.07 243.12
522.03 244.99
2158.97 245.13
837.69 245.46
2364.75 245.15
455.60 246.22
455.60 246.22
537.75 247.99
2177.08 249.44
2177.08 249.44
615.10 250.52
1857.99 251.82
720.76 253.49
485.85 255.71
789.72 255.69
538.18 256.20
538.18 256.20
892.13 256.86
627.81 258.59
963.58 259.31
2325.48 259.93
1840.92 260.39
457.28 262.06
457.28 262.06
1030.06 267.81
2110.46 267.17
2162.41 268.60
2326.01 268.97
2326.01 268.97
1907.10 270.36
2420.11 270.11
2170.55 271.64
1616.31 272.08
2439.51 272.30
914.30 275.73
1648.55 275.35
555.95 278.86
695.49 279.15
2200.01 280.59
2200.01 280.59
2449.66 280.69
340.14 281.52
2291.48 281.45
998.05 283.73
2423.36 283.34
2563.53 283.44
493.89 285.39
1870.44 286.83
1719.95 287.68
36.42 288.34
701.57 288.47
67.80 289.25
321.73 289.03
257.58 290.26
805.72 291.82
2456.00 291.33
2456.00 291.33
609.27 292.78
999.84 293.00
2177.39 292.62
2488.81 292.19
2488.81 292.19
1874.04 294.02
2381.68 294.68
372.92 296.91
813.77 296.72
2325.78 296.17
2431.27 296.59
693.47 298.23
2535.99 299.75
994.52 300.79
2148.74 300.40
2208.12 300.51
2491.06 301.01
258.12 302.24
753.66 303.82
498.55 304.47
852.81 304.88
2429.45 304.62
2548.01 304.98
136.90 305.60
1217.73 305.34
2604.23 305.86
345.70 306.34
1000.71 306.64
2470.29 306.85
2147.27 307.83
62.00 308.59
680.34 308.40
2381.50 308.79
2490.68 309.18
2490.68 309.18
395.72 311.96
395.72 311.96
861.05 311.88
2426.76 311.60
264.42 312.30
494.69 312.25
700.13 312.18
2330.80 312.43
2554.04 313.37
62.43 316.79
829.56 316.20
2502.02 317.31
81.91 318.25
858.24 318.57
1187.32 319.00
2326.41 320.32
2588.09 320.30
2612.89 320.55
2632.55 320.53
500.06 321.32
555.16 321.15
1241.69 323.13
2564.20 321.76
2297.55 323.95
2216.96 324.89
80.54 325.32
2148.20 325.62
2262.08 326.26
2388.47 326.91
563.28 327.01
2418.84 327.34
499.49 328.74
2225.41 328.41
2301.47 330.18
789.37 331.63
789.37 331.63
2251.98 332.01
2363.26 331.62
80.76 332.53
2214.63 332.06
2214.63 332.06
2331.36 332.49
2347.18 332.52
2176.23 335.11
668.57 336.23
2226.02 336.54
754.64 337.06
869.69 337.55
1687.59 337.44
802.65 339.66
1292.47 340.85
2404.50 340.58
2422.48 340.57
2510.48 340.16
937.57 342.83
937.57 342.83
2223.47 342.97
2279.54 343.48
2189.31 344.54
2264.04 344.51
1747.36 346.54
888.90 347.14
2204.36 347.73
426.34 349.79
897.20 350.52
2194.04 352.36
2387.56 353.34
239.39 355.05
508.56 356.23
961.86 361.39
2184.88 361.72
2409.56 361.03
1691.32 361.97
40.85 363.62
2245.59 366.80
2347.01 366.32
2416.46 366.14
2464.51 367.13
2322.81 367.81
2322.81 367.81
965.07 368.66
898.72 369.11
1687.49 369.75
2340.16 370.60
2340.16 370.60
155.83 371.67
2155.29 372.83
2243.34 373.84
205.08 374.73
248.01 374.50
399.59 374.53
833.29 375.43
2443.82 375.08
2226.26 377.00
151.86 378.20
2418.53 378.90
429.63 379.74
179.35 380.38
200.77 380.71
200.77 380.71
643.37 380.68
1232.20 381.74
1232.20 381.74
2329.16 381.23
2360.35 381.95
2464.56 381.24
831.80 382.97
478.62 383.61
2476.48 383.88
2624.77 385.69
64.13 386.88
2320.66 386.22
2320.66 386.22
271.61 387.35
793.07 387.47
2336.31 387.50
2336.31 387.50
2243.82 388.96
2486.02 389.74
507.11 390.57
1238.48 391.73
1472.95 390.69
2324.23 391.98
545.87 393.20
2200.72 393.33
2150.85 394.76
2250.50 395.96
243.63 397.49
1652.85 397.77
1652.85 397.77
2612.17 397.49
2294.77 398.16
2294.77 398.16
2509.80 399.67
2636.74 399.71
2621.98 401.82
302.95 402.34
2392.96 402.15
2521.87 404.02
133.54 405.56
2476.26 406.14
101.14 409.43
2023.47 410.01
2023.47 410.01
2506.79 410.14
2537.51 412.21
2589.85 412.40
569.13 414.05
2150.34 414.97
2511.05 416.69
2143.44 417.75
2436.19 416.88
361.92 418.46
2590.16 419.91
2109.13 421.99
2355.25 424.82
144.84 426.15
144.84 426.15
664.82 426.54
2092.26 425.79
685.71 427.27
2317.33 427.72
2526.77 427.40
2115.87 428.08
2538.90 429.76
1929.65 432.90
2149.41 432.39
2149.41 432.39
2533.21 434.73
632.21 435.81
1573.02 436.75
2131.95 436.48
2141.81 436.55
36.73 438.23
36.73 438.23
1924.59 439.54
741.93 440.30
1602.48 440.63
134.32 441.69
2570.09 442.80
874.44 443.15
188.45 444.46
992.10 446.79
595.85 447.66
595.85 447.66
850.69 447.42
2079.89 449.49
2197.20 449.46
2532.22 449.60
264.82 450.80
642.74 450.09
557.63 451.15
2304.50 451.33
2304.50 451.33
116.92 452.24
801.11 452.41
2180.50 454.34
637.62 455.32
1680.89 456.13
1680.89 456.13
188.40 456.19
501.37 456.56
1946.20 457.18
2372.94 457.26
2372.94 457.26
1744.79 458.25
2301.90 459.15
60.95 460.82
2482.28 460.03
1219.40 461.04
2198.47 461.53
2198.47 461.53
1953.91 463.31
1953.91 463.31
2213.11 465.03
2445.91 465.40
2561.40 465.81
433.54 466.70
978.54 466.41
2152.56 467.22
1222.26 468.38
1222.26 468.38
2187.06 468.81
2320.53 468.64
2320.53 468.64
1548.14 469.92
271.80 470.12
1948.21 470.09
152.14 472.53
763.70 472.44
763.70 472.44
2404.22 472.09
855.22 473.90
1218.50 476.30
1270.40 477.42
2187.95 477.75
1180.50 478.69
762.05 480.17
762.05 480.17
2212.28 481.24
1125.31 482.10
722.86 483.92
2454.98 483.62
1267.74 485.43
2437.69 486.97
2437.69 486.97
2496.42 486.67
538.35 487.59
838.62 487.79
716.83 490.40
2455.51 490.83
2545.07 491.09
2640.88 490.75
2640.88 490.75
2526.62 491.83
521.58 492.27
521.58 492.27
2270.38 492.51
2177.43 493.39
2372.46 493.16
2511.43 493.93
710.29 494.33
2311.44 494.36
360.97 495.66
2604.00 495.14
2143.11 496.06
2435.70 496.61
2210.94 497.56
2279.34 498.79
909.10 500.17
2137.53 500.23
2361.86 500.70
107.96 501.59
2416.22 501.75
2504.68 501.53
2313.62 502.19
2577.37 502.18
793.03 503.64
2542.46 503.18
2339.97 504.67
865.82 506.74
2144.99 509.81
2486.24 510.78
2486.24 510.78
2643.94 511.55
715.93 512.64
201.59 515.28
2564.56 515.10
282.78 517.33
358.05 519.66
2552.90 519.40
897.60 520.55
2145.15 521.91
719.22 524.33
2413.71 525.08
120.30 525.99
211.25 529.37
657.73 529.25
773.11 529.55
773.11 529.55
2524.74 529.25
2608.02 531.01
846.60 533.24
647.29 536.01
790.93 536.16
911.66 536.87
32.14 539.51
601.65 539.04
1206.35 540.29
1947.91 543.07
2503.58 543.35
1100.98 545.40
2136.07 544.44
222.69 546.95
231.89 546.93
231.89 546.93
639.20 547.62
242.02 547.86
2419.51 550.49
2311.31 551.44
898.23 553.18
1133.55 553.60
812.51 554.46
937.13 555.16
1141.59 556.31
169.17 557.10
169.17 557.10
829.03 560.50
2361.76 560.17
2361.76 560.17
1122.05 561.75
185.28 562.27
320.08 561.76
2444.48 562.39
2591.77 562.73
2410.33 563.07
950.66 565.85
1849.41 565.56
2336.72 565.36
2573.36 566.42
799.19 567.57
424.86 568.20
424.86 568.20
134.21 569.73
192.93 569.75
1118.62 570.02
123.32 571.25
353.42 571.27
566.63 571.71
811.96 571.42
852.09 571.68
2213.46 571.97
2228.05 571.67
104.22 572.91
228.21 571.96
269.97 573.23
756.93 573.24
2476.78 573.30
898.73 574.77
10.08 577.71
38.10 577.15
222.22 577.12
2225.63 577.81
541.60 578.45
2303.31 578.84
2170.07 581.41
2297.56 583.61
2386.58 583.88
1073.39 584.23
2513.61 585.00
516.69 585.81
2211.13 586.02
297.18 589.25
2442.46 589.66
121.70 590.53
334.50 589.88
461.98 590.88
2341.21 590.43
1592.14 591.76
651.71 592.54
399.86 594.09
1609.91 594.27
1953.88 594.22
685.63 595.62
2372.46 595.19
804.01 596.66
1965.43 596.85
2621.64 596.50
174.36 597.02
2184.53 597.28
2584.02 599.93
2612.87 599.15
1949.02 600.87
1949.02 600.87
620.26 601.60
2649.98 601.77
33.65 602.50
33.65 602.50
143.36 602.65
302.12 602.00
1958.65 602.47
1993.34 602.00
2203.43 602.44
2448.18 602.61
2558.39 602.36
1970.04 604.29
98.03 606.00
2581.88 607.35
2581.88 607.35
1988.79 608.70
2632.74 608.32
485.54 610.32
795.95 610.91
583.13 612.48
95.97 613.27
95.97 613.27
2143.69 612.95
633.07 614.38
2019.69 617.20
2010.72 618.93
2010.72 618.93
68.54 620.12
1077.85 621.92
356.64 622.68
585.55 623.68
1402.54 623.70
2019.19 625.10
2029.66 626.01
2366.92 626.44
1071.51 627.70
1473.76 627.46
2556.51 629.95
2583.68 629.07
32.07 632.13
674.32 632.91
1055.29 633.51
2201.84 633.58
2029.84 634.83
1073.48 635.60
84.00 637.34
2365.67 637.98
319.52 638.91
295.29 639.77
636.43 639.18
563.58 641.78
251.20 642.64
251.20 642.64
272.53 644.60
272.53 644.60
496.73 644.89
291.56 645.81
545.96 645.37
2400.01 647.30
203.49 649.40
2641.03 649.26
215.25 650.54
266.99 651.07
1577.08 650.57
2049.76 651.34
2049.76 651.34
512.55 652.64
2222.12 651.98
106.54 653.96
669.04 653.82
687.67 656.49
687.67 656.49
2397.50 656.29
1073.44 657.08
1579.13 657.04
2170.37 657.26
2045.35 658.62
2443.30 658.57
2343.47 661.91
137.27 666.89
2301.30 666.54
2478.43 667.17
2517.78 668.78
165.31 669.56
449.84 669.08
2235.16 669.29
378.79 670.52
2550.69 671.81
2256.32 672.86
527.15 673.15
414.33 674.26
443.48 674.39
1551.76 674.22
2461.09 675.42
2591.50 676.47
436.50 678.37
2054.42 679.55
2054.42 679.55
410.30 680.07
515.21 681.19
1552.98 682.54
2062.51 683.95
437.50 687.06
383.89 688.40
594.38 688.23
1382.17 688.73
2244.55 689.53
2057.85 690.99
457.61 691.29
361.80 692.47
575.30 692.16
575.30 692.16
176.18 693.60
2417.51 694.46
2442.33 694.35
2598.84 695.68
2421.31 702.80
2569.89 703.88
2060.54 704.51
2330.19 704.10
684.81 705.31
1545.99 706.48
467.17 707.51
385.01 708.33
2054.67 709.93
2459.80 709.87
1768.89 712.73
2444.86 712.86
59.18 713.62
59.18 713.62
2323.26 714.11
2426.52 713.84
2525.24 713.10
469.37 714.13
2060.71 714.67
2060.71 714.67
1066.09 716.39
2412.24 716.29
1236.63 717.97
2626.74 722.41
1070.40 723.64
2395.08 723.85
2477.89 725.18
399.47 726.16
2367.46 726.99
288.84 728.29
718.69 728.81
1646.91 729.20
1987.53 729.46
2066.16 729.46
562.98 731.07
2617.01 730.43
183.22 734.51
612.51 735.46
2380.89 735.84
543.83 736.69
2062.45 736.87
1206.27 737.04
2516.96 737.51
1046.53 739.08
2374.22 739.90
2374.22 739.90
2633.82 740.98
1068.45 742.68
1976.74 742.16
631.20 745.42
2592.45 745.61
2436.44 749.90
259.18 751.44
680.67 752.15
1230.52 752.42
2582.51 752.66
296.50 754.85
296.50 754.85
578.53 754.10
696.79 755.33
2418.59 755.67
157.34 757.33
1564.14 757.31
2013.70 757.34
2425.88 758.54
562.81 759.10
2061.23 759.04
1062.70 760.07
703.25 762.62
446.70 763.92
524.48 766.14
476.38 767.30
661.24 771.89
2444.03 772.06
145.88 773.47
2506.42 773.77
2127.74 774.07
513.81 775.65
170.13 776.82
346.61 776.43
2357.41 776.30
2357.41 776.30
2459.13 777.80
2459.13 777.80
1624.04 778.75
336.81 783.61
2063.35 783.62
2385.70 783.07
1422.63 784.69
1655.63 784.95
1481.59 785.39
167.93 787.98
547.26 787.31
302.17 788.09
1568.40 788.26
576.74 790.72
1622.63 792.65
2065.82 792.92
438.16 794.21
668.03 794.86
1581.45 794.63
1581.45 794.63
373.90 800.07
373.90 800.07
2019.72 799.40
2593.10 800.26
535.20 806.00
1040.20 807.36
1040.20 807.36
2073.91 808.09
1938.14 810.54
2329.49 811.04
202.64 812.04
631.57 813.30
375.29 815.64
375.29 815.64
2070.39 815.12
275.76 817.75
1031.69 818.50
105.72 820.76
105.72 820.76
538.13 822.34
1231.80 822.23
1588.94 822.13
2655.64 822.09
314.56 823.89
1899.73 823.72
56.20 825.40
2378.22 825.70
1567.40 826.25
101.68 827.35
312.87 829.42
2079.58 829.45
398.99 829.82
432.10 830.66
498.87 830.33
535.52 830.27
942.01 834.10
213.46 834.82
375.35 834.46
1624.24 835.70
2331.45 835.13
2474.50 835.54
382.98 836.50
500.49 836.60
743.83 837.13
2077.65 836.81
432.47 837.67
432.47 837.67
2413.32 837.70
2428.50 837.35
2589.59 837.28
1104.09 839.52
2505.95 839.64
469.89 840.56
448.11 841.41
2462.90 841.58
437.47 843.19
917.29 843.21
753.31 844.32
753.31 844.32
1582.36 844.71
2566.00 846.13
1161.30 846.73
2452.36 846.70
2480.05 846.72
2637.92 846.57
410.97 847.25
2462.10 848.78
655.78 849.24
2517.60 850.47
1596.27 851.93
1980.58 851.61
1604.07 852.74
696.95 853.60
2560.43 853.76
2352.52 855.06
2472.98 856.01
2599.88 855.59
2537.33 856.14
245.78 857.77
2088.30 857.65
1590.26 858.86
2389.31 859.84
2437.60 859.30
2584.63 861.30
329.28 862.43
329.28 862.43
994.94 863.20
2556.65 861.83
2468.63 863.30
2571.63 863.81
1177.58 864.50
1971.43 864.44
247.40 865.11
2175.65 865.66
1890.52 866.33
2316.20 867.80
2459.83 867.94
2637.94 868.01
323.95 869.00
563.20 868.83
1204.10 868.06
1204.10 868.06
1212.28 868.46
2411.64 869.67
2411.64 869.67
2566.86 869.52
220.58 871.44
282.47 871.76
983.31 871.03
2581.38 871.39
2443.90 872.65
339.78 873.94
1191.26 873.11
459.39 874.82
2108.23 874.91
2108.23 874.91
2321.74 874.87
1200.64 875.72
1214.69 875.85
2534.66 875.31
1882.55 876.52
962.46 877.07
134.29 878.44
134.29 878.44
1941.24 878.19
1782.56 880.85
1782.56 880.85
1960.03 881.84
2104.55 881.55
320.91 882.57
1203.33 882.73
1203.33 882.73
2457.06 882.90
427.24 883.92
1843.08 883.25
668.16 885.88
613.23 889.99
1183.04 890.16
125.24 891.96
125.24 891.96
1658.25 892.94
2573.74 894.22
685.48 897.58
2128.64 897.69
2128.64 897.69
267.76 898.50
267.76 898.50
1094.57 898.34
1094.57 898.34
2120.04 898.42
904.02 899.98
524.82 901.63
421.85 903.59
911.85 903.93
1281.91 904.35
1300.90 904.72
1300.90 904.72
2137.26 904.83
280.38 905.88
2571.47 905.20
899.52 906.28
1960.09 907.50
1192.56 909.09
2498.20 908.76
2498.20 908.76
1986.86 910.15
2048.80 910.59
921.26 911.68
1278.62 911.85
1431.38 911.49
2506.29 911.31
2405.16 912.36
2138.99 913.61
503.07 916.90
2296.85 916.22
2616.84 916.92
251.29 916.98
1888.16 918.22
2401.16 917.95
2162.10 920.45
2162.10 920.45
1813.82 922.59
1813.82 922.59
191.58 924.63
2396.28 924.90
2647.15 924.23
119.50 926.68
1973.47 926.73
348.41 927.28
2289.73 927.57
2184.56 929.50
176.41 930.64
2540.51 931.91
746.70 933.54
2499.00 933.82
412.48 934.78
2177.60 934.08
1827.59 935.81
2437.77 937.54
2649.84 937.43
2301.03 937.94
2537.14 938.80
346.99 939.03
645.69 939.14
1805.78 939.81
2165.77 939.49
2349.54 939.64
2413.04 940.54
523.40 942.73
2184.49 943.76
2289.23 943.31
2478.06 942.83
118.67 947.37
2487.29 950.67
1620.90 954.25
1620.90 954.25
1416.04 957.53
2361.62 956.97
2374.90 958.72
2517.22 958.56
2468.10 959.02
154.60 961.08
2340.91 961.69
2448.02 961.82
581.39 962.31
2304.65 964.80
2320.28 964.25
2462.02 964.26
2577.94 965.76
223.45 966.47
125.27 969.25
125.27 969.25
116.34 970.37
516.54 970.79
1816.75 970.75
2227.56 970.55
174.77 972.30
449.77 972.84
449.77 972.84
1840.49 972.04
1840.49 972.04
1860.48 972.21
2529.61 972.81
2504.57 973.66
1169.13 974.40
2590.35 975.08
2623.88 977.60
2321.85 978.37
2321.85 978.37
510.79 981.00
1422.25 980.02
1566.98 980.25
1588.23 980.73
2358.95 980.53
2546.08 980.78
1891.16 981.78
1686.90 982.42
1857.40 982.61
1212.70 983.44
1212.70 983.44
1541.78 983.35
2484.48 983.71
2625.16 984.05
1759.48 985.18
1820.34 985.17
302.94 986.89
2212.51 986.64
2301.71 985.96
35.11 987.87
572.25 988.80
2637.15 989.43
296.14 990.69
636.61 990.81
1977.64 990.85
2622.75 990.53
1596.61 990.97
1633.29 991.79
2309.60 991.81
652.57 992.67
2387.02 992.70
311.24 993.78
278.53 995.80
591.73 995.45
591.73 995.45
2357.28 996.88
2357.28 996.88
42.56 998.04
2311.49 998.67
2589.71 1000.33
597.02 1001.67
615.02 1003.55
1884.77 1003.82
2283.82 1003.47
2443.43 1003.35
873.73 1005.43
873.73 1005.43
2199.52 1005.77
475.65 1006.09
913.81 1006.87
486.78 1009.09
2314.82 1009.14
1084.62 1009.42
634.88 1010.09
649.95 1011.97
649.95 1011.97
2353.15 1011.97
2399.36 1011.38
347.76 1012.70
417.28 1012.14
1026.71 1014.90
575.65 1016.65
2097.61 1016.90
2582.56 1016.48
2385.51 1017.86
1919.42 1018.28
2425.53 1018.19
2322.41 1019.40
2398.00 1019.70
2480.76 1019.20
2543.41 1020.31
2216.46 1021.66
450.94 1022.29
2377.08 1025.52
2086.51 1027.95
59.97 1029.87
2059.99 1029.64
1026.58 1031.15
2406.37 1032.59
2139.51 1032.84
1531.38 1034.49
1531.38 1034.49
1667.82 1035.86
213.42 1036.61
1019.43 1035.92
1019.43 1035.92
2217.66 1036.30
2484.18 1036.71
403.09 1039.77
403.09 1039.77
2467.67 1041.03
314.58 1042.56
2624.38 1042.33
1938.37 1043.64
2130.67 1044.64
405.75 1047.78
2498.10 1048.42
2613.89 1048.33
2329.36 1049.40
2366.07 1049.35
2366.07 1049.35
2644.66 1049.51
381.83 1050.19
381.83 1050.19
2414.64 1052.09
1744.30 1054.11
2401.17 1054.71
338.67 1056.00
2590.54 1055.62
244.86 1056.38
2366.39 1056.30
322.43 1057.18
2381.27 1057.39
2289.69 1060.44
1784.09 1061.83
59.74 1062.85
2561.86 1062.23
2647.16 1064.29
79.59 1066.19
588.17 1067.77
600.92 1067.04
1154.95 1071.71
2438.77 1071.97
2503.67 1072.75
290.11 1075.26
2209.98 1075.40
2517.64 1075.12
377.44 1076.64
2564.59 1076.29
2510.23 1077.99
2531.44 1078.52
2644.80 1078.84
680.59 1079.39
680.59 1079.39
2478.55 1079.50
2576.24 1079.94
2576.24 1079.94
2451.52 1081.25
2328.61 1083.28
2507.03 1085.06
2507.03 1085.06
135.03 1085.71
2623.74 1086.17
2352.16 1087.65
406.77 1091.23
444.74 1091.36
377.04 1095.74
526.72 1095.26
416.87 1096.07
502.16 1096.00
408.91 1098.32
2168.80 1098.81
2524.11 1098.04
70.47 1099.81
388.79 1100.34
419.17 1102.59
419.17 1102.59
654.08 1104.75
2453.15 1104.58
2538.91 1104.64
69.38 1107.55
561.12 1107.87
1994.75 1107.37
460.56 1112.30
24.50 1113.84
2564.70 1114.42
175.63 1115.63
392.09 1115.15
2574.95 1115.45
409.57 1116.03
409.57 1116.03
633.88 1116.84
2464.21 1117.06
2472.01 1119.38
297.00 1120.40
2525.44 1120.45
107.68 1121.75
2544.20 1121.79
44.52 1122.16
44.52 1122.16
638.16 1122.83
2448.98 1122.95
2496.09 1123.12
2614.20 1124.62
371.93 1125.59
436.78 1125.53
2551.14 1125.21
471.55 1128.46
2221.65 1133.66
2505.09 1133.98
280.24 1136.95
2481.47 1136.47
2582.40 1137.96
467.57 1143.03
923.26 1143.35
2288.38 1145.99
1486.60 1146.97
2239.33 1146.33
2452.07 1146.07
2502.33 1147.49
2549.17 1147.43
305.42 1149.49
471.82 1149.11
1846.29 1149.77
280.07 1151.71
493.17 1152.95
2183.50 1152.92
2447.83 1152.28
2447.83 1152.28
169.58 1155.44
1214.88 1156.84
1244.50 1156.24
1298.45 1156.51
306.50 1158.28
484.28 1158.74
459.08 1159.05
45.52 1161.83
106.29 1162.55
2599.28 1164.33
501.34 1165.72
2186.15 1165.48
2613.93 1165.99
2632.22 1166.20
2409.54 1168.27
142.15 1169.23
1799.60 1170.25
2361.94 1170.87
2513.92 1170.29
2595.71 1170.57
72.00 1172.03
1081.04 1171.14
98.67 1173.79
650.82 1173.35
1571.75 1173.73
1588.92 1173.55
2411.89 1175.71
139.63 1176.69
2521.05 1176.88
2521.05 1176.88
2363.00 1178.00
127.68 1180.04
2290.57 1180.24
2404.80 1181.48
2463.29 1181.57
2259.83 1182.53
2063.09 1183.76
844.60 1185.12
2424.61 1185.86
2461.24 1187.63
1506.54 1188.53
113.18 1189.79
113.18 1189.79
2197.01 1189.76
48.31 1190.60
2495.08 1190.35
2625.18 1191.38
2024.12 1192.76
1662.15 1193.11
1970.59 1193.28
257.85 1194.68
482.97 1194.70
1465.15 1195.56
1899.93 1195.32
2162.96 1195.34
1875.29 1196.86
2184.89 1196.74
1434.67 1197.22
1689.09 1198.88
1973.52 1199.58
2485.90 1199.41
48.45 1200.59
114.96 1201.68
2031.68 1201.64
2510.11 1202.23
73.01 1202.86
1463.44 1202.74
1521.58 1202.09
1799.80 1202.00
1825.28 1203.19
31.07 1205.25
2133.10 1206.79
2520.23 1206.23
453.67 1207.23
1224.01 1207.80
1545.22 1207.77
2507.33 1208.16
2568.43 1208.14
628.56 1209.65
1941.68 1209.43
38.36 1210.47
239.75 1210.92
2552.59 1210.08
2552.59 1210.08
1346.48 1211.29
2489.91 1211.04
417.09 1212.90
1316.30 1212.84
1515.30 1212.93
933.59 1213.96
578.16 1215.24
309.40 1217.42
2516.14 1217.79
340.30 1219.05
803.01 1218.53
2490.24 1218.72
1090.47 1219.11
1510.80 1219.69
2353.12 1221.02
301.32 1221.58
1941.87 1222.16
2448.39 1222.93
350.69 1223.19
660.91 1223.93
2222.15 1224.72
342.34 1225.16
823.18 1225.86
823.18 1225.86
2627.39 1225.91
2627.39 1225.91
2133.28 1226.50
569.48 1227.64
1733.71 1229.04
310.29 1230.54
391.62 1230.67
1778.80 1230.67
2344.27 1230.61
152.04 1232.85
527.44 1233.19
527.44 1233.19
1831.73 1233.78
1512.15 1234.36
1558.64 1235.34
2161.66 1235.42
2538.11 1235.94
2072.17 1236.78
2072.17 1236.78
2138.89 1236.56
348.44 1237.16
1799.38 1237.33
497.01 1239.35
508.54 1239.12
1615.87 1239.59
1676.04 1239.67
1971.32 1239.82
2291.16 1238.99
445.65 1241.91
621.72 1242.33
34.43 1243.81
305.96 1243.39
1385.41 1243.94
1581.70 1243.95
1521.39 1244.80
1548.59 1244.30
1803.67 1244.57
1764.65 1245.72
2356.02 1247.61
37.37 1250.73
89.45 1250.34
1140.54 1251.49
2571.45 1251.18
2209.93 1253.23
2209.93 1253.23
2420.66 1253.40
468.54 1254.21
2522.32 1254.87
1698.27 1255.52
1098.65 1256.05
1311.30 1256.88
359.40 1257.97
865.61 1258.96
954.40 1260.29
2453.36 1260.39
92.65 1261.24
350.72 1262.88
829.03 1262.46
829.03 1262.46
1085.00 1262.98
1132.33 1262.64
2503.95 1262.29
2526.59 1263.05
248.53 1264.76
1428.00 1264.13
2491.50 1265.54
1748.61 1266.84
2601.77 1266.10
863.00 1267.64
2446.52 1267.47
2472.54 1267.98
2630.60 1269.82
2596.13 1270.68
1163.21 1271.53
500.64 1272.98
176.45 1274.82
1233.35 1274.70
1565.26 1277.46
1565.26 1277.46
2656.41 1277.71
2491.10 1278.78
2644.68 1278.45
2515.93 1279.69
2524.39 1279.90
45.84 1280.59
2595.57 1284.35
2602.69 1284.22
2643.15 1285.52
209.19 1286.82
112.69 1288.62
2452.00 1288.31
36.32 1290.67
2587.67 1293.00
2650.30 1292.78
2610.72 1293.63
688.91 1295.13
1971.35 1296.78
1589.99 1297.69
1607.71 1297.41
847.77 1298.77
2598.61 1299.44
2647.89 1299.28
176.70 1300.59
530.37 1301.72
488.03 1303.23
411.82 1305.01
1776.80 1304.48
2546.05 1305.72
2497.55 1308.30
2548.70 1312.45
2568.39 1313.82
963.23 1314.77
377.90 1315.97
610.79 1316.75
525.25 1317.19
582.92 1317.95
2537.42 1319.94
2597.80 1320.00
1310.24 1321.60
1322.85 1321.23
152.67 1323.57
249.45 1325.14
263.49 1327.64
402.45 1327.24
2567.25 1328.40
1859.13 1329.77
1020.71 1332.60
2645.35 1332.22
400.07 1334.44
137.30 1336.18
2551.01 1336.62
2531.77 1337.78
2546.73 1343.44
662.76 1346.55
2514.90 1348.84
2541.84 1348.27
2622.31 1351.59
2602.88 1352.31
2479.77 1356.67
2479.77 1356.67
626.55 1358.26
85.63 1359.73
2278.51 1362.86
2462.22 1362.76
106.59 1364.85
137.73 1364.14
615.33 1364.38
73.03 1366.48
2537.39 1366.18
81.80 1367.57
256.51 1368.80
33.55 1371.37
275.53 1371.19
2607.59 1372.24
87.48 1374.52
2506.35 1375.73
172.49 1376.22
172.49 1376.22
183.43 1377.73
2499.20 1378.34
1816.64 1379.61
2492.75 1380.55
2486.78 1387.42
2627.73 1388.44
2464.01 1390.12
2464.01 1390.12
2606.11 1389.08
2655.70 1389.79
604.52 1392.88
2514.93 1392.82
61.49 1395.08
201.80 1397.19
2628.76 1399.43
2481.30 1400.73
2061.60 1402.23
2472.25 1402.00
2472.25 1402.00
2569.57 1404.05
2569.57 1404.05
2558.53 1405.62
84.05 1406.12
111.12 1406.89
2632.51 1408.95
577.83 1410.73
643.23 1414.94
2501.04 1414.07
431.17 1415.05
2628.27 1415.85
2557.23 1417.27
2591.65 1418.47
230.76 1421.69
1633.00 1423.94
170.23 1424.16
2595.51 1430.23
331.23 1431.79
2610.28 1431.43
2622.03 1431.29
2527.16 1432.80
249.68 1437.90
296.30 1438.83
2642.52 1439.89
2464.82 1440.53
281.28 1444.20
383.38 1444.84
2642.50 1447.10
104.29 1448.33
345.26 1448.38
310.77 1452.54
2662.90 1452.52
54.60 1456.58
122.17 1461.20
59.22 1469.57
336.28 1472.90
2354.35 1472.69
557.40 1481.01
557.40 1481.01
2204.61 1481.84
2204.61 1481.84
2362.27 1481.19
2715.08 1482.97
452.27 1485.65
963.90 1489.13
271.14 1491.77
2030.05 1491.56
2626.26 1493.94
897.27 1494.91
2729.60 1496.23
381.58 1497.85
452.51 1498.76
452.51 1498.76
2157.27 1498.42
2645.04 1501.82
126.33 1502.92
2738.58 1503.24
882.49 1504.65
927.08 1504.19
969.94 1505.40
2222.79 1505.38
2200.20 1506.33
934.39 1508.72
962.92 1512.17
581.69 1512.76
631.54 1512.53
940.91 1513.02
1916.53 1512.26
2480.54 1516.81
2480.54 1516.81
1835.64 1521.95
1675.23 1522.11
207.28 1524.59
1870.67 1524.61
1870.67 1524.61
1057.53 1525.82
1057.53 1525.82
66.61 1527.48
66.61 1527.48
309.51 1527.63
977.41 1527.14
2362.78 1528.77
2362.78 1528.77
2376.80 1528.13
48.36 1529.69
48.36 1529.69
483.46 1530.49
1843.45 1530.71
925.36 1530.96
463.97 1532.43
178.60 1533.79
2369.62 1533.81
352.33 1535.14
101.57 1537.20
427.99 1538.06
466.74 1538.69
215.55 1539.27
965.63 1540.69
108.61 1542.62
2362.49 1542.78
2350.87 1543.61
499.52 1544.92
499.52 1544.92
2199.74 1544.74
2643.19 1545.05
222.63 1546.77
257.87 1546.97
2313.91 1546.66
2313.91 1546.66
2358.05 1547.87
2049.91 1548.64
2049.91 1548.64
543.60 1550.24
2372.15 1550.27
2045.40 1553.94
2733.95 1555.00
443.77 1556.91
563.15 1557.83
2644.05 1557.36
830.65 1560.16
876.25 1561.50
2028.26 1561.22
443.31 1563.45
2622.56 1563.86
818.01 1564.73
2609.62 1566.02
880.14 1566.72
2367.98 1566.19
2481.44 1567.03
1675.44 1569.42
2009.11 1573.08
2009.11 1573.08
2048.64 1572.16
1968.35 1573.10
1968.35 1573.10
2040.57 1573.40
1673.72 1576.59
1673.72 1576.59
205.77 1578.01
2321.53 1577.97
2357.14 1578.77
2357.14 1578.77
1964.54 1580.43
2114.36 1584.05
1471.71 1585.33
2370.05 1584.88
2363.18 1586.63
2363.18 1586.63
945.53 1593.83
114.07 1594.65
1449.22 1595.86
2019.08 1595.25
2008.21 1600.58
2008.21 1600.58
646.18 1604.57
1674.92 1604.70
2015.32 1609.08
2050.35 1610.74
543.77 1611.63
108.57 1614.04
523.89 1613.41
621.39 1614.81
2022.56 1616.62
2022.56 1616.62
2048.81 1617.62
414.81 1620.50
503.34 1621.47
457.43 1624.78
1837.46 1624.96
2363.14 1626.46
229.00 1627.53
208.06 1628.00
388.72 1628.62
1677.42 1628.48
1831.40 1629.36
1831.40 1629.36
1432.46 1631.70
1880.33 1632.70
220.80 1632.93
1725.97 1633.84
106.95 1634.42
205.22 1634.57
1683.34 1634.71
2219.97 1636.65
108.61 1640.70
1674.61 1643.64
545.42 1645.09
2201.97 1646.44
2216.18 1648.10
403.78 1649.04
2238.04 1648.60
2238.04 1648.60
278.12 1650.36
2157.77 1650.05
2157.77 1650.05
2196.73 1652.79
2213.77 1654.14
277.22 1657.31
589.97 1658.57
2203.47 1659.96
457.91 1664.72
1840.61 1664.99
592.27 1666.13
960.05 1669.24
1864.50 1668.96
1833.75 1672.28
481.03 1675.77
881.61 1675.71
1873.84 1682.78
964.35 1683.48
288.09 1684.62
288.09 1684.62
946.77 1684.47
307.93 1689.73
378.06 1690.86
1547.42 1691.54
979.54 1693.51
230.94 1694.27
972.99 1695.24
972.99 1695.24
1843.48 1694.48
310.58 1695.56
278.60 1698.18
158.89 1699.37
1678.84 1703.98
23.16 1710.77
2428.65 1711.30
992.09 1713.33
171.32 1717.53
131.36 1727.46
996.49 1728.17
329.54 1735.93
2371.72 1738.19
2327.46 1743.34
2263.15 1750.70
2249.71 1752.36
2207.87 1756.49
782.23 1760.35
782.23 1760.35
2139.82 1764.36
2130.59 1764.92
2094.21 1769.63
2080.82 1770.94
2066.44 1772.73
2039.65 1775.59
2026.10 1776.86
2016.34 1778.27
1999.74 1779.67
1246.14 1780.27
1296.27 1784.91
1927.00 1787.19
1908.05 1789.35
1896.52 1790.38
1885.04 1791.25
1380.66 1793.29
1849.41 1794.48
1800.69 1799.91
2184.56 1805.67
1685.55 1812.29
1610.69 1816.33
2310.01 1830.06
2310.01 1830.06
2209.42 1842.25
2231.19 1845.14
2046.36 1862.51
1633.67 1869.07
1796.77 1876.66
1428.88 1897.18
1481.61 1902.28
1644.63 1909.72
1652.42 1913.19
290.31 14.67
2099.22 14.20
505.81 17.38
1089.93 18.08
282.21 22.25
525.99 23.95
228.26 28.27
357.91 31.27
2407.55 30.18
2469.71 30.98
517.21 31.60
517.21 31.60
1024.06 31.55
2041.15 33.71
1129.24 34.27
2453.17 34.51
509.46 35.73
1782.87 36.27
2480.96 36.40
2101.85 36.97
1510.91 38.20
2188.23 38.68
770.35 42.84
972.36 43.06
1551.20 43.93
268.73 44.30
1120.77 43.90
29.22 45.74
918.32 47.18
918.32 47.18
2496.07 47.93
2496.07 47.93
2460.83 48.78
250.22 49.41
2098.26 54.69
479.56 56.37
479.56 56.37
1630.80 56.21
2206.03 56.51
1444.88 59.57
907.58 63.43
988.32 63.60
988.32 63.60
2094.48 63.09
2421.46 63.52
404.96 65.09
1120.67 64.66
603.11 66.51
536.68 67.31
1706.92 67.96
2308.49 68.09
2308.49 68.09
2085.90 69.39
798.68 70.58
2354.10 70.49
2147.69 72.60
2193.20 72.49
2178.27 73.15
2298.68 73.64
2298.68 73.64
402.41 74.42
758.90 74.54
171.55 75.91
345.85 76.56
345.85 76.56
2138.75 76.39
693.10 77.86
2158.36 78.01
848.75 79.17
434.91 80.42
1057.72 80.07
1057.72 80.07
75.99 81.29
718.16 81.91
1034.36 83.96
2121.52 84.10
2121.52 84.10
2151.01 84.46
2151.01 84.46
1442.87 87.06
2069.22 87.46
2237.33 87.20
433.84 89.83
622.54 89.30
1126.32 90.10
2325.76 90.71
887.55 92.28
687.26 93.94
2368.31 95.46
2301.85 96.08
2342.05 97.29
982.47 98.22
2107.01 99.02
2070.92 101.44
2088.10 101.37
76.37 102.09
2471.88 102.16
1351.45 102.92
1351.45 102.92
2297.53 103.95
2297.53 103.95
340.42 104.73
2335.52 104.67
2335.52 104.67
123.24 105.64
570.86 105.66
783.05 106.25
2581.00 106.89
2390.97 107.40
2588.87 107.27
1126.19 108.32
2064.57 108.55
2273.40 108.45
476.28 109.40
273.06 110.28
273.06 110.28
925.33 110.59
2160.77 111.04
27.07 111.99
612.10 112.97
2310.12 112.25
2459.66 113.21
917.11 114.08
917.11 114.08
464.76 116.25
746.55 117.78
298.88 119.94
49.40 120.75
552.53 121.22
2456.32 121.74
2456.32 121.74
866.60 122.51
972.99 123.55
2142.96 125.42
2142.96 125.42
2490.45 126.62
1099.84 127.44
232.88 127.90
1061.14 132.42
2535.41 133.63
1852.43 133.92
771.69 136.31
2589.50 136.05
234.65 137.67
2631.61 137.99
271.31 138.40
663.10 139.73
1886.74 139.47
2365.01 138.86
174.00 144.30
333.86 144.53
2468.17 145.03
70.14 145.03
418.67 145.42
518.75 145.80
919.50 145.18
1301.46 145.27
2189.84 145.33
2189.84 145.33
1074.13 148.04
540.05 153.01
812.13 152.80
2375.96 152.24
482.57 153.47
299.51 155.15
1996.48 155.30
1996.48 155.30
1043.08 156.43
2220.54 157.21
2538.38 157.64
140.64 158.51
181.13 158.72
643.75 159.28
887.12 158.50
535.32 161.72
2275.89 160.67
113.40 162.66
129.66 162.36
2059.35 162.66
2073.27 162.76
2083.91 163.29
353.17 164.29
295.20 165.58
879.46 165.63
827.37 166.45
1042.87 166.45
2282.99 166.96
2613.57 166.56
121.89 168.57
2471.45 168.47
2471.45 168.47
2272.24 169.39
347.73 170.75
1932.45 170.39
535.28 171.45
863.88 171.77
2118.00 171.13
880.38 173.50
2229.45 173.30
2409.29 173.83
2409.29 173.83
392.97 174.14
794.57 174.51
794.57 174.51
2440.64 174.27
302.67 177.61
2293.95 177.99
2426.86 179.88
829.05 182.80
2286.49 184.05
2128.61 189.27
853.65 190.75
366.60 191.73
2323.95 192.25
2451.75 191.07
2296.68 192.89
2370.68 192.66
791.62 192.77
831.09 193.25
831.09 193.25
2313.70 193.22
2081.68 194.53
2230.65 194.32
437.77 195.75
777.86 196.37
777.86 196.37
1018.28 195.06
2094.89 195.72
275.74 196.41
640.82 197.24
522.45 198.50
2446.89 198.14
598.06 200.13
659.50 200.13
2165.88 201.74
2048.32 201.95
2411.28 202.50
630.48 204.06
773.72 205.40
2260.67 206.81
441.49 207.03
970.30 209.72
1524.09 209.25
2134.97 209.96
2415.95 210.37
2415.95 210.37
459.20 211.77
131.54 212.53
2031.53 212.77
585.33 213.69
642.86 212.98
813.60 213.03
2171.95 213.46
2233.83 213.23
838.84 214.02
1462.88 216.48
64.66 217.62
663.95 217.37
2625.61 217.33
456.51 219.27
751.59 219.44
2271.98 219.24
2023.20 220.70
2491.61 220.66
2491.61 220.66
879.35 221.39
2364.70 222.14
2364.70 222.14
284.73 224.57
326.39 224.21
783.73 224.46
2557.75 224.31
115.99 225.02
301.83 225.43
2237.09 226.89
1434.53 229.16
962.61 230.20
2501.40 230.14
497.00 231.39
690.47 231.74
708.29 232.27
52.14 236.65
1005.57 236.56
2238.38 236.51
459.45 238.85
1471.79 238.47
2453.29 239.86
2453.29 239.86
439.77 240.45
2285.04 240.66
119.18 241.83
431.46 243.17
772.37 243.43
135.15 244.67
2205.12 244.36
2295.85 245.84
2394.65 246.67
1802.79 247.57
691.52 248.09
2151.91 248.67
2167.51 248.49
446.52 249.74
446.52 249.74
2356.90 249.09
903.32 250.57
2413.55 250.29
2413.55 250.29
102.34 252.55
331.16 252.76
706.45 252.52
843.54 252.58
321.96 253.93
2434.45 253.46
943.01 254.95
2553.98 254.65
594.89 255.78
594.89 255.78
924.55 257.89
924.55 257.89
1797.37 258.35
2612.93 258.49
697.54 260.93
2122.19 260.33
70.80 262.43
849.32 264.57
124.34 265.04
124.34 265.04
547.88 265.51
992.14 266.30
1805.79 266.34
2286.91 266.15
615.31 267.56
615.31 267.56
432.20 269.39
502.16 268.72
331.96 270.17
907.70 271.56
1454.07 270.99
1857.63 271.03
649.96 273.06
791.23 273.69
595.93 276.31
321.85 277.29
192.89 280.83
1831.34 281.36
2142.63 281.35
69.98 282.18
589.31 283.08
2266.67 283.87
612.96 285.34
686.50 285.72
405.82 287.04
2290.79 289.14
823.17 290.35
620.93 292.63
2365.68 292.49
2421.20 292.08
2421.20 292.08
526.54 296.94
339.84 297.73
487.01 299.39
142.74 300.42
226.57 300.55
2338.87 300.04
2362.21 301.20
2416.95 300.97
323.31 302.42
902.88 302.89
2563.33 302.94
1277.82 304.51
2328.31 304.27
1567.86 307.55
2167.61 308.72
318.82 309.70
474.72 309.17
2246.66 310.15
113.65 311.19
1243.77 311.69
2569.92 311.48
583.29 314.47
2276.99 314.46
1700.24 315.24
1700.24 315.24
2145.76 315.57
2179.65 315.57
2293.56 316.15
2459.83 316.11
1233.58 318.86
2419.52 319.56
2419.52 319.56
2444.26 319.99
2228.26 320.92
2532.86 321.25
2623.04 322.61
403.63 323.44
645.32 324.06
2318.94 324.72
2410.49 324.99
624.14 325.76
912.91 325.22
2574.83 325.95
550.39 327.29
132.76 329.26
2589.36 329.96
2403.58 331.99
265.52 332.63
616.34 332.28
711.31 332.47
711.31 332.47
764.00 332.45
2506.51 332.06
2506.51 332.06
180.16 333.68
180.16 333.68
561.55 334.40
2140.48 334.24
2571.46 334.21
2571.46 334.21
45.11 335.29
735.62 335.07
735.62 335.07
129.19 337.33
2589.87 337.86
2589.87 337.86
157.23 338.69
792.24 339.64
792.24 339.64
2377.59 342.68
368.42 343.32
368.42 343.32
653.36 343.67
590.36 344.21
2587.38 345.53
982.28 347.32
2273.63 348.05
2273.63 348.05
2216.53 351.43
817.66 352.65
177.37 354.25
2181.03 353.89
2475.97 355.06
810.34 357.75
994.01 358.12
2585.81 357.88
265.01 358.25
265.01 358.25
2147.26 359.77
2424.36 359.34
911.61 360.08
911.61 360.08
1262.97 363.56
926.36 364.10
2144.89 367.77
619.46 369.15
2174.60 371.45
646.99 372.88
2424.44 372.30
537.95 374.28
2142.55 377.83
2306.61 378.73
2319.99 378.35
1310.44 383.89
2253.10 383.15
467.16 384.32
2298.41 384.79
419.92 386.03
2427.55 387.82
490.75 388.65
434.65 389.21
2258.39 391.04
265.23 391.71
534.33 391.34
303.59 392.79
480.80 392.42
2404.56 394.42
2404.56 394.42
2417.15 396.70
2563.85 396.51
539.81 399.71
2429.36 399.47
493.48 401.21
108.95 403.12
2607.27 403.20
2562.64 405.55
2562.64 405.55
2313.79 405.88
504.58 408.23
190.07 409.63
232.15 412.09
2519.93 412.08
2558.28 412.94
2600.39 412.80
87.92 413.16
1223.97 414.21
2480.02 413.53
2480.02 413.53
279.85 415.79
2422.46 416.79
100.80 417.22
2576.88 417.40
501.84 418.51
2535.37 419.88
2535.37 419.88
2134.44 420.86
1222.12 423.25
1222.12 423.25
2153.37 424.38
2577.36 425.57
993.68 427.12
629.47 427.94
2553.72 428.39
524.15 429.05
557.17 429.12
2109.50 429.81
832.75 430.65
2325.01 430.01
2325.01 430.01
766.53 434.34
1019.31 434.61
1019.31 434.61
1517.36 434.50
2206.20 437.92
1223.21 439.25
1620.13 438.93
2505.67 439.93
719.06 441.21
762.51 442.95
172.92 443.43
240.22 444.80
2099.36 445.74
697.29 446.33
807.77 446.13
2125.64 448.31
1941.49 449.64
754.81 450.37
782.73 450.61
915.06 450.48
2561.55 450.30
875.85 451.38
312.86 454.32
2165.72 454.65
556.48 458.77
436.13 459.79
753.22 459.22
2156.09 460.75
255.14 461.30
2092.88 461.33
587.86 464.36
2147.01 464.70
1744.03 465.32
77.57 466.70
2169.84 468.76
2061.34 470.06
2429.40 470.35
2429.40 470.35
181.35 471.64
181.35 471.64
2552.73 471.53
690.59 472.11
1539.42 472.76
2511.97 473.10
2328.73 474.04
2328.73 474.04
591.11 476.00
2492.47 476.50
626.42 479.63
2077.52 478.87
470.93 480.05
2109.35 480.07
2570.89 479.75
2322.57 481.91
2322.57 481.91
2096.36 482.35
1190.48 484.48
2313.49 484.88
412.06 485.83
412.06 485.83
2177.57 485.45
190.26 486.81
2337.41 488.59
2571.02 489.33
181.29 491.37
181.29 491.37
173.20 492.90
2234.79 493.07
898.54 496.29
190.17 497.48
541.48 497.16
541.48 497.16
251.15 499.97
2525.76 499.23
1909.30 500.38
1909.30 500.38
1949.07 500.79
2607.04 502.82
2607.04 502.82
56.47 506.09
260.12 505.35
463.07 505.95
707.25 507.44
707.25 507.44
1517.69 508.05
2454.66 507.15
93.78 508.70
830.32 508.18
885.50 507.51
378.28 509.76
2318.19 509.79
2396.89 510.47
1952.06 511.74
1952.06 511.74
1220.44 513.11
1220.44 513.11
264.26 514.86
865.61 514.16
826.97 516.67
1972.54 518.50
2490.31 518.45
456.69 520.80
472.98 521.14
2504.37 521.87
68.69 523.07
450.97 528.71
450.97 528.71
706.90 528.83
472.23 529.86
472.23 529.86
2426.11 529.53
563.40 530.09
501.00 532.20
737.70 532.53
422.84 535.38
545.81 537.88
698.54 537.80
760.60 537.29
1126.37 537.33
1472.89 537.48
119.49 538.14
119.49 538.14
615.27 538.33
326.18 539.40
589.84 539.97
2298.40 539.29
638.91 540.40
2030.70 540.04
2409.02 540.98
671.90 542.13
843.26 541.12
843.26 541.12
1168.69 541.57
534.88 542.10
728.02 542.49
894.18 541.58
894.18 541.58
282.03 543.43
1465.59 544.76
41.52 545.76
821.19 545.43
1108.46 545.98
335.53 546.49
611.93 546.16
1199.93 546.97
1214.62 547.77
1163.86 549.05
2049.93 548.30
678.20 550.03
119.64 553.53
119.64 553.53
1064.46 553.83
1970.62 553.42
2366.86 553.39
2366.86 553.39
1222.74 555.54
1255.85 554.72
2292.68 555.62
982.11 558.05
370.30 558.21
803.45 559.44
2134.20 560.09
2378.04 560.76
2378.04 560.76
272.64 561.70
124.51 564.01
1223.66 563.60
1223.66 563.60
2611.16 563.55
2155.11 564.40
841.16 565.74
1953.37 565.35
2275.98 567.13
77.42 568.34
963.16 568.76
2424.46 568.05
2438.96 568.54
2416.41 569.27
2416.41 569.27
301.31 570.94
1971.48 570.89
2118.01 571.89
882.83 575.08
2567.55 573.93
1107.46 575.27
2397.44 575.64
144.83 576.57
2254.79 578.83
210.71 579.20
365.82 579.65
270.28 580.41
2124.03 580.40
1952.59 582.00
1952.59 582.00
461.84 582.97
385.87 585.61
1094.91 585.49
859.39 587.21
2246.54 587.32
2264.30 588.20
24.40 588.89
24.40 588.89
2418.28 592.89
281.48 594.34
1091.09 594.90
2134.31 594.70
2539.97 595.93
365.00 596.46
22.41 597.41
1579.27 597.40
153.45 599.48
2424.83 600.87
204.06 601.59
2188.11 605.60
320.79 607.45
2553.67 608.67
2553.67 608.67
2531.39 613.33
2367.62 614.83
576.93 614.81
405.85 620.32
405.85 620.32
96.75 621.88
264.56 621.62
2523.24 620.82
77.24 623.74
328.43 626.92
328.43 626.92
679.38 626.69
779.85 630.06
2223.50 629.05
567.64 631.40
620.02 633.08
1068.71 643.72
625.51 645.63
700.60 646.32
1790.64 648.99
454.76 649.88
2167.10 650.22
441.19 652.66
441.19 652.66
1797.77 655.77
2570.61 656.50
2421.95 657.51
2460.13 657.95
1444.35 658.21
446.41 661.05
2251.47 664.01
2320.66 666.51
2455.86 667.00
1071.91 668.61
2595.54 669.95
2273.72 673.94
2411.83 675.74
2447.46 676.22
2541.07 676.20
152.56 677.54
1070.64 679.99
232.36 684.73
2410.99 684.26
2451.07 684.56
2266.80 686.15
159.75 686.32
1843.70 689.05
1228.01 691.34
2460.07 691.80
532.85 692.09
275.43 693.23
331.48 693.18
2335.79 693.47
191.64 694.09
229.08 695.22
321.45 694.52
1218.34 694.79
1072.69 695.67
342.45 698.39
169.16 699.57
2411.26 699.84
2293.82 701.42
329.36 702.86
587.45 705.83
631.47 707.37
367.51 709.37
2380.27 709.92
2604.08 709.90
454.04 712.34
2490.85 712.50
524.33 714.25
253.87 717.64
536.92 717.71
267.77 722.68
267.77 722.68
232.92 725.90
2475.26 731.82
530.31 734.18
530.31 734.18
1574.54 734.92
2124.04 734.37
2082.95 734.68
1448.49 737.26
2554.93 738.50
700.56 740.58
2332.26 740.12
2458.16 741.37
2458.16 741.37
343.61 744.84
343.61 744.84
1813.58 746.08
670.61 747.45
182.01 749.29
138.91 751.77
689.25 751.54
2065.29 751.96
2465.67 751.51
663.17 755.63
448.70 756.81
1116.09 758.44
1116.09 758.44
1806.03 758.74
573.04 759.35
1573.09 759.81
2589.20 760.19
2589.20 760.19
42.90 761.54
358.12 762.66
2345.47 763.52
2359.33 766.94
588.66 768.58
697.11 768.77
1058.83 768.61
1962.35 769.79
2526.82 770.38
2538.86 772.62
586.84 776.87
1857.20 776.25
877.65 777.36
1430.10 778.02
662.98 779.22
1776.51 779.61
221.40 781.55
2283.89 781.26
1830.33 782.41
2569.69 782.14
1389.03 782.88
1581.05 783.97
1449.27 785.59
2421.05 788.53
2421.05 788.53
685.43 789.28
1928.97 790.55
2130.00 790.02
2434.89 790.03
261.41 791.68
331.29 791.19
331.29 791.19
116.81 793.36
635.66 793.61
1979.55 793.62
1850.35 794.44
2465.96 794.22
2010.94 795.46
212.71 796.08
2418.09 797.40
2418.09 797.40
409.80 798.69
684.49 798.73
564.32 799.06
1573.40 799.56
642.92 799.97
2558.58 800.49
441.66 802.54
1796.60 802.35
1829.00 803.76
1849.96 804.04
557.04 806.83
557.04 806.83
244.65 807.62
1574.64 808.96
1574.64 808.96
2136.29 808.60
352.65 812.65
383.10 813.56
22.05 814.08
2568.51 814.94
2568.51 814.94
260.99 820.06
260.99 820.06
216.45 824.09
216.45 824.09
1029.02 825.78
522.29 831.54
442.95 833.51
1582.66 835.92
1610.42 835.60
2454.52 835.41
313.14 836.83
1017.58 837.29
855.32 838.10
545.23 839.53
2487.64 842.74
2487.64 842.74
580.80 843.59
580.80 843.59
2523.94 844.66
349.87 849.44
714.50 851.17
1087.94 851.95
445.16 854.39
465.42 855.24
1948.80 853.97
2449.10 854.89
1165.36 857.32
2549.41 857.38
2549.41 857.38
505.67 858.89
674.28 858.76
1480.87 858.63
2515.49 858.98
485.75 860.68
2405.01 862.79
415.26 863.75
287.45 864.34
2447.87 865.02
2447.87 865.02
1957.61 867.88
1939.39 868.84
2304.60 868.76
546.40 869.47
546.40 869.47
302.24 871.45
373.31 871.91
2491.43 871.67
2453.25 874.24
159.89 874.95
1390.13 876.59
1985.38 878.39
1163.70 878.79
1185.85 879.75
1950.90 880.79
2625.86 881.28
1480.18 882.83
2253.98 882.86
957.67 883.35
345.57 884.67
459.76 887.35
939.85 887.54
1777.36 889.88
1201.72 890.81
883.34 892.85
674.86 893.27
361.46 895.90
1170.84 895.00
1969.90 895.73
279.96 896.06
423.55 896.37
1227.29 896.85
1578.70 897.67
1653.46 897.64
2298.73 897.72
2298.73 897.72
1291.04 900.91
1291.04 900.91
2536.49 900.74
1949.71 901.10
303.85 905.74
387.85 905.64
2464.28 905.07
1885.26 906.40
1942.02 906.67
2527.74 906.97
416.04 909.63
505.28 909.21
365.69 910.69
667.39 910.83
675.17 911.82
2304.67 912.00
463.15 915.74
904.83 915.51
1956.44 915.32
1931.21 916.74
1931.21 916.74
73.32 917.47
747.58 917.26
2043.60 917.51
516.68 919.25
729.23 919.88
898.29 923.84
2556.70 925.32
2556.70 925.32
1449.38 926.45
33.41 926.95
33.41 926.95
498.87 931.68
606.08 933.97
965.10 934.66
965.10 934.66
541.13 935.44
1441.44 935.58
2470.95 937.68
198.92 938.60
506.29 938.97
237.97 939.67
266.67 939.75
247.22 940.68
364.37 941.62
552.21 941.87
636.40 940.88
1430.47 942.68
2580.99 942.79
1603.75 943.85
2066.76 944.73
2242.28 944.53
2634.93 944.30
2461.75 946.13
349.07 947.61
287.87 951.73
606.86 950.99
1692.99 951.08
578.61 953.48
2139.88 952.88
1856.31 954.28
1390.99 956.14
2313.42 955.83
2325.01 956.78
860.52 957.90
352.79 958.35
524.33 960.50
1829.85 961.99
899.12 964.01
2533.86 965.28
1448.48 969.28
2398.49 969.36
1224.25 970.44
426.59 971.22
1428.99 972.71
1502.00 972.57
1502.00 972.57
22.43 973.35
687.34 973.78
2430.47 973.85
1214.96 975.07
1738.03 974.65
1796.98 974.38
525.46 975.63
1379.33 975.30
1482.37 977.10
1530.93 977.21
1388.85 978.70
1439.22 978.75
1412.95 979.40
1412.95 979.40
1449.52 979.56
1473.00 979.68
1988.42 979.26
278.02 981.01
743.46 980.21
743.46 980.21
2441.02 980.27
2569.65 980.87
451.52 981.21
2526.11 981.21
48.75 982.20
501.98 981.86
480.33 984.46
489.72 984.52
1637.96 984.09
1637.96 984.09
1796.62 983.91
1829.03 983.96
362.99 985.18
1559.07 985.87
75.93 987.17
58.25 988.21
193.31 989.87
371.46 989.33
340.08 990.79
454.87 990.99
85.74 992.61
2442.08 992.98
2569.63 994.56
2569.63 994.56
137.26 995.39
1276.95 996.12
1294.95 996.52
571.63 997.88
571.63 997.88
2578.69 997.40
1749.03 998.45
2348.59 997.91
2365.39 998.39
159.26 999.10
449.28 1000.72
2470.74 1000.24
284.02 1002.18
2322.13 1003.91
567.41 1005.43
2359.37 1005.71
676.27 1007.01
1241.88 1007.27
535.11 1008.19
253.97 1009.41
383.09 1010.16
2459.11 1010.90
2328.15 1012.01
613.23 1012.39
596.63 1013.52
497.10 1014.55
2603.70 1015.16
546.63 1015.31
178.12 1016.59
2207.65 1016.41
2312.72 1016.64
424.56 1017.86
1432.24 1017.35
91.22 1018.80
636.72 1019.11
415.97 1019.42
588.28 1022.57
1030.19 1022.80
1030.19 1022.80
1073.78 1022.07
1073.78 1022.07
2250.34 1022.98
704.40 1023.79
914.41 1025.27
2285.25 1026.05
2535.23 1026.31
368.00 1027.64
419.53 1027.62
33.20 1029.73
1718.71 1029.06
499.97 1031.63
2139.44 1032.19
1946.76 1032.64
594.37 1033.49
594.37 1033.49
94.18 1034.70
688.14 1034.87
432.17 1035.47
1602.95 1035.58
238.24 1039.47
238.24 1039.47
1812.76 1039.19
455.61 1042.74
1947.07 1042.47
2376.40 1042.17
2376.40 1042.17
2043.02 1044.23
2408.05 1044.98
2408.05 1044.98
155.85 1045.82
212.90 1045.92
1774.27 1045.25
2317.71 1045.66
255.32 1046.35
1751.85 1048.05
364.72 1050.31
573.48 1050.12
2357.45 1051.47
2601.79 1051.83
2653.09 1051.71
1484.23 1052.24
136.09 1053.64
136.09 1053.64
285.13 1054.13
373.20 1055.80
2446.50 1055.39
2446.50 1055.39
2207.76 1057.73
2207.76 1057.73
2408.09 1059.55
1843.56 1062.26
2443.77 1066.30
422.13 1069.85
2556.21 1069.64
156.06 1070.48
166.75 1070.59
842.45 1070.96
2575.94 1072.09
595.04 1073.13
2549.21 1075.38
2603.84 1079.46
2627.78 1079.66
555.50 1081.76
438.35 1085.18
517.14 1086.47
2402.47 1086.56
658.88 1088.32
939.27 1088.01
1782.68 1088.16
580.00 1089.55
580.00 1089.55
1411.11 1089.35
428.38 1090.54
1356.67 1090.38
2518.04 1090.94
2178.21 1093.38
2204.85 1094.12
280.94 1095.77
2411.17 1095.95
1312.81 1099.18
2375.47 1101.64
2211.58 1102.50
2211.58 1102.50
2482.50 1103.73
120.22 1104.24
120.22 1104.24
168.81 1104.49
1791.41 1103.94
2464.84 1104.02
27.76 1106.32
392.34 1107.72
128.09 1108.67
161.41 1109.71
2407.32 1110.57
1731.11 1112.65
1789.82 1113.49
1789.82 1113.49
566.71 1115.33
1466.28 1115.99
1466.28 1115.99
441.83 1118.52
465.85 1119.18
2557.96 1121.32
2557.96 1121.32
653.05 1125.04
163.12 1126.09
341.04 1126.07
1348.14 1126.19
2556.56 1136.27
641.96 1138.00
2434.11 1138.40
586.22 1143.86
2300.40 1144.46
1984.93 1146.19
623.50 1147.84
1827.58 1148.74
1910.57 1148.60
373.54 1152.01
2483.04 1153.73
2483.04 1153.73
388.01 1154.74
11.62 1155.25
1820.76 1155.89
2555.61 1155.79
2547.19 1157.55
1510.28 1160.72
925.71 1161.46
1340.35 1160.91
2035.01 1161.36
161.29 1163.09
566.26 1163.20
74.68 1163.57
123.03 1162.92
301.39 1164.19
482.32 1165.62
644.61 1166.61
1705.92 1166.89
1650.61 1167.27
1666.57 1167.36
544.77 1168.93
544.77 1168.93
2553.57 1168.59
2562.33 1169.97
424.23 1170.34
687.65 1172.32
316.27 1173.14
370.18 1172.99
674.80 1173.26
445.92 1174.74
2555.46 1176.68
2555.46 1176.68
2041.11 1177.35
545.87 1178.55
349.51 1179.39
365.47 1180.58
1564.98 1180.50
1073.95 1181.18
1722.75 1182.45
643.90 1183.46
2104.25 1183.29
2488.95 1183.20
829.64 1184.98
2475.50 1185.36
2630.78 1185.12
2630.78 1185.12
1909.40 1186.13
2137.72 1188.69
292.45 1190.71
857.48 1191.18
817.91 1192.18
1474.50 1193.44
2422.56 1193.60
183.03 1194.10
345.79 1194.36
1425.76 1194.96
2071.09 1194.01
2403.98 1194.33
464.98 1195.84
32.65 1196.36
807.99 1196.85
2174.55 1196.55
1235.74 1197.48
1183.30 1199.60
1075.32 1200.78
833.57 1201.19
923.22 1203.35
1766.83 1203.64
967.35 1204.80
1869.19 1204.69
804.26 1205.14
1436.65 1205.14
403.36 1208.54
1194.60 1209.66
1059.04 1209.95
2489.05 1210.61
2489.05 1210.61
2459.44 1211.13
840.96 1214.01
965.33 1213.32
369.52 1214.06
451.82 1214.05
865.75 1214.21
865.75 1214.21
612.14 1215.86
2629.57 1215.49
2475.42 1216.51
1202.70 1221.40
635.59 1221.86
1386.90 1222.54
532.89 1224.23
2542.93 1226.75
2504.79 1228.05
583.78 1228.23
666.70 1230.50
1951.11 1230.34
508.14 1231.84
508.14 1231.84
538.89 1231.92
554.45 1231.14
691.76 1231.71
1974.32 1231.56
2000.05 1231.32
1988.08 1232.70
409.36 1234.25
1885.38 1234.58
298.52 1235.08
318.89 1236.33
1787.82 1236.28
591.80 1237.41
1745.09 1237.08
15.06 1238.57
140.07 1238.33
554.77 1238.84
845.93 1242.37
2564.98 1242.90
2584.80 1243.08
2531.98 1243.59
2637.96 1243.93
2040.19 1245.24
597.62 1246.67
874.97 1246.53
1275.24 1247.74
55.15 1248.99
67.95 1248.05
176.09 1248.66
1285.68 1248.33
1316.03 1248.78
1348.33 1248.75
121.61 1249.91
239.29 1249.80
2651.30 1249.44
2651.30 1249.44
620.32 1250.84
630.39 1251.37
1544.71 1251.06
2189.67 1252.17
2600.66 1252.15
1598.09 1254.11
2150.23 1253.87
341.83 1255.72
1088.33 1255.48
874.03 1256.42
1062.70 1257.08
1639.67 1256.41
160.22 1257.23
1353.39 1257.35
2608.93 1257.26
119.75 1258.73
242.24 1258.55
2016.55 1257.87
2016.55 1257.87
2593.50 1258.73
820.46 1259.43
2419.14 1261.62
2397.23 1262.09
544.24 1263.82
1030.36 1265.07
1030.36 1265.07
2511.63 1265.53
343.68 1266.57
589.63 1268.58
1789.17 1270.30
1789.17 1270.30
2522.27 1269.80
2522.27 1269.80
1183.61 1271.07
1530.20 1271.32
157.74 1272.57
675.67 1272.38
2611.32 1273.41
166.94 1278.70
489.58 1278.40
2165.58 1278.42
523.43 1285.40
1826.12 1286.03
1826.12 1286.03
168.49 1287.04
193.75 1289.10
1737.58 1290.86
1737.58 1290.86
1766.70 1290.53
1670.90 1294.13
1690.79 1293.14
2089.20 1293.63
182.01 1294.54
2052.15 1294.84
2488.89 1294.19
112.91 1296.75
1565.42 1296.42
1957.11 1298.71
308.42 1301.65
308.42 1301.65
595.86 1301.63
1687.26 1301.64
1863.43 1301.68
498.89 1302.37
2614.41 1305.18
1679.92 1308.95
139.56 1309.28
509.27 1310.29
2592.93 1310.86
245.72 1311.20
417.28 1311.56
132.12 1314.53
1838.35 1314.62
1838.35 1314.62
278.85 1315.69
458.31 1316.32
458.31 1316.32
1461.48 1316.74
2480.23 1316.22
252.53 1317.40
252.53 1317.40
363.28 1317.29
1441.15 1317.88
415.10 1319.69
2523.31 1322.21
355.13 1323.60
280.01 1324.56
612.25 1325.85
392.16 1328.64
1047.32 1332.38
1059.99 1332.80
1073.73 1332.41
520.46 1335.94
933.39 1335.60
991.56 1335.21
367.78 1337.13
25.44 1338.28
276.69 1341.32
2626.57 1343.98
152.17 1345.79
605.24 1346.15
605.24 1346.15
344.77 1347.45
305.53 1348.22
535.11 1349.23
114.35 1351.37
520.34 1351.58
2507.72 1351.52
2507.72 1351.52
551.60 1353.83
635.51 1354.75
543.07 1355.65
149.31 1356.39
482.23 1356.64
306.67 1357.66
2580.49 1361.94
2478.21 1365.19
129.62 1371.65
1253.82 1374.90
98.86 1375.97
33.34 1379.90
2593.97 1379.19
546.04 1384.07
163.99 1385.10
163.99 1385.10
630.30 1387.68
209.41 1388.72
684.38 1388.74
145.36 1389.33
145.36 1389.33
970.91 1388.98
2319.48 1389.32
179.02 1392.01
2570.59 1394.51
28.84 1396.99
171.32 1397.30
2508.58 1399.47
195.35 1402.69
455.82 1402.63
207.23 1404.40
594.42 1404.33
2554.48 1405.05
2652.46 1407.15
456.81 1410.15
602.85 1410.23
285.42 1411.82
559.67 1413.09
2614.39 1413.40
482.57 1414.75
1630.18 1414.52
443.28 1418.34
488.54 1422.59
488.54 1422.59
2560.08 1423.60
397.93 1424.68
197.34 1425.54
262.68 1426.59
262.68 1426.59
287.67 1426.09
117.63 1428.92
2461.66 1430.51
390.74 1431.27
62.89 1432.82
2558.83 1431.53
285.87 1434.97
1000.64 1435.19
913.52 1437.82
968.33 1437.94
2577.90 1437.68
939.54 1439.11
2535.23 1443.51
404.03 1444.80
2576.63 1446.02
65.75 1446.68
295.69 1447.83
295.69 1447.83
2494.40 1452.97
121.22 1454.22
1682.54 1461.52
290.23 1462.09
287.33 1472.81
515.77 1473.87
515.77 1473.87
909.56 1473.24
400.03 1480.01
876.77 1481.51
966.18 1481.09
2051.30 1483.68
2694.25 1483.96
865.55 1486.41
2237.25 1489.44
2268.44 1490.94
938.28 1492.01
2675.21 1492.73
1059.10 1493.60
2356.47 1494.60
263.73 1495.54
263.73 1495.54
431.06 1496.31
954.86 1495.92
2611.42 1495.44
1929.40 1497.96
2592.56 1497.06
2712.54 1499.05
976.29 1499.64
2192.81 1498.95
2192.81 1498.95
1855.09 1503.13
1917.69 1503.87
957.63 1505.37
1844.66 1505.57
2028.76 1506.51
177.62 1507.22
642.92 1507.10
1778.26 1509.06
1882.84 1509.60
2486.40 1510.46
304.39 1511.60
1687.85 1512.14
1826.82 1513.19
602.65 1516.32
84.06 1517.37
277.55 1520.71
307.06 1520.06
635.74 1520.03
241.77 1522.40
222.28 1526.52
283.55 1528.23
428.27 1528.42
212.69 1531.86
145.17 1536.73
487.93 1536.72
2190.19 1541.84
2375.95 1542.36
165.14 1544.67
2224.97 1550.56
2199.47 1553.38
2199.47 1553.38
111.76 1555.56
2020.85 1558.56
2020.85 1558.56
1980.81 1560.33
1980.81 1560.33
2193.10 1560.84
854.64 1563.58
2064.89 1563.32
2064.89 1563.32
2358.39 1565.89
928.33 1566.22
2057.52 1567.41
2459.48 1567.04
1431.92 1568.73
1869.37 1568.51
1976.38 1568.63
2374.30 1568.59
2374.30 1568.59
2285.04 1569.56
2349.91 1571.73
490.30 1574.00
848.85 1575.79
2016.62 1576.58
2312.49 1577.07
1868.23 1578.10
968.00 1581.35
1418.03 1581.96
2139.93 1581.07
570.01 1582.60
2227.97 1582.38
2227.97 1582.38
78.39 1583.20
1669.80 1583.58
934.30 1584.26
1875.90 1585.52
2199.58 1585.75
2199.58 1585.75
2323.36 1586.38
1727.10 1587.24
2057.84 1588.63
1835.07 1590.13
2109.93 1591.41
2027.19 1593.69
1664.93 1594.92
2063.40 1595.09
1958.12 1597.55
1683.98 1598.75
1899.20 1602.55
542.59 1603.84
660.04 1603.40
1880.08 1603.88
2056.48 1604.03
579.08 1605.43
1338.70 1607.49
1338.70 1607.49
1428.37 1608.33
428.73 1611.88
1416.97 1613.00
1766.78 1612.09
1869.70 1612.49
500.87 1614.21
1444.80 1613.51
336.67 1614.18
1474.64 1616.11
1474.64 1616.11
1838.60 1616.15
629.51 1619.27
1683.74 1619.30
1453.05 1620.19
308.07 1621.43
1106.85 1621.84
1106.85 1621.84
1632.52 1621.30
397.07 1624.16
1527.15 1624.95
1558.57 1624.61
294.49 1625.20
276.32 1626.08
1088.62 1626.69
1088.62 1626.69
1467.73 1626.13
1661.76 1627.02
1515.23 1628.54
2224.75 1631.17
1458.72 1632.77
152.05 1633.52
241.03 1633.23
2201.54 1633.42
2362.54 1634.05
326.07 1634.32
1092.08 1634.64
1655.17 1634.36
1076.12 1635.19
2209.17 1638.84
53.54 1640.00
207.05 1642.85
972.10 1643.66
956.18 1644.74
922.18 1647.44
2187.62 1651.15
2187.62 1651.15
193.98 1652.76
69.38 1655.97
2019.72 1656.58
2029.35 1660.82
530.72 1661.86
643.78 1662.87
1866.40 1662.29
2148.67 1663.65
2148.67 1663.65
626.21 1669.50
1888.21 1670.17
617.87 1672.40
574.71 1673.15
526.04 1676.98
1426.62 1679.07
1919.24 1678.02
87.29 1679.13
87.29 1679.13
429.04 1679.70
921.70 1679.00
1687.66 1679.93
1826.50 1681.46
1792.83 1682.10
501.62 1683.56
386.66 1684.32
1835.67 1685.87
338.33 1686.91
1785.94 1689.51
131.96 1692.87
131.96 1692.87
255.38 1692.20
1676.29 1694.52
1676.29 1694.52
1561.92 1699.54
102.28 1703.35
281.08 1706.11
138.78 1710.00
743.02 1711.97
56.82 1715.37
327.17 1716.80
112.31 1721.59
112.31 1721.59
349.84 1726.07
2413.21 1734.26
295.55 1737.84
2427.47 1739.17
812.20 1744.50
2237.34 1754.37
207.27 1757.37
2059.49 1766.44
1993.26 1788.93
1354.35 1791.18
1527.52 1801.51
2407.08 1801.62
1639.79 1802.56
1782.68 1802.26
1687.38 1804.61
1605.52 1809.26
1646.58 1809.36
1635.70 1818.65
1395.56 1828.58
1395.56 1828.58
2263.54 1834.04
2263.54 1834.04
2095.82 1854.59
1933.19 1876.61
1739.47 1890.95
1749.77 1892.26
1757.38 1899.85
1659.08 1905.37
1583.10 1912.34
2330.62 14.55
552.80 21.11
552.80 21.11
108.15 23.02
931.16 22.93
2333.17 24.74
48.11 28.10
1982.06 30.66
2212.44 30.25
1793.80 38.77
498.12 40.06
498.12 40.06
2410.38 41.37
2467.67 40.35
2343.55 43.86
1014.30 47.23
2440.52 46.95
2440.52 46.95
123.59 48.73
123.59 48.73
1851.66 47.40
109.67 52.71
2356.28 52.02
2487.06 55.74
22.31 56.02
1018.38 58.18
2473.57 58.74
2120.20 60.24
731.14 64.52
17.43 66.93
17.43 66.93
2162.81 69.52
2162.81 69.52
387.50 72.72
1036.09 74.50
636.37 77.84
636.37 77.84
458.97 81.21
2574.41 80.13
592.12 82.13
1975.85 82.38
2633.98 82.62
608.50 84.79
2089.04 84.90
1138.46 87.10
810.00 89.31
906.77 87.84
878.39 90.19
2590.37 91.87
2129.99 97.17
2247.59 98.32
792.49 99.75
175.26 103.27
249.59 103.07
458.01 103.27
423.36 103.88
2353.94 105.04
2353.94 105.04
1976.41 107.33
2366.90 105.85
2427.01 110.55
2620.21 112.37
179.93 114.48
179.93 114.48
556.19 113.60
1468.44 115.03
2295.67 114.82
2491.00 116.34
834.37 119.02
1023.77 119.31
298.84 120.02
298.84 120.02
695.28 120.86
1060.12 120.86
143.21 122.50
66.57 124.56
563.37 124.58
848.46 124.91
459.59 125.79
574.52 126.44
920.05 126.98
986.95 125.62
1654.13 128.34
133.64 129.16
202.11 133.54
202.11 133.54
454.89 134.95
610.09 134.09
2553.98 135.47
182.33 139.00
1728.16 138.39
2421.57 139.02
663.71 139.96
2037.08 140.11
2098.99 141.14
2079.62 144.94
2287.65 145.48
532.48 147.05
268.92 149.97
268.92 149.97
991.21 149.34
991.21 149.34
1401.19 148.86
2415.04 148.02
1724.55 151.03
205.85 153.31
652.90 153.32
2316.35 153.16
2538.82 157.94
232.87 160.04
295.24 165.53
2358.19 164.52
2358.19 164.52
829.08 166.63
1307.23 165.48
1307.23 165.48
2217.42 168.80
549.32 174.85
968.09 174.68
1271.29 173.81
2392.52 173.61
1034.34 178.26
1034.34 178.26
597.45 180.27
2221.31 179.56
2221.31 179.56
254.68 183.06
1280.71 181.52
120.78 183.86
287.27 184.44
315.00 185.00
2274.15 184.17
419.05 186.66
547.13 186.74
1030.94 189.52
536.38 192.69
130.90 198.35
856.65 200.29
856.65 200.29
309.69 202.92
2313.29 204.02
487.86 206.53
651.01 205.94
1481.35 207.55
2161.25 210.49
2462.86 210.05
2373.79 213.26
2478.50 212.41
555.55 214.47
1008.86 217.35
123.82 218.19
1402.42 218.02
2271.98 219.42
1523.38 221.28
2468.14 220.73
31.54 223.64
581.87 222.29
2294.32 223.79
2322.38 223.07
427.51 224.22
793.82 223.52
806.35 225.31
925.04 224.72
925.04 224.72
1884.13 224.72
438.49 228.32
2260.75 229.22
2172.51 231.19
2485.03 230.44
777.79 233.23
2469.50 232.19
2510.16 232.46
311.78 235.58
311.78 235.58
821.30 235.41
2576.91 235.69
2576.91 235.69
2546.24 238.30
594.80 245.14
713.26 244.17
2322.22 245.50
127.50 247.76
127.50 247.76
879.05 254.49
34.53 257.97
300.07 258.40
1862.08 260.07
1862.08 260.07
2420.80 260.50
883.07 265.32
2444.88 264.86
2444.88 264.86
44.56 268.15
68.91 270.88
451.19 270.06
485.85 270.83
1021.28 270.08
306.48 272.10
2139.35 272.45
2139.35 272.45
260.98 275.32
987.22 275.39
998.71 274.54
529.81 276.63
28.03 279.30
45.18 279.24
2372.97 281.06
2394.56 281.65
2394.56 281.65
569.39 282.78
1855.30 283.77
272.65 287.58
294.78 287.37
525.13 286.86
126.62 290.60
434.73 289.73
2206.30 291.20
2341.36 290.61
896.64 293.88
2239.72 297.46
682.55 299.27
799.49 299.20
799.49 299.20
2285.34 298.67
2374.88 300.12
2374.88 300.12
274.43 306.96
2184.39 306.64
2404.90 306.30
294.71 310.80
1191.72 309.92
393.73 320.85
678.03 319.94
678.03 319.94
2199.98 320.13
2269.14 320.94
2346.61 319.34
690.92 322.56
721.53 323.76
665.47 328.45
180.88 332.61
2305.90 332.36
2382.59 334.67
275.57 336.56
524.38 335.84
2424.02 338.13
194.17 340.81
2411.94 343.10
862.92 345.15
2173.09 344.71
2602.52 346.86
2401.72 349.18
2153.43 350.91
917.67 352.89
22.27 354.51
145.48 354.09
522.39 357.61
452.71 359.36
896.02 359.63
1700.79 360.17
1700.79 360.17
169.95 363.31
1215.95 362.33
393.21 365.64
2277.43 366.69
321.97 369.77
812.01 372.66
914.78 371.98
935.10 375.36
2270.12 374.64
263.04 376.04
977.99 378.55
296.25 380.70
296.25 380.70
1009.09 380.53
41.29 383.52
2495.09 387.21
138.24 388.24
175.28 387.87
401.19 390.75
2461.96 389.69
465.14 394.60
527.94 400.27
527.94 400.27
2366.22 404.22
2594.98 403.76
483.51 406.85
172.69 409.61
554.27 410.40
662.60 410.20
410.80 412.72
410.80 412.72
2462.47 412.82
259.81 414.26
181.68 419.14
181.68 419.14
548.41 419.64
1268.65 419.98
2324.32 422.28
2324.32 422.28
597.61 423.68
2563.63 423.43
2563.63 423.43
447.81 426.65
703.17 425.94
2507.01 426.33
172.34 430.32
1002.93 431.36
2012.14 432.21
593.39 433.11
1610.56 434.43
181.57 437.40
181.57 437.40
457.91 439.14
1652.62 438.32
1571.85 445.91
1936.58 448.00
1936.58 448.00
2500.77 448.71
2500.77 448.71
715.99 450.06
180.46 451.62
180.46 451.62
895.44 453.23
1156.32 451.53
1156.32 451.53
1650.05 452.14
1650.05 452.14
2487.84 451.41
1690.87 457.35
2189.50 456.04
2122.03 458.66
2122.03 458.66
146.83 460.26
707.90 459.59
888.58 462.06
888.58 462.06
2366.65 464.69
2366.65 464.69
698.51 466.64
171.12 471.37
578.61 470.48
1683.51 470.06
1683.51 470.06
290.43 472.20
290.43 472.20
917.30 473.04
2085.11 473.59
2459.08 473.58
602.06 476.88
602.06 476.88
334.05 478.14
966.28 478.72
2352.90 480.88
286.71 482.22
311.95 482.17
1547.75 483.14
2371.41 483.92
58.24 486.31
58.24 486.31
2156.00 485.79
883.33 488.15
1180.48 489.31
1721.76 488.27
2198.94 489.00
462.55 490.67
2472.69 492.30
2152.57 496.76
191.96 497.97
1711.54 497.85
1711.54 497.85
823.67 500.28
920.74 501.51
920.74 501.51
2570.96 508.42
2570.96 508.42
698.18 510.27
36.38 514.70
61.51 514.57
61.51 514.57
2428.64 517.02
373.65 517.81
2313.33 519.08
26.03 520.66
235.26 522.13
742.19 523.03
742.19 523.03
1154.04 524.97
1742.28 530.08
1729.03 532.13
2391.27 531.95
2391.27 531.95
522.92 534.73
2417.06 535.46
2417.06 535.46
460.21 537.16
432.44 537.68
842.87 541.02
865.98 540.66
563.49 551.03
1149.66 549.62
1149.66 549.62
277.22 552.74
1264.68 552.80
1264.68 552.80
959.37 558.42
853.46 560.74
291.04 562.79
291.04 562.79
214.69 564.35
235.43 563.60
338.90 568.49
979.10 569.64
2322.62 570.22
721.66 571.93
184.00 573.62
328.58 574.95
1050.67 575.27
2202.17 578.27
120.80 581.43
982.76 582.19
2427.31 582.18
2282.90 583.76
97.40 586.38
97.40 586.38
687.93 588.38
2246.88 588.17
2366.05 587.90
2366.05 587.90
318.49 594.23
854.59 597.25
189.01 600.84
243.35 601.56
243.35 601.56
46.51 602.50
46.51 602.50
203.82 601.72
2507.41 604.71
2507.41 604.71
2536.77 604.43
1084.63 606.92
1084.63 606.92
2518.77 606.53
2203.48 609.86
2203.48 609.86
39.94 612.57
128.13 614.52
2511.32 614.94
2547.43 616.21
729.52 624.41
340.59 630.58
220.83 632.57
269.45 633.69
575.46 638.18
2524.62 644.23
651.18 648.40
2474.01 648.97
2354.74 650.48
503.54 652.27
554.06 651.84
330.57 653.96
1847.39 661.40
425.27 663.64
514.72 662.45
2195.94 663.14
239.58 667.50
733.73 665.99
2054.75 668.73
2264.09 667.72
229.69 671.05
326.68 672.60
1458.23 672.69
250.86 675.66
168.63 678.78
168.63 678.78
2436.72 678.58
2508.86 679.94
2528.67 681.04
2558.46 680.46
210.24 682.21
1563.34 685.51
2428.12 686.69
448.10 690.49
500.68 690.30
1167.07 690.21
2528.85 690.71
513.17 691.64
2560.58 692.48
271.23 700.30
357.72 699.70
577.09 702.56
337.19 711.01
308.54 712.98
439.61 712.29
1301.73 713.06
586.92 715.17
664.51 713.94
2335.37 714.57
2335.37 714.57
238.30 715.97
238.30 715.97
483.44 716.93
2084.48 718.52
538.98 720.39
875.38 720.92
1829.90 719.61
2469.00 720.80
692.78 723.50
580.84 724.93
1934.57 730.61
1934.57 730.61
564.76 734.67
202.84 739.81
685.06 741.12
1944.49 742.80
2539.24 742.01
2361.36 747.42
1563.80 748.61
2085.18 748.55
1127.99 755.93
1170.19 759.15
2460.08 758.78
34.48 760.21
1231.76 760.54
206.14 762.93
1109.50 767.05
31.33 770.45
1388.16 771.84
2473.89 772.75
553.53 774.92
1242.78 774.48
1416.37 773.43
2428.69 774.80
2085.07 777.58
2085.07 777.58
257.71 778.61
641.21 779.59
90.55 784.64
707.79 785.06
1979.23 784.40
246.15 787.12
246.15 787.12
1400.47 786.11
2376.71 786.54
368.48 789.55
368.48 789.55
685.37 789.32
1461.38 788.56
560.29 790.67
1775.47 790.65
35.06 793.20
1799.56 792.00
1943.19 793.27
86.93 794.43
103.61 795.32
1785.75 804.62
1588.49 806.45
683.38 809.11
683.38 809.11
1839.68 807.35
2024.86 808.68
366.23 810.73
2538.23 811.33
2551.89 810.50
1289.88 815.72
2587.01 816.80
2018.29 818.51
728.07 821.00
356.44 821.79
436.14 821.67
1302.22 828.56
1160.12 831.06
2537.72 830.53
386.59 833.67
386.59 833.67
1232.71 834.21
2562.00 834.07
171.32 836.52
1401.64 839.54
1958.39 847.60
1628.03 848.42
1197.80 850.20
332.48 851.48
426.19 854.51
1214.02 854.32
1969.55 854.67
2372.65 854.70
2409.32 853.50
1245.18 857.60
1828.22 856.74
529.49 858.48
1940.07 858.27
399.93 864.25
1773.48 863.30
1773.48 863.30
2560.48 864.32
2560.48 864.32
2328.94 866.38
2540.93 865.81
1143.21 867.90
1222.60 868.83
2511.30 869.18
2511.30 869.18
1856.54 870.60
1856.54 870.60
1935.39 870.03
384.67 874.87
676.67 876.85
2056.70 880.02
484.95 883.35
686.49 886.85
2375.56 885.47
2375.56 885.47
472.36 888.82
2116.29 889.28
2438.24 888.81
383.58 893.61
1940.32 892.73
914.23 895.35
1084.00 894.21
2531.09 894.77
2531.09 894.77
1627.39 899.72
1627.39 899.72
598.49 902.98
631.80 904.18
376.03 906.75
376.03 906.75
324.24 909.20
324.24 909.20
610.44 909.10
1232.81 908.92
1113.30 913.27
1302.48 913.77
516.44 919.25
2482.64 918.43
650.61 923.34
682.70 921.98
2472.48 922.72
740.28 924.66
430.58 925.74
635.79 932.43
654.34 933.50
119.09 935.14
2085.84 933.71
614.25 941.46
700.23 941.13
1906.66 940.36
298.19 944.87
565.43 944.13
659.48 944.39
2557.35 947.04
2419.70 947.90
132.84 952.01
132.84 952.01
1605.95 954.28
2478.77 956.78
2134.79 960.90
34.78 964.06
135.08 964.43
564.89 964.06
2216.96 965.00
2201.28 965.61
2518.82 967.28
1474.66 968.87
1158.15 970.24
1512.49 972.22
2460.68 972.36
140.65 974.97
140.65 974.97
1828.68 973.61
1631.32 975.64
1812.04 979.07
1934.38 981.21
2291.58 979.92
2569.50 980.95
732.73 983.67
732.73 983.67
1170.86 983.42
1170.86 983.42
1400.80 982.51
1461.67 983.26
2560.38 984.41
1786.20 986.74
1839.42 987.42
1607.52 988.32
1607.52 988.32
166.62 990.94
166.62 990.94
2182.91 990.73
1547.08 993.36
1812.78 992.17
1576.86 997.60
1613.22 998.93
2380.17 998.89
2380.17 998.89
676.62 1006.58
676.62 1006.58
1015.95 1011.56
2040.52 1013.17
546.68 1015.16
1762.30 1014.20
2071.72 1017.09
2288.17 1015.71
42.81 1017.91
339.01 1018.62
361.31 1019.38
2052.43 1018.31
489.16 1021.92
173.01 1024.99
507.63 1024.47
2304.91 1025.00
403.56 1028.05
2051.35 1029.55
2211.47 1029.57
2417.19 1028.08
153.79 1034.60
2295.48 1034.01
2384.89 1035.79
2384.89 1035.79
27.80 1039.18
2344.11 1040.83
865.22 1041.92
1742.10 1043.09
2446.62 1042.78
751.73 1043.88
2418.18 1043.57
145.36 1047.44
1856.35 1048.39
1856.35 1048.39
921.78 1051.64
2339.82 1054.34
2583.28 1054.38
107.93 1058.63
440.62 1060.77
1626.97 1060.21
2354.48 1061.25
298.66 1062.88
143.98 1064.66
2332.84 1063.99
2344.11 1063.85
73.38 1073.49
2366.97 1072.55
2340.68 1074.34
2586.91 1079.54
2362.69 1083.30
2545.11 1086.39
538.57 1091.26
2390.18 1093.32
159.43 1094.94
159.43 1094.94
264.40 1095.66
2341.31 1095.43
2364.38 1093.79
2364.38 1093.79
2432.21 1097.57
2432.21 1097.57
106.60 1102.69
106.60 1102.69
551.37 1111.03
676.86 1111.00
693.47 1109.26
948.20 1115.10
2365.11 1115.37
370.24 1117.10
426.98 1117.19
1391.14 1116.73
2454.87 1116.94
1341.04 1118.48
1489.65 1117.93
484.41 1120.27
604.02 1120.43
587.52 1122.70
25.79 1129.52
2467.35 1128.31
471.41 1140.25
563.57 1141.24
669.45 1140.15
969.99 1144.70
2626.05 1144.02
264.05 1145.06
587.38 1154.58
1489.89 1160.27
631.77 1164.57
401.00 1168.85
620.28 1170.76
2236.47 1172.28
336.84 1173.50
635.81 1174.96
2480.18 1175.44
2630.53 1175.23
985.96 1177.06
1659.94 1176.12
2217.26 1177.55
290.75 1178.64
1622.44 1182.83
1639.46 1182.09
2233.88 1182.74
1954.47 1184.23
2018.94 1184.04
1745.82 1187.12
1820.35 1185.88
1082.39 1188.77
1863.78 1188.67
1523.45 1189.92
2243.37 1190.95
122.00 1192.83
279.79 1192.88
821.45 1192.90
104.37 1194.06
104.37 1194.06
2082.89 1194.67
669.54 1199.20
1852.13 1198.59
1887.61 1197.58
1986.88 1198.94
1182.44 1200.03
978.67 1202.70
1675.37 1201.77
1869.05 1206.59
2467.53 1207.10
50.03 1210.30
1025.88 1210.21
2353.20 1210.41
568.38 1212.59
1207.38 1211.94
1332.13 1212.77
1731.30 1216.88
1731.30 1216.88
920.64 1219.14
1064.48 1219.44
2188.61 1220.64
1047.24 1221.47
2468.53 1224.12
594.15 1226.61
594.15 1226.61
2179.52 1227.14
356.56 1229.71
2082.06 1230.90
2620.66 1232.56
489.16 1233.99
575.89 1236.28
2195.73 1236.89
2149.91 1238.52
391.35 1239.66
287.12 1242.59
1959.62 1242.63
2003.58 1241.17
2182.01 1242.08
2595.13 1242.07
1986.34 1244.24
105.27 1245.45
105.27 1245.45
268.50 1245.82
364.32 1248.70
819.09 1247.88
2132.80 1247.85
2015.35 1257.07
2015.35 1257.07
2337.03 1256.92
159.86 1258.01
591.51 1257.72
1526.65 1260.08
1526.65 1260.08
2555.15 1260.88
1104.94 1264.76
442.17 1265.72
2206.94 1273.93
2612.21 1273.98
520.99 1276.57
804.59 1276.57
1101.89 1276.05
2177.72 1276.84
454.22 1278.39
501.75 1281.50
146.87 1282.63
1121.72 1284.40
1752.38 1288.47
2518.44 1289.47
1719.55 1291.07
926.88 1302.98
797.64 1304.44
1846.94 1303.72
469.20 1309.61
2490.42 1312.68
2490.42 1312.68
444.66 1315.34
1574.56 1315.12
1441.34 1318.69
1475.02 1318.21
1402.35 1321.05
2575.45 1319.89
422.21 1327.81
352.46 1332.80
153.82 1335.94
153.82 1335.94
1708.86 1336.34
876.88 1338.92
826.71 1340.51
428.13 1344.68
2478.66 1345.74
63.68 1352.05
2588.64 1357.29
217.65 1359.56
645.43 1360.04
2500.16 1361.21
2500.16 1361.21
2526.12 1362.52
361.01 1363.61
57.39 1376.18
1046.16 1384.68
48.35 1390.78
243.40 1391.98
539.62 1392.60
2475.12 1392.56
401.97 1393.61
630.97 1398.24
2621.63 1397.77
613.41 1399.21
665.14 1400.60
101.94 1402.18
668.34 1409.91
2465.13 1410.34
2486.69 1416.22
59.04 1418.34
271.30 1419.41
410.56 1420.32
247.13 1422.41
344.90 1428.33
239.15 1431.03
490.50 1433.04
128.36 1434.19
968.71 1438.17
184.75 1441.01
812.52 1455.50
2571.00 1456.50
81.56 1458.65
926.77 1458.74
980.54 1457.73
2494.83 1462.16
255.79 1470.74
156.03 1476.49
527.81 1481.06
888.75 1481.78
287.26 1484.38
287.26 1484.38
713.66 1483.68
252.45 1488.39
252.45 1488.39
1058.86 1491.11
1071.83 1493.65
2573.28 1499.21
144.77 1506.36
1429.73 1507.01
2651.85 1505.82
2663.15 1507.41
1461.27 1508.78
1461.27 1508.78
2020.60 1513.19
1582.46 1520.87
2176.40 1519.84
262.19 1522.04
95.81 1528.88
1025.91 1529.08
442.60 1534.07
890.97 1533.75
652.68 1536.61
652.68 1536.61
253.01 1539.20
279.83 1537.93
321.97 1540.72
1010.58 1540.88
352.07 1542.97
938.96 1542.97
440.29 1545.04
524.40 1544.13
693.82 1544.32
693.82 1544.32
894.66 1547.18
1050.94 1546.32
273.60 1548.41
851.31 1552.95
159.79 1554.43
1352.72 1555.09
636.51 1556.46
636.51 1556.46
1825.80 1556.12
580.78 1565.07
66.34 1567.56
236.05 1566.10
320.37 1566.47
827.56 1568.32
2726.78 1567.64
366.42 1570.91
2654.75 1570.10
415.60 1572.47
925.27 1575.39
2190.34 1577.03
1838.36 1581.15
1838.36 1581.15
1517.15 1582.23
1573.89 1585.01
1447.29 1586.60
17.91 1593.17
71.82 1592.90
968.96 1592.22
968.96 1592.22
1689.41 1591.53
125.00 1595.31
541.99 1593.61
935.00 1594.79
159.20 1596.57
395.86 1597.36
186.79 1598.04
450.16 1599.96
450.16 1599.96
1663.91 1604.92
2028.46 1605.33
926.28 1605.69
239.73 1612.78
1748.53 1611.88
341.52 1620.74
396.50 1622.97
573.31 1621.89
2353.26 1622.78
187.56 1627.30
442.05 1627.19
1690.55 1625.98
170.62 1631.07
550.63 1630.58
942.69 1635.99
151.51 1642.29
849.30 1642.53
939.44 1645.85
33.18 1649.15
49.82 1648.88
558.74 1650.36
877.24 1650.13
1550.44 1651.10
758.96 1657.83
677.96 1660.33
1520.13 1664.78
1416.23 1667.19
435.55 1667.43
1474.87 1670.64
1881.61 1677.09
1881.61 1677.09
492.06 1680.00
492.06 1680.00
355.38 1682.75
2037.35 1682.18
889.61 1690.86
1428.57 1690.59
2406.39 1690.31
206.85 1695.01
333.89 1696.30
1778.77 1697.62
1778.77 1697.62
54.43 1706.12
1769.49 1706.77
992.27 1708.48
1031.20 1707.92
104.49 1712.75
91.40 1713.88
2176.87 1714.00
2176.87 1714.00
2162.41 1715.87
2162.41 1715.87
2145.55 1717.81
2145.55 1717.81
2116.84 1720.37
2116.84 1720.37
155.57 1725.52
2050.84 1727.08
2050.84 1727.08
1033.22 1730.48
40.97 1733.24
779.28 1733.11
2004.25 1731.80
2004.25 1731.80
1986.31 1734.13
1986.31 1734.13
1289.86 1736.68
1289.86 1736.68
2394.77 1738.39
1429.00 1740.12
1364.40 1744.58
1364.40 1744.58
2378.40 1747.49
1438.57 1749.84
1438.57 1749.84
2085.45 1762.71
1832.00 1788.35
2416.21 1805.00
1647.20 1809.16
2341.51 1821.61
1635.16 1835.52
1982.22 1868.04
1982.22 1868.04
1851.59 1869.95
1688.68 1900.82
1638.75 1907.82
1628.40 1915.82
2418.77 9.95
1118.75 25.62
1838.30 40.42
484.58 43.55
441.91 46.39
2163.85 49.43
2331.28 51.00
186.60 51.96
154.42 64.98
154.42 64.98
178.45 66.19
489.60 67.73
771.94 67.44
2462.52 67.93
306.64 71.92
417.47 73.81
2596.71 75.52
125.13 76.37
525.26 77.07
525.26 77.07
2017.80 76.17
2017.80 76.17
569.81 81.01
416.45 89.08
469.61 95.98
403.51 100.15
705.92 102.57
583.92 104.92
1783.88 111.56
857.76 113.98
18.80 119.85
2554.30 120.28
120.62 122.98
612.57 123.14
1884.58 123.30
188.91 126.89
188.91 126.89
1121.76 129.01
1576.78 129.75
58.87 132.45
58.87 132.45
596.24 132.47
2445.65 132.15
785.01 135.53
2464.86 133.93
762.62 142.52
689.34 147.02
410.89 155.94
744.35 154.83
2348.54 153.77
2034.18 156.97
468.57 161.96
1277.13 161.74
244.97 171.11
654.57 174.81
164.57 175.67
986.02 177.61
986.02 177.61
2627.04 180.26
108.84 184.95
2192.40 185.93
2578.09 188.51
2578.09 188.51
912.40 189.98
982.71 189.81
1485.92 191.06
2009.59 191.20
2035.62 191.21
714.08 191.62
714.08 191.62
450.55 195.21
1530.58 196.87
389.76 198.45
2269.14 198.09
2344.98 199.24
618.05 200.34
2119.31 199.90
2070.73 202.32
2378.12 201.47
822.17 203.46
1468.05 204.88
1468.05 204.88
696.20 207.10
2086.84 205.63
109.90 207.95
949.11 214.75
2065.66 214.84
496.17 218.65
695.95 222.72
2157.36 223.44
2157.36 223.44
1462.67 229.12
2144.30 228.76
332.78 232.62
2201.55 232.87
2318.42 234.40
2318.42 234.40
2559.64 235.32
2559.64 235.32
954.61 238.00
793.11 245.06
114.77 246.47
19.04 253.10
2151.64 263.38
686.79 265.42
665.15 268.99
665.15 268.99
136.50 270.94
1817.68 269.81
921.24 274.45
921.24 274.45
1470.19 273.96
441.69 276.56
441.69 276.56
307.85 285.16
1419.11 285.58
387.12 291.90
2189.15 293.52
2132.34 298.15
2161.52 306.60
2232.90 310.05
2373.91 313.08
134.13 318.23
452.33 318.54
1825.71 319.37
379.44 322.05
2314.76 322.03
1861.09 323.61
1861.09 323.61
165.46 329.19
657.22 340.84
1563.39 342.61
1563.39 342.61
1752.21 344.74
856.82 356.00
1016.01 356.62
1784.80 355.98
906.10 358.63
1556.31 357.81
1576.05 359.60
1576.05 359.60
253.29 362.76
2061.66 362.02
2196.40 365.45
142.15 367.80
874.39 369.09
996.25 368.52
996.25 368.52
1014.33 370.88
1014.33 370.88
2196.41 381.90
847.17 384.92
1606.08 391.96
2365.41 392.20
1008.70 394.85
354.03 399.33
380.76 400.67
435.18 402.41
516.93 408.18
602.25 411.11
2606.73 409.88
2391.58 412.56
463.22 414.13
114.09 416.25
1004.00 418.47
2494.85 419.13
2494.85 419.13
398.82 422.64
2481.03 425.18
468.89 427.00
231.59 432.20
681.78 436.68
681.78 436.68
705.91 437.27
2494.68 437.23
2579.91 435.97
394.33 439.96
1512.54 442.30
427.31 448.52
613.07 449.56
613.07 449.56
2090.09 450.63
768.58 454.02
820.53 454.50
2532.05 455.07
2532.05 455.07
2514.33 457.02
919.58 461.40
459.02 463.61
604.42 462.60
604.42 462.60
193.86 465.46
2500.88 467.00
2500.88 467.00
827.22 470.93
2266.85 477.05
2295.24 476.80
2295.24 476.80
710.56 477.74
710.56 477.74
949.48 478.27
897.80 483.06
2397.98 484.32
2542.09 485.61
1970.96 494.83
1537.23 496.84
2400.85 497.40
232.37 498.71
170.16 508.11
170.16 508.11
875.01 518.59
2463.36 519.65
903.11 522.59
861.19 527.62
229.33 533.13
2587.55 533.85
2587.55 533.85
268.80 535.83
312.47 537.41
882.50 537.13
882.50 537.13
797.60 546.50
297.91 549.38
760.96 550.67
908.17 550.74
590.85 552.86
2144.18 564.94
2144.18 564.94
576.32 566.53
1467.14 569.01
214.44 577.66
809.01 582.07
247.52 588.88
247.52 588.88
2471.76 587.61
793.74 589.70
2228.14 589.47
343.36 592.12
1657.11 592.87
330.15 600.62
330.15 600.62
62.45 604.09
565.84 611.67
729.76 612.40
123.24 625.61
157.67 632.45
591.66 635.44
1469.03 637.10
331.35 640.93
2382.16 642.83
472.73 649.03
415.95 650.16
721.16 650.43
1462.94 660.15
2358.12 662.69
2358.12 662.69
405.47 664.53
2571.19 671.27
639.76 671.49
749.53 672.84
2366.50 682.94
1776.97 687.85
2470.82 689.22
740.51 689.82
1145.03 691.06
2503.42 690.95
209.09 693.75
442.49 700.89
1172.40 701.87
1172.40 701.87
1293.41 702.89
2531.78 703.91
1855.67 706.46
886.84 709.54
1186.58 711.49
2424.34 717.44
2424.34 717.44
652.19 720.88
652.19 720.88
2380.05 720.97
733.11 725.42
1947.52 727.94
1947.52 727.94
2100.36 731.49
1115.49 732.62
1115.49 732.62
1427.02 737.45
1411.89 737.34
1128.84 743.77
1187.70 744.49
1187.70 744.49
2469.64 745.62
192.48 750.54
2445.58 752.96
2099.56 757.02
1811.50 759.65
2384.52 762.00
536.01 767.94
565.24 767.84
118.68 769.33
2281.44 771.28
2281.44 771.28
2374.44 773.43
2411.76 774.95
354.40 775.71
617.65 787.85
617.65 787.85
2089.32 793.56
2089.32 793.56
2546.67 792.15
131.11 798.98
1957.40 798.77
2106.82 797.87
619.38 800.80
421.60 805.01
707.57 809.33
2000.90 807.54
746.21 812.21
2111.44 814.98
1183.86 817.20
1209.90 819.24
986.91 822.94
335.41 826.67
1196.36 826.82
1196.36 826.82
2436.42 829.45
1217.43 833.88
2550.94 833.70
1431.33 838.45
1448.50 843.56
2582.26 847.11
736.88 848.20
1386.09 849.44
1386.09 849.44
552.98 850.08
1143.10 853.13
1143.10 853.13
1813.20 852.62
245.65 855.13
926.67 859.31
926.67 859.31
2614.24 857.99
1759.10 861.78
2354.31 872.35
1926.81 880.30
1383.88 883.89
1383.88 883.89
1370.36 890.59
1782.65 892.89
2461.50 893.52
1463.73 894.81
2384.18 898.89
1640.94 903.78
540.51 903.76
2596.12 907.55
1099.49 908.27
2461.23 914.44
140.19 919.28
559.53 919.78
559.53 919.78
623.40 919.38
362.34 921.70
1611.69 923.74
2167.06 924.49
176.46 928.50
262.12 927.90
311.41 931.73
562.72 932.34
2152.83 932.52
436.31 937.24
436.31 937.24
2356.14 936.17
2214.95 942.72
88.03 949.10
426.27 949.15
555.22 953.09
2447.27 951.97
2447.27 951.97
1786.08 954.30
1840.06 955.10
2630.64 955.32
740.24 960.66
1865.75 961.30
2565.94 961.53
2436.63 963.92
754.33 968.55
152.30 971.26
152.30 971.26
2179.31 972.96
405.11 977.46
2348.68 981.21
2596.34 980.06
1474.99 982.59
1729.21 983.25
1431.56 986.63
836.85 989.28
1622.07 987.82
634.17 998.44
1633.35 997.88
308.87 1005.17
1290.69 1005.08
2249.56 1006.56
475.80 1010.86
2586.05 1009.65
455.26 1011.64
624.49 1013.21
624.49 1013.21
322.33 1016.68
1242.03 1018.53
608.24 1022.48
2325.25 1023.56
2439.72 1025.02
103.28 1025.93
445.11 1027.20
2249.81 1026.24
2564.67 1026.68
316.39 1030.65
384.84 1029.73
1840.82 1031.01
2455.02 1030.92
1813.09 1035.28
1448.50 1036.17
1799.75 1037.74
1828.34 1037.35
1828.34 1037.35
394.72 1041.81
2055.68 1043.55
1842.49 1049.21
2608.73 1052.45
2463.73 1053.96
618.67 1059.74
916.46 1064.57
686.43 1066.00
2199.11 1068.38
824.08 1069.62
432.46 1073.45
432.46 1073.45
514.86 1075.28
623.29 1074.55
623.29 1074.55
548.41 1081.72
597.98 1084.95
1093.89 1083.48
1093.89 1083.48
1116.90 1084.19
1116.90 1084.19
2419.68 1085.23
1486.36 1087.27
1486.36 1087.27
2473.26 1095.54
2535.17 1096.24
59.48 1103.98
534.02 1107.46
712.08 1106.55
2430.51 1109.82
2543.93 1110.23
72.00 1117.21
518.07 1134.89
262.27 1141.58
191.58 1144.53
1909.86 1143.81
1432.38 1149.63
531.36 1151.32
2544.05 1154.37
411.29 1158.45
557.82 1160.53
489.66 1175.65
935.07 1181.61
950.86 1182.45
1700.08 1188.63
1747.88 1188.35
2034.25 1188.53
1602.71 1190.31
1651.76 1190.68
914.21 1192.05
2243.42 1192.56
2210.44 1200.07
860.70 1202.88
860.70 1202.88
2189.64 1203.79
1450.36 1204.42
2319.59 1207.18
101.68 1209.10
852.37 1218.79
271.47 1223.50
499.52 1221.23
2220.76 1230.49
838.15 1232.04
169.28 1239.04
372.64 1237.87
672.01 1241.17
351.23 1248.95
1333.08 1248.63
2455.40 1248.74
393.55 1252.97
672.23 1255.05
2489.25 1256.89
263.63 1260.56
1616.23 1262.76
1616.23 1262.76
2161.83 1263.11
481.63 1266.99
1513.59 1266.25
50.67 1268.20
2482.15 1269.57
1135.09 1275.38
852.45 1275.72
1031.67 1277.02
182.47 1278.35
1781.62 1284.28
2067.21 1297.06
2023.24 1298.84
883.58 1302.99
856.33 1304.82
651.60 1307.11
911.50 1305.50
911.50 1305.50
668.29 1315.47
952.50 1314.94
888.10 1317.19
1511.73 1316.85
1603.11 1315.82
2606.63 1316.16
843.63 1318.93
224.07 1320.49
224.07 1320.49
292.41 1321.65
624.23 1320.61
549.60 1325.58
2511.51 1330.64
778.88 1332.02
330.75 1334.68
920.34 1338.50
232.19 1346.02
344.29 1360.36
842.00 1362.52
862.58 1362.83
116.05 1369.46
157.76 1367.89
856.98 1375.88
29.28 1383.59
550.23 1384.98
1795.93 1384.90
2372.39 1384.03
1513.73 1386.73
115.13 1390.66
204.69 1391.77
849.63 1391.22
849.63 1391.22
1645.52 1390.96
563.53 1402.43
911.78 1402.92
911.78 1402.92
648.26 1404.84
139.63 1407.15
2503.71 1410.25
212.38 1414.65
2381.25 1414.85
17.89 1420.81
142.00 1423.40
331.03 1423.09
331.03 1423.09
2206.15 1423.58
2468.97 1423.49
2468.97 1423.49
2577.88 1424.41
2577.88 1424.41
2170.79 1426.07
448.43 1428.19
2150.45 1427.63
408.71 1431.92
45.76 1435.00
1954.45 1436.44
2552.33 1437.18
2487.99 1438.87
1351.93 1439.61
1372.16 1441.03
217.26 1444.31
229.77 1444.82
44.63 1448.33
130.90 1447.85
1688.89 1450.33
1688.89 1450.33
1706.67 1450.01
844.39 1453.11
844.39 1453.11
543.52 1471.55
543.52 1471.55
1045.27 1481.39
1009.21 1485.48
2655.02 1485.71
364.73 1487.52
842.18 1494.56
842.18 1494.56
289.02 1496.54
2212.30 1496.22
2722.40 1496.52
1718.69 1498.65
826.15 1503.55
2471.85 1508.95
2471.85 1508.95
2513.53 1507.95
2513.53 1507.95
972.99 1514.60
1565.88 1517.10
2610.11 1519.96
113.58 1521.66
28.74 1530.10
54.27 1530.27
596.31 1531.80
876.41 1534.18
398.38 1537.92
550.12 1541.46
324.31 1553.25
2652.13 1553.07
2608.35 1554.44
212.67 1555.85
569.11 1566.53
1028.50 1567.19
1317.67 1569.24
860.93 1580.60
1854.98 1582.00
259.45 1602.96
981.13 1602.26
560.57 1607.79
66.81 1612.39
460.00 1614.59
648.25 1616.10
251.68 1622.56
1381.16 1628.90
385.46 1629.72
408.55 1631.50
121.58 1632.06
347.90 1632.18
902.40 1637.82
1317.43 1644.83
776.88 1647.15
544.78 1657.22
544.78 1657.22
569.32 1663.31
2039.43 1669.63
451.36 1673.39
857.41 1684.36
1463.31 1693.18
190.07 1693.49
144.36 1697.46
123.90 1701.75
268.45 1700.88
294.94 1700.22
770.29 1723.57
2381.89 1728.81
805.57 1734.38
982.18 1734.22
1452.57 1741.37
1339.59 1742.52
1339.59 1742.52
42.47 1744.65
1873.63 1745.15
1873.63 1745.15
1513.93 1746.70
995.67 1747.67
1630.89 1757.85
1728.70 1760.31
1728.70 1760.31
2101.85 1760.95
2396.45 1762.41
1622.22 1768.80
1922.89 1779.43
1342.63 1781.48
1384.62 1785.08
1704.78 1801.91
1676.27 1804.38
1665.54 1829.58
1665.54 1829.58
1636.71 1887.30
2241.48 1895.17
258.64 30.19
2581.68 68.88
297.98 85.53
268.71 88.44
711.60 90.31
711.60 90.31
630.99 93.48
148.11 95.35
2434.89 95.95
1296.84 108.17
228.94 109.88
2344.47 121.54
2399.90 121.52
522.61 122.00
237.91 126.33
1606.19 130.64
691.52 132.82
691.52 132.82
293.67 134.49
1409.95 134.99
1626.27 133.30
1274.94 137.68
2377.49 139.89
743.95 140.38
1096.64 141.17
1331.64 143.85
1752.62 151.71
378.27 154.96
1778.94 155.07
2526.85 160.98
2526.85 160.98
1833.67 163.54
2110.00 162.46
995.17 165.19
941.17 166.87
2332.77 165.47
136.77 172.74
377.53 174.34
410.17 198.75
1306.12 198.72
1306.12 198.72
1411.16 203.64
2248.15 212.90
617.29 215.01
2349.61 215.81
751.76 243.93
1005.39 250.46
1164.81 259.97
1835.60 262.67
1835.60 262.67
21.28 266.40
21.28 266.40
1879.53 267.96
79.52 271.41
235.33 275.64
123.01 276.90
2163.47 288.88
2472.69 291.21
1266.19 293.37
760.01 302.08
429.89 305.22
322.17 316.34
705.60 317.17
705.60 317.17
741.57 319.20
741.57 319.20
2392.21 319.31
412.02 321.99
1258.85 322.39
395.38 339.80
548.68 340.84
2630.62 352.22
332.33 354.30
1593.94 358.26
855.51 370.53
2284.29 370.04
1024.14 387.70
250.92 388.30
285.95 391.92
317.97 394.28
406.02 394.65
2486.89 400.59
1681.89 401.37
1724.47 401.56
2267.85 404.44
2336.25 406.84
535.32 416.31
196.20 431.37
111.46 434.16
276.96 441.99
1918.68 446.65
392.05 454.79
167.08 460.96
2138.42 461.04
335.65 463.17
1751.08 464.38
444.42 474.76
2206.12 476.75
1734.34 479.26
1698.03 481.91
992.08 484.26
2424.22 485.50
1990.32 491.19
1990.32 491.19
815.40 498.68
147.92 502.72
309.82 509.37
1720.25 513.33
605.96 522.07
2505.95 528.97
59.37 531.96
280.73 537.86
343.34 542.20
1094.60 547.15
2288.48 570.84
2288.48 570.84
1278.62 575.64
892.26 576.67
2415.03 587.77
2189.43 591.05
2317.62 596.61
228.73 607.23
466.29 631.80
364.76 641.79
364.76 641.79
2445.51 654.09
2071.91 658.24
225.91 660.07
609.79 671.41
202.04 678.09
2328.28 679.37
1214.69 685.61
1399.54 688.90
2624.13 701.72
493.59 704.08
493.59 704.08
1433.49 708.34
213.61 710.61
1784.33 712.06
1647.22 714.83
290.23 714.51
194.70 722.21
1587.34 720.71
649.26 740.50
1164.00 743.83
556.53 748.83
1464.01 750.26
2532.57 755.09
2568.24 757.53
1149.15 772.48
2101.78 776.28
601.40 786.75
156.26 809.18
554.23 822.30
388.68 827.42
630.30 830.54
249.83 837.64
249.83 837.64
360.92 838.95
2348.83 846.39
379.17 848.91
946.53 851.46
2497.01 853.62
2113.90 857.93
617.82 866.85
1373.00 866.92
1760.93 879.68
894.66 882.86
1140.12 881.63
245.28 885.20
2487.92 885.62
1447.95 888.17
2098.12 889.09
328.39 894.95
1433.60 897.63
2153.95 898.10
467.26 903.23
493.67 902.71
704.16 905.12
2113.47 904.09
2219.43 912.87
582.27 918.14
699.32 920.55
82.98 921.66
1211.84 922.76
1826.38 922.97
1882.47 921.61
1429.93 925.87
1593.64 926.14
2326.58 931.66
394.11 934.13
1811.38 935.46
1672.70 935.86
2456.75 937.06
1401.82 944.90
2201.93 956.31
2660.07 953.98
1688.05 968.38
1609.37 971.47
1371.53 977.31
2202.65 986.15
2436.21 986.55
189.20 988.15
1506.42 987.77
113.59 992.43
693.66 998.48
693.66 998.48
1469.38 1004.00
1256.28 1008.94
2054.65 1011.45
2571.72 1012.45
232.40 1015.09
1795.02 1020.55
2028.12 1026.09
705.61 1029.57
743.41 1033.35
1514.38 1032.80
96.27 1041.10
73.36 1041.86
179.42 1042.26
1638.09 1048.25
2250.09 1049.11
2535.76 1052.07
335.06 1060.29
935.94 1067.35
1499.68 1071.01
1499.68 1071.01
2394.33 1077.31
1068.27 1083.09
467.86 1083.08
509.27 1090.38
2618.55 1089.91
562.73 1092.86
688.28 1093.42
577.30 1099.24
2349.91 1111.22
524.40 1120.73
1725.09 1124.85
2604.98 1123.70
1463.84 1128.86
305.69 1135.27
600.96 1134.57
260.19 1137.44
403.54 1137.33
1762.79 1141.31
1762.79 1141.31
1799.10 1140.54
1799.10 1140.54
1947.96 1139.61
1947.96 1139.61
1743.20 1141.70
1743.20 1141.70
1475.99 1149.24
195.54 1161.79
2198.19 1174.35
466.27 1180.23
2228.29 1186.73
170.59 1188.12
1835.40 1192.71
2608.32 1198.28
255.64 1202.80
2453.79 1202.30
1386.50 1226.58
2529.18 1227.06
2529.18 1227.06
1278.90 1229.48
1960.23 1230.77
1960.23 1230.77
2031.18 1234.49
2486.37 1240.99
1735.39 1241.37
1735.39 1241.37
2513.61 1242.30
2417.84 1246.89
486.71 1250.99
536.43 1249.89
1298.64 1250.36
1298.64 1250.36
2473.02 1253.94
1019.37 1257.76
199.04 1262.12
138.79 1264.22
949.92 1265.12
686.92 1269.74
1766.81 1273.46
1766.81 1273.46
869.23 1281.09
378.65 1282.66
674.80 1282.69
132.73 1293.56
835.88 1300.89
2505.40 1301.36
203.82 1303.06
203.82 1303.06
391.17 1302.15
981.06 1311.73
1735.37 1312.61
171.24 1330.96
171.24 1330.96
2569.34 1334.23
1575.59 1338.23
951.77 1341.27
977.42 1357.00
312.95 1363.47
804.07 1362.43
233.01 1363.89
329.88 1372.91
1032.36 1372.57
978.52 1373.60
941.95 1375.59
879.26 1377.72
75.10 1380.75
523.00 1386.26
1547.75 1388.91
2225.33 1388.32
2014.04 1399.12
2320.31 1401.16
979.33 1401.50
1009.75 1402.02
1962.47 1402.55
329.75 1406.33
522.45 1406.63
2575.63 1407.27
46.94 1407.78
2536.40 1408.44
2054.07 1414.99
1632.67 1416.80
2025.78 1415.94
917.27 1423.52
972.19 1424.86
998.72 1423.81
1859.60 1424.86
890.12 1426.23
2062.90 1431.07
1271.21 1435.28
1018.87 1438.75
1796.80 1444.74
164.68 1449.24
994.46 1450.32
1658.59 1451.45
1633.49 1453.09
138.52 1463.89
138.52 1463.89
859.66 1467.81
240.59 1477.19
308.96 1490.86
308.96 1490.86
360.68 1501.78
360.68 1501.78
560.25 1506.36
405.99 1516.27
449.02 1515.46
355.96 1520.39
355.96 1520.39
885.17 1521.56
570.09 1522.76
570.09 1522.76
1856.33 1521.85
489.52 1525.22
1355.35 1540.51
92.94 1542.69
92.94 1542.69
1064.62 1541.76
2713.95 1542.03
2691.46 1544.82
2691.46 1544.82
1822.01 1547.72
2117.02 1553.94
362.41 1556.09
1043.05 1561.48
2303.31 1560.78
1526.14 1567.70
875.83 1578.83
315.73 1585.36
213.90 1596.51
213.90 1596.51
1878.99 1613.40
525.08 1637.34
1067.05 1648.71
462.14 1652.25
1010.78 1654.41
962.67 1657.16
1054.22 1668.44
974.51 1671.67
420.09 1680.18
431.58 1692.51
407.94 1693.78
468.06 1705.10
1035.65 1711.95
308.27 1722.47
752.11 1739.71
752.11 1739.71
888.81 1747.10
888.81 1747.10
1278.51 1774.69
1365.58 1782.91
1867.61 1783.95
2010.39 1786.37
1745.26 1797.40
1542.54 1801.43
1621.57 1832.40
136.96 21.90
162.43 37.75
162.43 37.75
538.44 41.18
346.86 54.76
467.98 73.42
724.38 71.27
649.09 81.69
936.53 97.27
529.63 105.45
742.17 118.87
263.70 154.78
2169.16 155.91
1867.84 165.40
2082.34 169.80
306.80 194.67
1435.15 207.74
1537.76 213.65
1537.76 213.65
786.22 216.70
586.65 227.65
2411.42 231.17
2411.42 231.17
1816.53 242.05
1497.71 244.66
77.38 252.59
806.98 265.67
2119.61 265.11
2119.61 265.11
1606.71 289.34
2303.90 289.26
1148.54 303.81
2288.25 304.52
1201.64 329.61
987.43 347.70
2567.19 353.27
1751.13 368.22
2270.94 384.60
2270.94 384.60
1725.01 400.78
265.55 403.23
252.96 421.95
347.67 429.36
113.08 461.16
999.57 465.06
1029.29 464.58
1146.82 468.45
2482.51 477.02
1292.17 482.83
812.74 498.44
447.06 507.59
44.35 517.81
44.35 517.81
184.87 515.77
1191.99 523.47
1988.68 528.52
1516.90 533.49
100.25 536.47
156.24 537.82
224.95 536.72
1494.80 538.33
574.92 543.81
1764.71 560.20
1298.63 565.59
1648.90 574.12
1618.00 580.19
1981.10 583.51
1981.10 583.51
2499.22 583.91
2606.77 603.96
653.59 608.69
1959.63 608.32
1543.33 613.95
2065.43 614.78
310.79 617.19
240.19 646.89
240.19 646.89
261.32 660.97
2092.30 660.57
576.43 669.56
1372.40 678.33
721.34 686.32
1424.86 688.31
1762.05 700.80
178.20 710.35
178.20 710.35
525.48 706.73
525.48 706.73
1191.93 709.43
242.85 714.40
1806.77 711.97
575.85 730.64
575.85 730.64
1960.42 736.09
1223.23 740.27
2124.09 756.73
97.14 763.58
1190.61 764.34
1433.83 762.10
1939.81 772.64
2481.59 780.02
666.75 784.81
1788.51 789.98
1692.90 791.63
2600.83 800.03
328.47 809.20
519.42 808.19
294.80 813.13
957.94 826.62
913.88 844.78
2130.39 846.15
2130.39 846.15
2154.81 844.47
450.90 850.03
450.90 850.03
613.48 848.95
2428.82 848.65
1490.44 870.91
2177.80 867.01
2149.27 871.00
2176.80 891.81
931.90 904.10
2195.28 918.40
2195.28 918.40
675.57 932.20
2493.46 941.12
2408.06 943.74
639.05 949.75
448.92 955.05
2151.10 954.32
2115.58 969.44
249.44 977.49
344.65 974.83
2552.90 975.99
495.76 982.12
495.76 982.12
2009.47 992.95
693.24 998.09
727.12 997.07
1922.12 1000.22
1961.24 1001.72
2243.10 997.59
2090.09 1003.81
1496.44 1017.75
839.36 1047.01
268.32 1057.01
2592.41 1055.29
183.82 1060.06
335.39 1060.10
578.15 1082.39
83.65 1091.02
83.65 1091.02
137.73 1101.51
2491.00 1112.50
1929.32 1124.20
566.65 1127.40
996.08 1149.39
996.08 1149.39
620.06 1152.04
620.06 1152.04
586.11 1170.84
116.85 1173.21
851.12 1173.62
1059.87 1170.58
1688.87 1172.24
190.18 1180.79
268.52 1183.30
1156.55 1205.08
2484.91 1205.58
1829.95 1217.74
295.49 1224.93
2152.37 1224.81
439.26 1233.19
945.87 1234.49
1138.82 1231.80
2552.82 1230.89
2511.45 1239.83
1276.13 1252.38
1276.13 1252.38
812.37 1260.93
541.20 1294.16
810.03 1312.83
2589.26 1332.93
1101.05 1337.41
1471.37 1346.27
928.43 1358.03
829.45 1378.42
2494.16 1392.98
1614.92 1396.21
186.69 1400.94
954.02 1405.48
2026.04 1415.83
513.11 1424.77
850.34 1432.50
1623.42 1433.16
697.47 1439.67
444.70 1449.74
1039.35 1462.93
1039.35 1462.93
925.38 1479.42
910.96 1498.57
2687.16 1511.28
2687.16 1511.28
1875.41 1510.80
2239.84 1541.06
2239.84 1541.06
829.79 1549.11
916.06 1548.48
916.06 1548.48
412.84 1555.45
863.39 1563.76
1571.61 1566.65
1881.35 1569.24
361.93 1589.12
1952.99 1587.43
2344.91 1593.49
616.19 1604.39
1749.81 1603.77
611.58 1624.59
149.13 1626.69
312.94 1640.10
634.58 1640.78
1361.36 1641.98
1361.36 1641.98
1571.58 1642.42
1532.97 1654.31
609.88 1661.00
587.28 1673.77
753.74 1673.93
258.78 1705.39
221.35 1709.52
171.69 1732.88
249.14 1730.46
885.36 1748.04
764.50 1759.10
1620.96 1809.34
2398.38 1823.45
2233.29 20.83
283.49 40.49
545.13 88.57
665.82 104.59
665.82 104.59
1100.72 112.16
769.30 119.07
769.30 119.07
881.29 127.76
822.38 129.58
822.38 129.58
947.56 143.67
812.65 157.59
904.12 155.89
904.12 155.89
2323.15 212.14
908.28 239.62
198.21 265.32
803.79 266.28
76.34 294.77
1403.16 306.98
366.96 326.55
2440.00 342.28
271.49 462.15
254.34 481.63
1167.19 488.92
97.29 491.77
2308.75 511.26
188.18 541.97
1737.75 546.83
1209.65 555.50
304.56 568.33
1391.74 584.91
2623.28 584.95
2574.43 587.12
2231.34 598.53
82.68 611.67
356.21 614.66
56.29 622.21
1656.02 623.41
577.06 646.36
577.06 646.36
2476.47 668.92
465.55 672.46
2121.68 680.16
246.71 689.60
1428.72 720.62
471.88 724.63
1904.36 738.26
1812.42 743.90
65.65 759.62
163.83 764.81
589.22 764.13
589.22 764.13
1261.20 764.01
1992.42 772.08
523.04 786.44
1198.21 839.26
1817.43 835.51
1817.43 835.51
871.56 849.89
1119.41 856.36
1403.77 867.07
1787.84 881.37
1906.22 879.55
2070.92 897.39
206.03 910.43
118.88 911.69
1814.12 923.77
2368.68 930.07
475.38 935.48
2008.48 941.49
2074.06 944.61
2074.06 944.61
545.58 955.29
1004.58 976.86
2061.23 981.74
459.02 1007.43
1458.58 1017.54
282.33 1036.45
282.33 1036.45
2220.31 1071.55
2249.12 1074.65
2193.45 1099.00
1809.36 1118.17
253.17 1120.26
253.17 1120.26
806.16 1127.57
645.54 1132.65
645.54 1132.65
962.33 1151.14
2313.34 1160.89
1344.02 1164.92
1729.96 1164.53
2335.02 1205.46
888.40 1208.49
1027.98 1236.16
1027.98 1236.16
323.82 1343.67
82.00 1348.39
82.00 1348.39
133.17 1350.26
133.17 1350.26
2588.97 1360.29
870.84 1409.67
554.42 1427.41
1042.85 1426.23
927.62 1447.79
398.04 1454.92
2364.20 1456.30
2203.38 1465.19
1498.73 1466.57
2108.18 1469.59
2069.41 1472.23
1858.51 1486.36
1691.46 1493.56
497.08 1505.80
2710.42 1524.69
2208.81 1529.76
2668.36 1530.26
2668.36 1530.26
1819.85 1536.59
981.86 1546.79
65.68 1551.76
121.75 1575.75
121.75 1575.75
1897.95 1589.30
1816.66 1597.26
1851.39 1599.45
123.51 1605.00
309.09 1615.89
2184.62 1620.66
184.17 1646.38
2035.91 1648.04
428.67 1648.30
1697.34 1646.92
1563.63 1665.52
524.27 1679.43
236.46 1684.47
154.41 1687.69
1690.13 1691.54
1616.59 1732.15
797.34 1754.01
1986.24 1775.81
1640.18 1787.30
1582.90 1806.51
259.39 97.02
1644.68 319.09
1727.11 351.99
319.25 378.89
2009.03 419.77
1283.70 513.93
1608.68 546.02
2528.47 576.26
766.18 578.55
2284.91 602.80
1932.54 634.20
2498.11 633.69
2498.11 633.69
1379.75 750.13
1922.10 766.18
1220.10 795.31
454.85 817.62
1964.26 819.76
1434.08 818.83
1768.27 838.18
1048.91 863.87
1048.91 863.87
2469.30 869.78
2240.06 895.98
490.49 903.90
1430.67 911.19
717.98 967.12
1960.74 973.00
1040.33 975.19
2426.99 978.06
240.05 984.35
1135.19 994.55
601.76 999.86
1433.03 1014.19
1433.03 1014.19
1813.53 1015.79
1813.53 1015.79
877.71 1033.00
143.04 1047.47
202.09 1120.10
202.09 1120.10
2432.45 1125.33
1496.34 1169.19
1010.01 1177.99
971.94 1181.42
2154.09 1209.42
2154.09 1209.42
1760.34 1213.16
1760.34 1213.16
1970.49 1213.24
2205.39 1212.88
2013.22 1215.56
2013.22 1215.56
1317.37 1224.10
977.17 1246.49
207.20 1274.10
1987.08 1278.23
1987.08 1278.23
1798.90 1279.95
166.29 1302.33
1440.59 1336.13
93.83 1438.41
2702.65 1464.52
2256.77 1469.98
2164.49 1473.82
103.98 1478.69
1904.29 1492.06
264.64 1531.51
264.64 1531.51
2095.05 1575.56
173.48 1580.02
348.38 1611.89
1822.38 1653.36
1870.60 1674.73
2342.97 1795.56
2343.79 1828.88
767.59 1852.54
2020.92 75.14
2313.15 134.36
1627.65 357.38
1045.51 387.30
1673.74 425.49
1508.75 480.04
1508.75 480.04
1749.39 503.83
1242.19 529.99
291.02 556.04
291.02 556.04
1629.98 610.12
656.50 625.41
1494.13 660.54
1951.48 701.45
512.03 745.25
2072.32 780.49
1486.43 866.30
416.97 897.14
2443.77 911.48
1055.32 927.77
418.82 968.60
904.58 992.50
226.69 1157.25
226.69 1157.25
464.56 1194.10
313.32 1200.75
555.09 1201.49
1115.81 1235.43
861.04 1239.98
861.04 1239.98
1856.82 1279.46
1932.21 1316.09
1932.21 1316.09
1734.33 1321.51
1827.18 1320.45
1549.79 1328.56
1549.79 1328.56
1665.77 1324.64
1904.13 1492.85
998.36 1511.33
2575.52 1531.20
288.96 1566.50
2586.42 1575.01
1648.29 1607.11
2298.00 43.19
1724.43 126.13
1803.81 138.07
1299.82 161.69
83.93 214.62
100.82 443.46
100.82 443.46
226.26 459.96
226.26 459.96
2413.97 632.36
270.41 731.62
1205.86 851.68
500.11 891.22
500.11 891.22
646.76 894.62
1179.46 913.95
996.41 921.93
1956.48 923.53
233.96 1020.98
1336.05 1064.26
230.02 1081.39
917.72 1222.58
101.44 1264.19
2102.48 1266.77
1709.18 1274.28
1411.19 1290.09
1599.57 1605.79
271.71 1655.97
1492.75 1679.13
907.56 211.45
384.35 233.60
253.69 238.21
1561.48 314.95
335.21 349.02
335.21 349.02
1855.67 374.85
1721.38 451.98
400.51 471.13
1163.08 518.62
385.35 584.05
1690.30 838.17
1995.89 865.41
913.45 870.18
75.99 897.13
666.44 1015.72
520.56 1041.91
2178.74 1054.11
485.74 1348.19
901.67 1649.15
784.06 1662.21
784.06 1662.21
1588.92 1687.92
1560.08 238.21
1759.70 273.28
2040.06 353.50
2040.06 353.50
1451.41 432.81
1622.46 480.79
1235.36 594.61
1338.93 596.22
628.43 741.44
876.61 976.08
1512.72 1018.27
73.91 1080.28
490.24 1269.93
227.14 1295.45
198.48 1473.40
1653.81 1533.96
152.32 1574.37
2125.89 1632.59
145.86 1665.43
937.33 1716.03
1689.53 399.81
2051.58 613.42
1710.74 644.50
1619.56 726.23
1542.01 837.16
1542.01 837.16
1652.89 1009.66
1652.89 1009.66
1403.72 1118.89
1550.76 1120.22
1699.16 1129.40
1088.72 1715.03
1585.61 1860.89
1585.61 1860.89
356.39 1066.09
566.27 1292.65
566.27 1292.65
1364.63 1848.11
2001.56 1836.94
2182.27 871.69
804.14 810.33
