544.47 12.18
544.47 12.18
723.74 15.01
615.66 16.45
975.94 19.28
607.90 21.14
192.56 22.42
1570.20 31.39
173.54 32.88
543.72 32.96
864.33 32.62
870.78 36.05
925.94 42.84
1083.32 51.40
1448.43 51.02
1482.23 61.94
446.02 63.62
446.02 63.62
910.92 64.02
1051.62 64.68
1497.62 64.86
933.50 66.78
853.77 71.78
712.14 71.74
1040.39 74.21
1530.84 74.50
385.46 76.02
458.20 75.37
706.74 75.92
1523.42 75.28
598.82 79.40
403.29 80.40
1103.72 80.36
1736.83 81.12
194.44 83.41
669.46 83.39
1564.57 83.79
1557.22 84.86
204.60 85.16
340.94 87.32
340.94 87.32
859.39 89.53
1002.61 89.43
433.19 90.66
1590.09 94.01
888.64 97.04
1615.52 98.77
732.46 99.33
1074.73 100.43
1628.40 101.74
895.04 104.77
564.64 111.14
564.64 111.14
981.31 111.81
2035.89 114.64
216.19 115.18
216.19 115.18
777.96 115.36
594.24 116.27
594.24 116.27
1331.01 116.44
1331.01 116.44
1082.82 117.95
1082.82 117.95
808.57 118.48
1682.96 120.20
1060.03 123.65
564.20 127.43
1719.77 127.66
1719.77 127.66
1712.57 128.58
876.49 129.94
1475.79 130.78
2179.72 130.25
1958.65 131.59
830.07 132.35
2166.80 132.45
265.63 133.59
370.00 133.77
591.65 136.49
753.33 141.00
753.33 141.00
997.86 143.21
1585.86 145.76
2010.34 145.68
2173.41 146.28
2198.51 147.82
2198.51 147.82
915.58 148.22
2154.74 151.48
2231.26 151.25
2060.80 152.84
2060.80 152.84
2099.34 153.52
1964.82 155.54
1941.95 157.14
1270.05 158.82
2094.82 158.41
2131.97 159.98
977.34 162.01
1316.21 162.77
763.32 165.42
2006.38 165.56
1949.07 167.48
2121.28 168.01
852.43 169.46
1952.56 174.94
2073.85 175.22
380.99 177.60
2000.54 180.50
1949.80 182.80
2097.49 182.83
2105.74 182.30
459.76 183.63
2034.58 187.69
2040.88 193.42
2063.65 194.57
2120.66 194.77
2266.66 194.27
477.29 195.78
2182.32 195.26
839.24 197.40
1793.44 197.51
439.44 204.75
2172.59 204.95
1914.07 206.32
765.63 207.53
1894.38 208.32
1894.38 208.32
493.69 209.64
493.69 209.64
574.50 209.23
982.76 210.07
2192.63 211.20
169.21 212.16
553.83 214.03
553.83 214.03
920.68 214.66
2093.43 214.04
931.64 215.05
899.71 218.61
587.94 219.22
891.43 219.21
1875.22 219.10
2195.06 219.33
280.79 221.92
797.65 221.29
2219.65 221.72
979.77 222.61
1871.28 224.56
190.48 225.26
575.69 228.61
575.69 228.61
2227.47 228.74
2254.00 229.01
1935.99 231.37
2266.59 234.24
1917.08 235.90
2111.10 235.25
2170.18 235.61
2037.50 237.30
1850.25 238.04
2242.43 239.35
883.69 240.56
2040.69 241.27
1971.54 244.61
2034.46 244.70
921.38 245.18
1484.62 246.34
2219.43 246.07
1872.00 248.80
66.58 250.64
2094.28 252.12
2077.76 253.42
266.86 254.84
2051.38 254.11
568.52 255.27
1476.78 255.07
580.51 256.51
2068.98 256.17
662.65 257.42
2136.60 257.39
2136.60 257.39
985.60 258.64
1996.28 259.71
2045.29 259.42
2075.75 259.60
2160.33 259.48
2284.71 263.26
2003.56 265.65
447.56 268.19
767.31 268.79
1954.89 268.60
2053.27 268.24
1902.35 271.82
76.44 272.55
2107.38 272.70
1930.85 274.40
2050.46 274.10
2168.03 276.09
640.46 277.67
2026.73 278.67
510.37 282.47
660.63 282.27
2005.88 282.65
2165.42 282.53
2165.42 282.53
956.65 283.16
2138.26 283.98
814.73 285.69
451.52 286.84
1957.18 286.90
2186.49 287.61
1967.68 290.75
951.82 291.02
823.04 293.74
791.29 296.07
958.22 297.29
958.22 297.29
819.74 300.74
1558.85 304.62
752.07 310.01
752.07 310.01
2233.19 308.96
1984.30 310.64
2293.56 310.03
2220.36 312.94
1956.66 313.31
764.13 319.54
1777.12 319.42
179.61 320.69
2103.59 320.27
2168.35 320.42
831.15 321.64
2186.32 321.42
104.50 323.26
2097.27 323.83
128.02 324.57
128.02 324.57
1219.95 328.84
346.84 331.75
896.67 331.89
896.67 331.89
850.53 332.91
1226.23 333.29
1958.53 334.41
2046.87 335.75
207.73 336.78
858.19 337.37
379.22 338.14
772.14 338.36
2241.96 339.74
1980.15 344.18
431.31 345.74
2286.21 346.61
14.04 350.58
2031.28 351.36
604.84 353.77
462.90 355.66
2049.12 357.48
795.11 360.09
922.55 360.57
502.52 361.32
1987.86 363.49
2105.25 364.45
2075.19 365.56
2249.37 366.56
792.41 367.81
2147.08 367.12
755.39 369.69
2103.28 372.15
2017.48 375.36
305.95 377.81
2152.48 379.01
2196.94 378.40
492.77 379.58
2081.17 381.31
2051.98 382.82
2003.45 383.95
2182.54 383.22
442.16 384.14
2249.29 384.16
526.94 385.79
2149.92 385.27
2077.06 388.11
52.90 390.51
2000.99 390.65
172.02 391.95
1208.83 391.25
2070.76 391.94
2254.74 392.10
2021.21 395.35
113.88 396.48
2138.96 396.75
1275.58 397.46
1622.25 397.31
32.50 400.98
2103.82 400.51
1999.57 403.94
2299.58 403.41
1973.64 404.01
2258.22 405.55
605.06 407.90
605.06 407.90
647.31 407.44
2042.50 407.22
200.71 408.71
113.51 409.83
2268.72 410.25
1977.79 411.40
2037.71 411.75
591.80 413.22
2268.82 417.24
2268.82 417.24
2266.88 423.78
2276.96 423.92
555.73 424.31
555.73 424.31
705.19 424.35
1202.91 425.01
2017.47 427.89
457.55 428.60
2150.43 428.71
603.93 429.32
2075.34 432.32
598.84 434.63
837.28 434.70
2014.52 434.04
2143.85 435.02
2266.29 434.53
717.85 435.35
385.15 436.23
2001.97 436.15
764.57 440.78
2150.58 440.27
2062.66 441.63
2072.58 442.07
2021.72 443.39
2079.87 444.72
951.78 444.96
2084.72 451.11
2084.72 451.11
2188.53 454.05
2202.54 458.08
728.13 460.32
728.13 460.32
938.94 465.01
819.22 466.72
2067.24 466.81
726.61 468.47
726.61 468.47
53.29 469.34
687.06 470.57
1515.72 470.39
1548.39 470.23
1548.39 470.23
2174.60 471.96
2303.78 475.56
679.82 476.80
1948.83 477.68
2250.84 477.55
2250.84 477.55
128.98 479.07
1201.77 479.68
1201.77 479.68
1043.82 480.39
1944.29 484.30
2270.61 485.00
1937.30 488.31
1614.46 489.88
1130.99 490.18
2270.11 491.59
139.36 495.15
756.25 495.19
871.34 496.83
2261.98 496.17
1503.26 497.56
2243.00 497.58
2233.91 498.72
1239.64 499.36
1666.06 500.70
1812.83 500.98
832.27 502.10
1981.43 502.50
1956.83 506.57
1819.38 506.98
1949.67 511.62
1814.06 513.36
1981.83 514.03
163.36 516.23
163.36 516.23
2228.95 515.88
175.20 517.77
2112.67 517.17
859.52 518.30
2249.02 518.02
739.17 522.73
739.17 522.73
2073.02 526.41
811.49 529.70
755.49 530.64
110.62 531.23
2080.04 531.04
2080.04 531.04
2135.20 531.91
2154.32 531.42
2154.32 531.42
1991.49 533.12
601.89 535.94
873.75 535.57
260.48 536.01
2243.64 536.71
2074.60 537.75
2074.60 537.75
53.02 538.23
18.62 539.98
120.27 540.98
1815.00 542.50
1965.87 543.67
2009.44 545.33
2035.70 545.97
298.52 549.48
376.71 549.22
376.71 549.22
776.32 550.75
140.70 551.87
155.69 551.33
2200.60 551.11
2040.82 552.60
1187.37 553.33
2256.80 554.30
2158.78 556.09
899.04 556.59
525.84 559.48
2224.93 561.46
40.65 562.43
1444.94 561.79
763.04 563.91
1121.02 564.31
2262.31 565.60
2173.74 566.33
236.79 567.10
2129.96 567.43
276.44 568.99
722.43 568.14
1228.17 569.24
1941.68 569.06
814.83 570.72
2195.76 570.66
2195.76 570.66
63.93 576.00
63.93 576.00
862.40 575.95
416.92 576.34
2142.76 580.87
242.61 581.88
2210.06 582.00
388.16 583.45
652.44 583.14
1814.55 583.29
615.33 585.45
649.10 589.70
2058.47 591.07
1908.33 592.14
2284.59 593.65
768.42 595.53
2147.71 605.03
2053.80 605.44
2109.35 606.16
2109.35 606.16
761.44 609.99
2105.28 611.93
2105.28 611.93
2117.91 612.78
2117.91 612.78
2040.42 615.97
2087.20 616.11
548.62 617.80
1541.48 619.70
2145.83 622.44
2163.16 622.04
2286.92 622.87
2152.47 623.12
234.01 624.52
260.45 624.56
1528.88 624.73
2003.18 624.16
527.26 625.40
185.38 626.36
185.38 626.36
209.89 629.32
209.89 629.32
638.71 630.00
1993.39 631.68
146.08 633.98
2019.92 633.39
601.31 636.25
452.45 637.42
504.30 639.82
1065.00 639.47
2114.65 644.58
468.86 646.36
1384.90 646.10
1975.70 648.90
57.93 650.28
2236.11 650.27
1446.18 651.43
633.36 653.11
652.43 657.12
652.43 657.12
1864.57 658.48
2265.64 661.31
2265.64 661.31
327.89 662.19
2110.35 664.13
1879.82 665.26
361.83 673.88
2110.04 673.42
1879.73 674.46
474.08 678.04
474.08 678.04
1418.10 681.57
1710.93 681.34
1268.32 684.06
1528.35 684.02
2109.19 684.12
310.01 686.57
556.48 687.94
1895.73 690.15
1895.73 690.15
536.66 691.81
536.66 691.81
2001.64 693.99
603.77 695.44
1891.35 696.35
2151.04 703.26
333.66 704.90
2179.24 704.86
266.56 705.62
420.49 705.98
2091.71 705.51
650.86 709.59
2060.83 709.10
1065.45 710.26
424.17 713.53
2026.54 713.96
2175.37 712.99
2040.96 715.29
1898.81 716.53
1898.81 716.53
2142.39 720.11
1751.59 721.48
228.19 724.57
350.72 725.38
2035.54 726.03
2142.28 728.67
109.72 729.55
1060.74 731.55
682.91 735.21
1211.15 736.59
2148.07 737.20
1064.19 739.06
576.12 740.42
1903.85 740.38
2143.09 742.15
2280.08 742.12
1688.51 743.70
2121.50 750.85
595.84 751.94
82.66 755.34
1183.98 755.64
645.70 760.40
1419.70 761.13
1908.77 764.09
662.50 764.37
1905.05 770.80
668.26 771.87
433.49 772.70
70.14 773.39
2191.31 772.94
1836.44 774.67
1724.99 776.45
97.49 777.62
1057.31 777.70
2248.81 780.19
626.30 781.41
1521.05 783.47
1908.22 785.39
1865.11 789.94
1904.65 792.13
383.31 794.99
1509.84 799.55
1527.11 800.92
2273.21 800.06
2273.21 800.06
2252.47 804.96
1584.12 806.03
1967.31 807.75
1694.64 808.07
1522.82 814.35
2229.86 816.27
1581.46 819.38
1800.03 820.61
1535.24 821.16
1535.24 821.16
1908.34 824.53
2151.29 824.60
2151.29 824.60
2161.44 825.15
597.08 826.35
17.75 833.73
259.63 834.05
1526.38 835.04
1526.38 835.04
1915.97 839.28
351.08 841.40
387.57 842.78
1207.69 842.82
143.70 843.74
457.88 843.32
494.95 843.64
1912.20 845.40
332.43 849.28
387.02 850.48
387.02 850.48
2258.88 849.84
2258.88 849.84
427.68 854.23
392.66 856.90
879.72 856.81
1919.94 859.05
363.84 861.55
1556.32 861.94
932.07 863.54
2176.51 867.61
1151.08 868.49
1529.20 870.57
2214.87 872.42
2201.89 875.27
1541.86 877.83
2174.23 877.85
1549.12 878.71
2194.97 878.30
183.66 879.50
1842.07 880.09
1817.79 881.68
268.77 884.51
1535.22 884.14
526.58 886.19
1170.68 887.28
286.69 890.33
415.65 891.05
2128.58 890.14
1196.08 891.18
1196.08 891.18
1203.54 891.44
2140.08 892.57
2140.08 892.57
2179.37 897.59
1206.69 898.82
265.36 900.01
2167.99 901.99
2268.01 901.17
381.07 902.77
1179.27 902.98
1363.16 902.98
1363.16 902.98
1942.89 902.91
1942.89 902.91
2175.29 903.20
2235.75 905.01
1814.05 905.16
1194.78 906.25
1194.78 906.25
1855.07 906.16
1701.01 907.62
1832.92 908.38
2170.92 909.47
1749.71 910.25
2065.31 911.55
1175.89 913.55
2165.57 914.03
893.87 916.78
206.57 917.72
206.57 917.72
652.94 918.69
1842.74 920.34
908.30 922.79
1082.85 922.07
487.23 922.93
1621.57 923.67
376.71 924.35
1951.31 925.01
1254.60 928.47
1271.83 928.57
2237.00 928.24
903.45 929.30
2183.96 931.53
1182.47 932.82
2262.04 931.97
635.34 932.98
1833.19 933.47
2230.76 933.68
921.35 934.93
1407.36 936.47
463.38 939.61
1966.14 939.60
1829.31 940.59
336.40 948.91
2134.29 949.45
294.60 950.21
1593.82 952.91
104.01 955.41
1995.33 958.72
2210.79 958.23
482.68 960.58
1720.60 964.75
1985.34 964.35
2307.59 967.57
2151.06 970.17
284.27 977.20
1594.06 980.27
1594.06 980.27
2185.66 980.82
1392.97 982.59
881.77 987.01
80.21 989.92
1381.84 992.16
2040.89 992.93
2232.84 993.76
158.75 995.55
1764.11 996.57
2300.13 997.63
46.63 999.05
46.63 999.05
240.86 999.90
478.29 999.22
1152.59 1000.65
2167.53 1000.72
2230.88 1000.91
407.92 1001.56
407.92 1001.56
2107.63 1000.97
103.16 1002.66
1559.59 1004.41
333.28 1004.90
1537.03 1005.16
1762.64 1005.74
1509.92 1008.25
1599.91 1008.70
1599.91 1008.70
1732.29 1008.60
1191.86 1009.31
1191.86 1009.31
472.21 1010.51
2168.35 1011.70
1839.23 1012.88
1565.12 1015.38
623.19 1016.26
1595.48 1016.72
2100.01 1017.80
537.28 1018.53
2113.36 1018.09
604.53 1020.42
466.81 1025.18
256.83 1026.49
219.04 1028.65
2182.48 1028.71
2138.34 1029.84
561.85 1032.64
2295.98 1032.61
896.88 1035.28
896.88 1035.28
936.13 1036.64
2136.92 1036.99
2243.14 1036.84
435.86 1038.47
2039.90 1040.98
1727.18 1041.65
2237.74 1042.48
617.82 1043.59
617.82 1043.59
1020.99 1043.76
231.46 1044.81
372.55 1045.94
1064.37 1050.40
1964.18 1051.87
2200.84 1052.43
2041.57 1054.73
408.33 1056.59
1614.22 1059.52
1021.05 1061.18
1808.21 1063.99
1957.44 1063.25
2151.48 1067.19
2174.58 1069.95
2174.58 1069.95
2115.00 1071.60
2168.05 1072.43
2168.05 1072.43
1754.82 1075.03
2145.44 1075.06
357.34 1076.93
357.34 1076.93
2171.72 1079.77
2253.52 1081.85
1703.69 1083.96
2267.31 1083.81
360.66 1086.01
2248.25 1087.22
335.13 1089.21
335.13 1089.21
2287.14 1090.03
2035.93 1091.14
2300.92 1095.78
2217.35 1096.11
269.94 1097.75
2140.39 1098.49
1140.79 1101.60
554.49 1105.68
567.09 1104.86
870.03 1106.56
2147.67 1107.38
1714.07 1109.31
560.95 1111.46
2200.14 1113.80
1996.19 1114.40
2186.92 1114.46
2179.49 1115.13
650.73 1116.41
650.73 1116.41
328.55 1119.89
2147.07 1121.10
2260.14 1122.21
2267.72 1123.18
442.32 1124.77
1862.84 1124.67
1756.74 1140.27
223.22 1141.23
363.63 1142.86
341.21 1145.15
622.44 1145.07
2057.99 1145.96
373.03 1147.14
373.03 1147.14
524.34 1150.81
361.45 1155.31
2116.20 1155.36
599.85 1158.46
599.85 1158.46
2253.26 1159.52
344.07 1161.73
364.07 1162.46
364.07 1162.46
107.48 1168.52
2251.45 1172.24
2258.54 1172.68
2282.35 1172.88
2223.57 1174.23
432.47 1175.13
2031.93 1176.48
2046.49 1176.13
2253.04 1178.55
2253.04 1178.55
967.43 1181.32
2061.15 1181.39
2124.08 1181.58
317.30 1182.15
1671.96 1185.85
2307.73 1185.45
2307.73 1185.45
1746.89 1189.02
225.04 1189.16
428.66 1191.40
591.45 1194.41
1576.17 1196.75
1951.78 1196.41
454.54 1201.55
1834.71 1201.87
2027.27 1205.17
224.91 1206.30
1133.23 1206.59
418.78 1209.37
2206.46 1211.74
850.47 1212.45
101.26 1213.24
1806.98 1213.26
2005.22 1216.60
2196.72 1217.59
1801.64 1218.84
2208.14 1219.28
1720.27 1222.39
27.98 1224.38
1446.12 1224.50
2245.57 1225.84
2299.49 1226.28
1519.62 1227.01
913.38 1227.47
346.18 1229.84
1540.28 1231.97
1860.31 1235.48
1514.14 1238.00
2261.54 1239.35
1262.35 1240.58
2237.38 1240.72
1370.86 1241.26
1904.93 1243.36
2322.78 1243.27
2322.78 1243.27
1510.89 1244.85
1959.51 1246.01
1695.04 1247.40
445.58 1248.71
874.16 1249.73
1773.72 1249.83
1815.62 1249.49
1404.46 1250.57
2293.27 1250.85
1356.59 1252.06
2280.88 1252.91
1027.47 1253.86
1738.56 1253.75
2220.60 1253.39
2220.60 1253.39
1142.92 1256.16
909.61 1259.60
932.71 1259.10
932.71 1259.10
1512.61 1259.30
1647.20 1259.96
1598.87 1261.38
2308.77 1262.58
413.92 1263.51
2060.57 1264.39
2230.58 1264.80
2230.58 1264.80
1571.08 1266.89
544.24 1267.83
37.55 1268.46
2326.78 1268.90
375.32 1270.88
1404.20 1272.83
1869.80 1272.82
360.80 1274.55
1617.09 1278.21
2030.99 1282.94
303.17 1284.66
1739.64 1286.46
1739.64 1286.46
1188.33 1288.28
1340.30 1288.29
491.39 1289.60
491.39 1289.60
1441.05 1291.81
347.28 1292.01
1734.84 1293.88
1150.98 1294.72
471.75 1296.86
459.33 1297.67
1180.83 1300.05
1556.80 1300.58
1137.45 1301.90
404.72 1302.56
404.72 1302.56
941.60 1302.40
80.80 1303.05
1895.06 1306.20
1207.60 1308.68
34.91 1310.20
899.47 1310.62
899.47 1310.62
930.70 1314.73
1593.29 1319.28
1743.24 1320.05
312.18 1323.49
1791.84 1327.79
1791.84 1327.79
190.07 1335.93
464.51 1334.98
917.02 1348.55
109.68 1350.57
130.25 1350.42
1026.82 1360.92
451.81 1368.78
36.33 1369.20
100.07 1373.63
370.66 1374.20
579.24 1378.48
109.04 1380.02
489.92 1382.81
1014.73 1383.70
334.52 1388.03
2025.40 1389.82
376.48 1408.67
634.60 1408.69
595.79 1423.46
1892.88 1440.15
502.33 1443.57
200.36 1454.18
269.42 1455.96
295.77 1460.85
572.65 1461.77
105.84 1467.47
105.84 1467.47
2381.91 1474.66
115.41 1476.41
156.84 1484.69
592.42 1484.49
613.49 1484.70
2161.02 1486.82
2272.90 1486.47
138.92 1489.82
2293.56 1490.89
2277.95 1493.21
389.76 1496.68
1015.17 1496.95
2161.41 1500.92
2058.02 1511.79
2082.25 1512.00
2017.90 1517.00
2396.05 1518.16
282.36 1521.65
370.91 1528.84
2029.61 1533.60
229.38 1538.52
2384.34 1540.49
2394.08 1541.11
2394.08 1541.11
66.05 1544.91
1032.02 1544.44
2379.26 1545.19
2155.84 1551.46
2186.50 1552.92
2186.50 1552.92
24.03 1554.66
2127.61 1554.28
2127.61 1554.28
2180.73 1556.82
998.25 1561.90
1037.49 1561.26
2175.54 1561.55
2126.10 1562.95
955.58 1565.71
2237.27 1565.33
1004.60 1566.85
2118.98 1566.81
2118.98 1566.81
290.20 1567.52
1030.68 1567.53
44.87 1568.77
1010.44 1571.06
414.94 1574.65
2115.97 1574.38
2049.79 1576.83
2181.10 1576.77
1119.26 1577.09
1119.26 1577.09
1908.35 1579.83
1044.53 1584.05
1907.07 1586.58
1907.07 1586.58
995.87 1590.80
2024.46 1590.46
340.13 1592.96
552.27 1596.27
1034.26 1598.67
2058.24 1601.34
2387.38 1601.59
1900.19 1605.45
2158.04 1605.45
2158.04 1605.45
183.05 1606.66
1595.41 1607.27
1914.43 1607.98
1907.58 1614.12
53.74 1616.68
1683.63 1620.37
448.16 1622.22
2305.74 1623.02
427.61 1626.31
950.00 1626.83
2271.72 1627.59
2271.72 1627.59
2022.00 1628.14
2022.00 1628.14
430.36 1632.85
953.51 1632.80
386.56 1634.46
146.20 1635.64
2282.69 1635.06
306.31 1636.76
467.26 1636.94
467.26 1636.94
1898.55 1636.28
513.52 1639.71
381.95 1643.16
2164.16 1646.36
532.19 1647.76
155.21 1651.50
155.21 1651.50
1908.93 1651.44
55.07 1652.00
405.77 1654.95
1016.10 1656.05
2048.29 1657.35
406.99 1661.63
33.59 1664.06
2085.35 1669.34
12.69 1673.18
2053.09 1676.52
2019.43 1678.18
2025.74 1681.82
74.86 1685.19
1990.61 1689.09
2031.50 1689.59
2436.81 1689.34
145.37 1696.80
515.01 1707.70
1790.69 1710.26
492.89 1711.59
475.92 1721.72
377.28 1728.36
1043.23 1734.35
2255.74 1735.20
328.65 1739.67
353.19 1739.62
2225.40 1742.85
526.76 1744.44
2206.40 1747.94
968.38 1748.23
1047.18 1748.87
2188.34 1752.32
2171.81 1756.84
163.94 1758.77
1061.26 1758.03
2159.50 1759.27
374.96 1760.86
147.08 1761.78
31.15 1771.50
2108.72 1771.55
235.54 1773.53
437.92 1773.53
2095.64 1774.73
1073.29 1777.03
2077.78 1778.70
2051.92 1784.35
2340.70 1790.94
2340.70 1790.94
2018.60 1792.96
1077.70 1793.39
2005.15 1796.60
355.98 1809.93
295.77 1812.72
1935.72 1813.78
279.01 1815.28
1533.45 1821.20
1629.02 1821.88
1874.94 1824.03
2193.65 1833.80
875.30 1846.33
875.30 1846.33
127.21 1860.56
1898.74 1872.89
2327.41 1874.27
82.64 1876.18
1976.22 1885.28
1983.60 1885.91
1741.40 1920.47
128.01 14.26
873.86 16.29
873.86 16.29
927.58 17.53
206.76 22.47
206.76 22.47
280.47 22.58
1076.09 23.24
651.28 28.11
758.79 30.56
191.45 31.14
1068.78 31.70
365.15 41.01
365.15 41.01
943.71 40.35
646.06 45.13
808.78 44.48
526.73 46.65
164.17 49.85
1069.03 54.55
569.12 58.76
341.29 59.03
435.02 59.09
1087.36 61.92
506.93 62.11
52.29 63.65
334.17 64.07
1010.23 64.50
1010.23 64.50
25.62 67.63
275.36 67.32
743.03 67.58
102.97 68.82
464.49 70.29
1068.41 71.87
759.18 73.58
937.91 76.17
474.02 77.23
902.35 77.95
1073.93 81.37
881.92 84.86
471.73 85.66
873.80 87.86
873.80 87.86
293.96 91.25
823.60 91.86
495.62 96.34
354.48 99.40
928.29 102.55
489.53 105.05
508.50 104.76
336.69 105.64
1426.04 108.58
601.26 111.04
2078.01 114.47
771.62 119.49
210.09 120.32
878.22 120.65
46.53 124.79
2133.89 125.02
845.26 132.29
2087.09 133.11
530.64 134.54
1025.69 136.61
2188.49 136.32
29.01 138.58
2177.98 138.97
838.04 139.24
940.00 139.54
2096.42 141.42
2156.42 142.56
2156.42 142.56
474.67 143.89
1949.66 143.49
1949.66 143.49
823.76 144.95
876.61 144.67
390.57 146.42
390.57 146.42
610.26 148.24
1960.39 148.20
219.48 152.72
554.12 152.56
1948.73 152.46
790.34 153.62
2192.63 154.48
265.08 155.62
1289.64 155.77
2181.97 155.70
32.44 157.89
2146.01 156.91
1036.16 158.95
2054.44 158.35
588.48 159.74
858.88 159.87
408.11 161.85
750.73 161.32
738.60 164.04
738.60 164.04
814.39 164.10
792.35 165.13
792.35 165.13
317.93 166.71
317.93 166.71
492.33 166.69
542.11 166.54
1605.03 166.38
601.43 170.86
733.87 172.81
451.02 178.72
2055.65 178.39
667.94 181.05
2086.10 182.09
973.27 181.82
2253.58 182.64
410.21 183.92
774.28 183.16
388.70 183.95
38.72 185.22
2050.71 185.50
2050.71 185.50
380.16 186.64
1766.37 186.11
799.93 187.53
260.60 188.87
2080.45 188.43
2298.08 188.68
2094.27 190.47
2094.27 190.47
406.50 191.79
406.50 191.79
929.11 193.81
396.69 194.60
648.79 195.02
2051.73 194.31
1936.20 195.08
668.49 196.67
753.89 195.92
913.79 199.88
493.33 200.55
926.69 201.09
900.42 208.71
1886.74 208.24
118.56 209.54
408.76 209.64
408.76 209.64
2194.76 210.57
650.84 212.35
2169.72 212.56
2288.40 214.23
1971.42 216.75
961.91 224.10
1892.25 227.44
60.54 227.99
125.40 228.69
260.48 228.82
749.78 228.62
295.82 231.44
863.44 231.23
1465.63 231.69
2241.31 231.65
54.57 233.83
156.75 234.65
2140.83 234.35
2179.41 234.88
512.51 235.72
609.63 236.20
851.36 237.38
851.36 237.38
447.18 238.78
901.03 238.96
191.28 239.22
280.21 240.37
1992.65 241.24
317.44 242.42
810.70 242.89
1356.14 242.44
548.74 243.81
2099.46 245.57
2099.46 245.57
572.47 247.87
654.13 247.14
198.37 250.82
286.48 250.42
2230.57 250.68
255.98 251.64
646.01 252.71
439.70 253.72
867.29 253.51
948.36 254.59
1889.51 256.31
2182.84 256.10
1899.27 258.19
2124.47 257.09
1989.04 258.70
340.85 260.40
451.46 260.07
653.73 267.14
784.97 268.19
620.23 269.52
2065.34 269.53
103.74 270.07
349.29 273.78
760.73 274.83
760.73 274.83
775.22 274.02
540.89 277.12
451.42 278.27
1959.65 279.86
2066.20 279.80
1918.49 284.67
863.32 287.34
1936.30 290.02
2110.70 291.29
2141.58 291.47
2141.58 291.47
604.33 291.86
1732.89 293.23
313.26 294.29
313.26 294.29
1438.94 294.01
2176.15 293.98
2009.24 296.50
2073.27 297.90
573.54 298.00
2026.71 300.09
1727.93 303.33
375.80 304.95
2010.12 305.55
2197.40 305.66
2197.40 305.66
628.54 306.77
800.48 308.06
800.48 308.06
2024.76 308.70
724.32 309.01
549.15 310.51
697.63 310.17
697.63 310.17
76.70 311.18
873.30 311.10
1735.65 311.61
2245.88 312.78
614.78 313.81
715.58 313.25
2192.17 313.33
2181.90 314.13
2210.32 316.61
462.85 317.43
71.96 318.37
133.73 318.31
753.73 319.20
2072.65 318.75
2125.78 323.33
2125.78 323.33
2235.05 323.73
2258.55 323.90
2258.55 323.90
2140.10 328.18
2140.10 328.18
2153.89 331.71
886.67 334.30
2132.95 335.18
1517.87 336.20
1977.11 336.22
2146.28 338.12
940.78 339.13
2162.47 343.06
243.77 345.47
176.23 346.73
419.67 346.55
50.94 348.46
443.68 351.32
919.94 352.86
1628.55 352.20
1628.55 352.20
884.32 353.09
2111.57 353.97
242.34 355.95
275.81 358.56
1716.46 358.50
14.67 359.80
2087.25 361.72
163.56 362.55
495.97 368.18
217.18 369.88
2085.35 369.78
323.67 372.09
323.67 372.09
2111.88 372.12
2111.88 372.12
64.40 373.26
64.40 373.26
1235.80 373.77
2076.18 373.10
459.85 375.50
2143.85 375.15
77.40 376.22
34.38 385.96
2033.35 385.73
455.96 386.57
2146.64 392.45
2146.64 392.45
96.99 395.54
2061.44 397.65
172.21 400.03
479.70 399.89
588.38 404.31
624.79 404.95
2118.54 404.87
2211.13 408.19
2150.67 408.81
1994.48 411.82
2115.25 412.04
2254.79 412.66
730.47 419.83
795.59 419.14
2132.09 419.12
282.04 420.37
681.31 424.14
952.87 424.01
105.87 426.04
105.87 426.04
516.08 425.57
73.26 426.76
386.37 428.57
658.47 428.43
725.87 428.32
2041.77 430.31
975.36 433.88
975.36 433.88
79.45 434.28
516.47 435.06
769.31 434.19
2035.91 436.47
746.50 437.41
813.82 437.87
838.89 443.53
876.75 444.59
717.34 445.53
250.16 447.81
2055.83 446.80
661.46 450.37
97.18 451.44
848.09 454.90
551.60 455.81
561.05 455.80
2153.25 456.09
361.56 456.41
361.56 456.41
654.34 456.23
22.62 457.91
115.24 457.08
2176.34 458.30
2133.95 460.35
2144.54 462.87
306.44 464.78
1555.34 464.40
496.83 465.28
2154.88 466.60
2105.90 467.35
479.08 469.68
479.08 469.68
1563.93 469.32
196.14 470.59
1522.58 474.55
499.99 476.07
499.99 476.07
2273.77 477.35
672.78 480.76
802.55 480.23
2178.44 480.12
324.43 481.06
415.89 481.45
1556.95 481.55
2147.23 482.03
2222.40 482.15
35.95 486.86
2231.53 489.58
2231.53 489.58
1623.00 491.05
859.87 492.48
1988.63 492.30
2210.31 493.63
2251.65 493.84
2251.65 493.84
670.42 493.93
661.69 497.94
409.98 498.22
15.11 499.15
883.40 499.34
1495.36 499.67
1926.16 499.59
218.04 501.77
679.80 501.39
793.44 502.23
847.70 504.37
2210.45 506.21
403.26 506.34
403.26 506.34
425.23 508.47
425.23 508.47
829.13 509.41
1923.68 509.10
1923.68 509.10
790.78 510.59
374.57 512.58
454.63 512.43
682.81 513.90
219.38 514.12
2205.87 514.59
2205.87 514.59
153.59 515.93
620.61 516.72
35.39 518.05
669.34 518.61
277.38 520.61
609.86 523.52
702.58 523.99
2108.85 523.94
2108.85 523.94
92.35 524.95
561.85 524.71
548.82 525.28
600.35 527.78
661.64 527.92
726.32 529.80
41.88 530.99
451.85 531.79
634.22 531.30
573.12 533.17
1948.77 535.56
1966.66 536.39
2215.87 536.46
1981.25 539.24
641.63 540.29
786.29 541.47
856.90 541.23
2207.48 543.71
2207.48 543.71
159.77 544.62
1946.87 544.82
241.69 547.15
206.88 548.06
1154.15 553.54
1818.27 553.20
767.75 555.74
208.15 556.42
791.70 557.82
312.72 559.87
1147.23 559.54
1135.20 560.39
1135.20 560.39
1181.11 560.00
942.96 561.49
1193.69 561.17
1193.69 561.17
804.15 563.87
872.59 563.71
2072.39 563.35
501.23 565.44
840.44 566.74
416.88 567.15
2282.21 567.25
911.67 568.48
1199.75 569.57
99.07 570.69
923.90 571.80
2256.90 570.76
2256.90 570.76
474.24 572.34
2069.17 572.35
219.92 572.63
350.14 577.63
1199.02 577.57
1199.02 577.57
12.58 578.54
311.78 578.33
2198.74 578.65
1894.27 584.36
1096.40 585.71
2127.70 587.02
262.09 588.59
2146.13 591.16
2146.13 591.16
582.78 594.20
2139.62 596.01
441.77 598.43
201.04 603.32
545.51 604.38
1080.96 605.41
302.11 606.54
356.58 606.81
356.58 606.81
596.71 608.73
123.64 623.64
643.75 623.85
2131.15 627.30
583.07 628.76
744.23 631.68
132.27 631.95
22.96 634.60
204.65 636.64
522.18 636.04
762.19 636.87
762.19 636.87
297.27 639.70
406.80 641.53
589.53 642.89
665.06 645.70
2153.22 653.11
90.40 654.18
2233.67 657.88
74.47 662.66
403.21 662.50
2246.86 662.79
2246.86 662.79
2213.50 665.79
2230.49 665.64
365.00 666.82
395.88 668.51
2241.87 668.86
486.05 669.22
387.83 673.00
389.36 682.06
102.27 682.56
332.40 682.53
117.67 683.06
275.28 686.92
95.28 689.48
492.58 690.89
2225.20 693.14
2100.19 695.90
549.32 707.41
1204.11 708.96
2032.49 709.21
2076.26 709.24
596.36 710.29
408.50 711.49
1194.62 712.43
479.41 714.91
204.30 717.86
204.30 717.86
495.66 719.42
167.11 720.70
2238.69 722.74
2161.10 723.22
2214.00 726.12
2228.81 727.72
2250.52 728.03
2170.61 729.37
2155.80 730.55
1154.30 731.92
525.05 734.72
2088.29 735.34
2229.94 735.97
488.37 737.09
488.37 737.09
225.38 738.72
502.42 740.35
60.90 747.83
666.26 748.06
196.91 750.46
237.80 754.81
237.80 754.81
1924.71 754.11
540.66 760.00
405.62 761.06
653.84 759.99
1529.93 761.30
628.67 763.85
523.39 765.13
534.51 765.31
401.13 767.62
1924.33 770.01
1963.96 770.46
483.90 772.40
551.58 776.64
1101.19 776.45
1101.19 776.45
1191.18 778.64
293.20 780.75
2177.99 781.57
2177.99 781.57
473.30 782.76
1217.07 784.33
548.30 785.87
1529.70 785.88
165.54 791.01
453.96 790.65
2185.38 790.29
148.56 792.67
243.49 792.62
34.14 795.58
504.23 796.10
196.21 796.37
1274.91 796.72
159.88 799.74
538.71 800.79
524.93 801.32
1825.60 802.05
289.28 803.73
599.61 804.59
2209.25 804.34
360.20 806.59
322.39 807.25
322.39 807.25
633.29 807.13
1535.61 810.00
2236.38 810.97
606.67 811.78
648.96 811.11
2157.18 811.47
1837.96 815.69
494.51 816.56
494.51 816.56
133.04 818.49
1694.77 819.37
299.68 822.12
331.95 822.09
1840.11 824.18
324.34 824.71
324.34 824.71
1525.63 825.37
214.97 826.50
1862.60 826.61
23.04 827.52
23.04 827.52
197.98 828.08
197.98 828.08
148.70 832.18
2148.52 832.69
498.18 835.09
2251.37 837.36
482.58 844.83
324.28 846.29
398.65 846.24
2237.13 846.35
2246.53 845.88
256.88 848.23
1516.51 852.44
2272.83 852.39
3020.67 852.06
1552.83 853.10
505.32 854.54
710.19 854.41
403.98 855.21
542.82 858.63
1090.53 859.77
719.70 861.34
719.70 861.34
1530.27 861.49
2162.73 861.35
2236.40 863.95
679.04 868.60
2254.17 868.20
400.06 869.35
421.72 870.30
182.24 871.30
662.39 871.05
1075.41 872.64
464.08 875.00
445.21 876.92
638.90 876.27
275.50 877.39
275.50 877.39
2158.32 877.13
229.70 879.78
1157.27 880.41
1197.01 883.41
1448.83 884.11
2143.49 884.52
2170.95 885.62
153.72 886.81
223.72 887.84
508.18 887.09
508.18 887.09
85.69 890.31
56.73 894.40
56.73 894.40
2171.02 894.84
2171.02 894.84
1829.51 895.40
1193.23 898.86
3021.59 898.70
3021.59 898.70
2218.29 899.02
2218.29 899.02
2203.12 901.04
1371.82 901.38
293.28 902.81
2249.82 904.93
416.61 905.48
958.87 905.16
1824.50 907.57
45.73 909.85
45.73 909.85
577.92 910.00
2300.37 910.66
2119.32 913.83
642.76 914.08
1193.91 914.49
221.23 915.45
309.57 915.59
378.48 916.38
1948.71 916.53
1163.07 918.59
1262.96 924.94
221.73 927.00
247.50 926.15
338.87 926.14
1823.74 927.10
370.30 930.73
370.30 930.73
466.33 930.80
313.56 932.73
643.18 932.48
1815.68 932.41
1895.16 935.23
421.04 937.79
187.64 939.47
1803.66 942.16
1803.66 942.16
697.04 943.60
2198.71 944.26
120.43 947.34
902.72 947.82
2190.77 948.09
38.14 949.95
1548.58 950.95
456.69 955.90
180.59 956.23
715.95 957.91
365.29 958.97
570.92 958.55
2189.43 962.25
293.87 963.98
174.63 964.76
602.10 966.12
483.96 968.13
1406.32 968.74
2055.29 968.88
2182.01 968.35
2098.47 971.61
1636.21 972.60
37.65 974.09
1559.54 974.22
572.47 976.75
1965.70 976.55
228.28 978.89
1371.34 980.83
1960.76 984.20
300.35 985.96
486.78 987.58
2224.93 987.91
2137.58 990.84
2183.05 993.06
1203.43 995.99
2173.71 995.00
1405.97 997.84
1478.22 997.99
1468.73 998.70
1468.73 998.70
2261.07 1000.89
2261.07 1000.89
37.89 1001.14
656.03 1001.42
1725.98 1002.52
1391.43 1004.98
1413.90 1004.73
710.86 1006.87
710.86 1006.87
501.21 1007.28
2029.12 1008.27
102.88 1010.86
409.41 1010.63
1528.70 1011.01
1747.56 1011.30
219.64 1012.25
448.39 1013.74
2261.17 1013.49
2261.17 1013.49
440.18 1014.64
313.21 1016.15
246.49 1018.43
2124.33 1019.11
2124.33 1019.11
322.60 1020.67
414.71 1021.77
238.90 1023.15
618.75 1022.72
1250.76 1022.35
1250.76 1022.35
1267.56 1022.85
69.17 1025.61
2023.02 1025.68
536.06 1028.91
536.06 1028.91
86.18 1032.79
1219.22 1033.88
224.69 1035.14
2032.05 1035.99
531.79 1037.85
1912.96 1037.14
1898.09 1039.47
445.35 1040.64
496.60 1040.59
601.85 1041.69
1408.32 1043.15
192.35 1044.81
561.81 1045.74
297.02 1047.67
2036.30 1048.17
538.80 1049.36
74.87 1050.54
1505.07 1051.76
1505.07 1051.76
380.10 1052.12
1024.00 1052.19
1024.00 1052.19
1814.65 1053.01
2128.32 1052.11
2128.32 1052.11
106.44 1054.12
369.02 1054.14
673.08 1055.41
938.00 1056.25
2173.78 1057.96
2121.87 1058.06
1500.21 1059.54
1500.21 1059.54
1558.45 1060.39
2145.06 1060.03
2145.06 1060.03
259.03 1062.55
1817.95 1063.01
317.10 1063.73
1890.05 1063.60
1013.45 1065.75
1013.45 1065.75
559.91 1066.41
559.91 1066.41
2272.88 1067.54
657.56 1068.14
2094.81 1069.94
2033.66 1075.00
2033.66 1075.00
147.57 1075.95
1674.81 1075.53
1452.73 1077.57
260.49 1081.51
1559.01 1081.83
195.56 1086.85
3011.38 1087.14
316.54 1089.71
2304.06 1089.71
2275.28 1090.67
288.25 1095.84
326.08 1095.88
61.08 1096.77
61.08 1096.77
184.32 1098.21
2003.43 1108.67
2036.47 1108.79
377.45 1111.64
590.23 1113.57
82.31 1114.32
1483.82 1114.42
1796.80 1115.02
1796.80 1115.02
2044.90 1116.85
234.48 1118.44
520.91 1121.47
2971.27 1123.40
2971.27 1123.40
2179.89 1126.57
394.81 1128.12
481.55 1127.89
627.54 1127.41
1291.62 1127.38
59.86 1133.78
1676.07 1133.86
1722.17 1134.04
1722.17 1134.04
361.17 1134.58
403.00 1134.06
45.39 1135.30
490.18 1136.97
2189.80 1137.39
464.96 1138.48
372.42 1139.62
328.69 1140.11
2253.63 1144.98
2253.63 1144.98
553.36 1146.05
343.86 1153.35
393.54 1155.16
1347.82 1155.24
418.41 1157.08
52.28 1159.92
2201.07 1159.44
2245.31 1161.29
399.01 1164.55
424.04 1164.63
606.41 1164.90
622.05 1167.09
241.09 1170.36
394.12 1172.69
1479.07 1173.45
1931.01 1175.13
28.02 1176.09
2307.20 1176.48
89.73 1179.66
611.88 1181.44
2038.40 1182.52
379.34 1184.60
1287.80 1186.48
2068.53 1186.98
1240.82 1187.14
1640.55 1189.01
554.01 1189.33
1626.94 1189.06
2079.21 1191.67
1105.80 1192.01
433.70 1198.17
2008.33 1199.14
955.03 1200.80
970.06 1200.65
252.88 1202.74
1555.45 1204.26
1617.60 1204.90
341.51 1206.23
445.75 1208.36
249.73 1211.74
531.78 1211.05
613.18 1212.75
2047.55 1212.54
1894.29 1213.35
463.05 1215.69
442.51 1216.05
657.42 1217.79
1126.56 1217.34
245.74 1219.28
644.06 1219.21
1481.02 1219.52
619.93 1220.12
379.95 1222.95
1171.77 1222.28
1437.95 1222.47
1636.66 1222.72
47.22 1223.65
91.67 1223.12
323.29 1227.80
403.24 1227.35
898.80 1227.96
263.74 1229.12
1273.26 1229.82
69.74 1230.03
614.40 1231.11
924.67 1233.77
1225.89 1233.52
1692.24 1235.11
19.01 1236.93
320.20 1236.39
66.75 1238.39
2282.54 1238.27
878.01 1241.15
878.01 1241.15
1039.22 1241.96
53.10 1242.61
1236.53 1243.85
1341.03 1243.02
987.51 1244.82
1029.50 1245.16
1895.65 1244.81
2215.20 1245.60
2285.42 1247.05
237.76 1250.45
237.76 1250.45
297.56 1252.14
1242.80 1254.69
200.28 1255.29
1704.73 1255.53
997.83 1256.09
1118.06 1256.66
598.23 1260.22
2018.22 1261.05
461.11 1263.53
360.79 1266.07
2295.56 1266.35
1916.59 1267.32
1916.59 1267.32
412.45 1271.15
892.75 1271.80
892.75 1271.80
180.92 1274.58
604.18 1274.27
630.73 1274.74
1584.10 1276.11
2062.22 1277.85
1372.74 1278.79
257.09 1279.68
1307.78 1279.90
1318.04 1280.39
548.35 1281.89
637.16 1281.97
2039.44 1281.43
660.78 1282.72
2003.03 1282.54
247.93 1284.57
520.46 1286.48
293.07 1287.34
504.07 1287.78
1376.88 1287.69
471.90 1288.96
471.90 1288.96
915.35 1288.76
127.65 1291.01
556.35 1292.09
566.23 1292.78
257.71 1294.50
1140.95 1294.05
519.20 1294.85
1529.19 1295.05
1117.87 1297.03
586.46 1297.12
1090.74 1297.47
1983.62 1299.37
299.93 1300.63
1769.66 1300.44
313.65 1303.27
597.45 1305.83
1113.74 1305.44
587.04 1306.07
1086.99 1306.25
1086.99 1306.25
891.15 1307.19
1227.29 1307.13
252.51 1309.34
1673.85 1310.49
1661.31 1311.72
1661.31 1311.72
429.75 1315.07
1608.96 1316.20
292.83 1321.84
510.63 1323.05
557.95 1326.39
647.21 1327.74
182.37 1328.64
303.28 1329.67
21.80 1331.30
21.80 1331.30
295.12 1333.72
43.33 1334.12
11.96 1338.49
454.41 1341.19
1483.76 1343.17
1466.71 1345.06
661.31 1351.67
1688.68 1354.50
225.51 1357.56
146.53 1362.89
100.58 1364.69
497.10 1365.39
115.33 1373.48
1143.83 1374.51
1119.26 1375.79
1132.16 1374.68
1095.29 1377.11
1068.27 1380.70
375.84 1381.89
549.32 1381.03
418.48 1384.68
188.29 1388.75
779.22 1388.71
317.91 1390.57
940.85 1391.00
67.21 1391.94
225.52 1392.59
59.85 1398.33
192.75 1405.07
263.85 1407.09
81.34 1407.43
357.11 1407.99
1482.25 1409.72
571.77 1410.86
571.77 1410.86
322.11 1412.46
605.84 1418.96
486.84 1421.25
519.30 1421.46
64.60 1423.03
510.42 1424.81
297.63 1425.05
629.39 1425.20
629.39 1425.20
583.85 1430.67
162.84 1433.31
1044.76 1438.49
39.53 1441.98
1020.23 1442.21
79.26 1446.30
655.35 1454.29
66.20 1455.20
600.05 1455.90
222.20 1456.09
30.24 1457.48
118.68 1468.65
118.68 1468.65
33.11 1474.72
33.11 1474.72
562.05 1476.69
2302.63 1476.31
148.20 1479.82
298.27 1481.87
570.67 1481.96
111.74 1484.65
547.85 1484.06
1066.32 1485.93
528.25 1487.02
418.30 1489.80
442.85 1493.05
982.82 1493.28
1008.42 1493.50
131.49 1496.68
402.36 1499.94
234.00 1501.73
2038.22 1506.15
35.89 1506.43
355.05 1509.42
2030.49 1509.79
172.74 1516.20
234.65 1517.99
189.72 1518.09
887.46 1518.56
208.42 1519.61
208.42 1519.61
104.65 1522.84
1917.70 1523.21
233.67 1528.25
208.37 1529.15
112.42 1531.96
245.32 1531.74
341.11 1533.07
362.24 1531.99
193.10 1533.27
52.57 1536.88
1034.49 1536.33
2277.40 1536.05
299.32 1539.02
244.09 1542.19
244.09 1542.19
1001.01 1543.43
2272.72 1543.52
1120.69 1544.45
260.98 1546.36
937.96 1547.47
1007.81 1549.77
1023.72 1552.16
969.36 1554.47
1043.92 1554.98
2018.28 1559.87
468.99 1561.22
527.24 1562.31
527.24 1562.31
1026.18 1562.53
358.39 1571.37
1764.20 1574.21
2219.58 1576.18
1089.59 1582.20
2185.18 1583.13
390.72 1587.98
414.55 1589.25
414.55 1589.25
2111.93 1591.02
603.28 1592.20
218.02 1593.88
1663.97 1594.58
1663.97 1594.58
209.88 1598.28
607.44 1600.36
1649.41 1608.20
1707.42 1608.02
190.93 1609.73
1684.49 1612.20
254.21 1613.52
1371.83 1613.27
1899.22 1614.15
1976.35 1615.32
113.09 1617.55
925.79 1620.25
275.68 1623.43
1360.80 1625.22
55.86 1625.54
225.80 1626.48
906.58 1628.01
1915.06 1627.50
452.19 1628.94
464.94 1628.98
185.92 1630.36
895.45 1633.12
1661.50 1633.92
1878.06 1633.13
231.44 1634.29
162.51 1636.88
1647.35 1638.80
1710.71 1638.72
1710.71 1638.72
204.52 1639.90
1562.24 1639.65
1562.24 1639.65
1800.71 1640.44
1036.89 1641.27
2155.73 1642.39
151.34 1643.41
1687.61 1644.15
1894.37 1643.88
1765.48 1644.37
1005.63 1646.91
114.15 1648.33
1703.82 1648.74
1755.78 1648.07
2169.72 1653.27
1694.28 1655.89
1665.51 1656.87
201.83 1657.38
24.50 1658.64
161.97 1659.86
1333.85 1659.14
2065.09 1663.01
1313.43 1665.17
1313.43 1665.17
456.59 1670.33
540.43 1673.89
1166.68 1673.56
1166.68 1673.56
36.06 1678.86
1151.23 1680.35
1151.23 1680.35
1994.67 1681.20
1646.59 1681.65
2047.79 1684.24
1155.90 1688.43
634.40 1689.84
1141.74 1690.18
619.91 1692.04
2424.45 1693.89
2446.31 1693.78
668.21 1696.20
550.65 1698.25
296.89 1699.89
296.89 1699.89
1659.87 1704.50
1045.67 1706.73
1978.03 1706.58
608.75 1709.19
1803.32 1713.63
468.97 1713.96
391.65 1717.05
41.26 1723.41
290.41 1727.22
839.70 1728.80
427.15 1729.33
357.55 1733.09
225.29 1746.51
33.58 1747.23
1007.65 1747.59
171.23 1752.13
1030.53 1751.60
149.32 1754.22
578.72 1754.82
634.15 1755.73
976.01 1760.91
581.45 1763.70
617.37 1763.93
608.37 1768.29
111.06 1770.21
563.95 1772.98
36.68 1777.75
550.92 1777.64
236.14 1781.53
465.86 1783.92
488.18 1789.89
456.94 1791.48
441.42 1795.06
836.71 1797.50
365.24 1802.26
1902.33 1807.91
311.58 1809.45
255.54 1811.26
255.54 1811.26
1908.36 1813.86
1787.35 1816.67
1868.61 1817.30
283.07 1821.33
1477.36 1821.08
1502.88 1821.66
1598.88 1822.25
1899.53 1823.71
904.19 1826.66
247.05 1827.63
249.98 1835.76
135.17 1837.63
112.54 1840.51
301.47 1843.81
2149.44 1844.01
2149.44 1844.01
1644.62 1855.87
2055.98 1856.46
60.47 1870.84
60.47 1870.84
1939.10 1900.51
1902.98 1911.40
1846.96 1920.16
102.56 17.36
102.56 17.36
689.58 17.40
548.36 22.62
592.97 22.96
592.97 22.96
3030.65 24.30
2256.05 26.99
565.30 27.47
716.62 30.07
370.12 31.99
676.92 34.95
235.17 36.20
235.17 36.20
972.96 37.93
1899.51 37.47
126.95 41.57
126.95 41.57
1958.55 44.63
104.39 45.99
415.14 48.33
94.34 51.01
204.37 54.09
508.58 53.70
990.01 56.62
409.68 58.26
837.33 58.67
517.77 66.86
988.88 66.50
836.47 69.37
530.42 69.71
882.36 70.01
35.04 74.79
655.51 75.38
162.29 75.97
235.20 75.91
398.16 78.23
1085.54 78.67
130.25 79.67
792.96 85.82
230.24 87.08
1729.37 88.52
2259.67 88.93
2259.67 88.93
218.18 95.65
287.26 97.75
877.53 101.60
976.87 102.44
1785.10 104.45
221.35 107.14
277.41 105.70
942.16 105.90
610.59 107.65
1886.95 109.14
251.17 110.59
373.48 115.22
488.46 116.11
503.85 120.51
1071.79 120.68
307.77 123.20
364.22 121.76
3049.72 129.44
554.36 130.71
947.01 131.06
947.01 131.06
386.33 134.78
386.33 134.78
599.83 136.79
2077.12 138.65
489.88 139.41
489.88 139.41
49.53 142.65
1898.99 142.90
1898.99 142.90
1042.72 147.50
1864.44 145.59
842.48 147.63
3043.69 151.45
598.08 153.27
414.20 154.45
239.21 155.82
618.96 157.15
924.15 156.21
2173.85 162.21
608.03 163.62
41.85 166.49
41.85 166.49
870.40 167.18
870.40 167.18
988.55 165.54
988.55 165.54
1859.78 168.66
387.66 170.25
552.15 170.68
938.77 173.33
538.68 175.30
817.08 174.30
817.08 174.30
985.26 176.77
1294.30 176.39
1294.30 176.39
2270.76 179.45
1260.02 181.80
38.79 185.13
38.79 185.13
2050.04 185.56
712.19 186.41
1270.19 190.82
237.82 192.81
1306.18 199.36
2147.90 200.28
553.43 201.71
964.30 204.04
884.78 205.76
884.78 205.76
272.45 208.09
781.61 209.17
781.61 209.17
673.93 209.79
381.33 214.65
260.72 216.57
401.19 216.59
666.62 218.79
777.43 219.00
456.34 220.37
503.97 220.51
2160.07 219.71
206.18 223.55
2903.29 222.64
1389.31 225.04
657.74 227.73
2862.17 228.96
485.24 231.61
863.39 231.05
2892.59 230.28
354.18 233.47
2093.04 235.98
27.33 238.12
384.07 238.14
1399.16 237.73
526.29 241.24
480.23 242.54
1368.13 242.01
208.60 245.14
260.84 243.85
842.89 245.28
230.66 250.93
1995.22 251.01
49.45 260.48
49.45 260.48
975.97 260.88
426.05 263.40
943.38 263.31
954.41 263.47
1919.46 263.60
643.27 267.54
1397.96 266.94
46.57 269.94
338.06 269.90
3046.71 270.42
2033.59 271.87
2872.74 272.21
199.64 273.98
1792.60 275.71
1949.72 275.96
2088.36 276.52
119.13 278.26
210.78 279.24
856.28 277.48
2953.88 279.57
2113.90 281.14
2113.90 281.14
2258.88 281.50
189.67 284.50
504.35 288.69
3019.27 287.83
64.66 289.88
638.08 289.94
638.08 289.94
100.85 292.62
582.67 292.30
2905.09 293.79
328.41 295.23
477.46 296.38
2054.69 296.75
152.19 298.39
209.86 298.30
685.66 298.08
199.01 303.52
199.01 303.52
2179.30 304.16
672.81 305.65
672.81 305.65
1779.61 309.00
2069.77 308.16
2069.77 308.16
328.37 310.86
488.83 312.01
1188.75 316.11
338.90 319.81
477.78 320.43
869.18 319.99
197.24 323.09
2247.15 323.08
328.59 325.70
3056.27 327.39
57.26 329.21
234.55 330.62
234.55 330.62
388.64 337.54
3046.09 336.67
199.90 340.19
495.23 340.28
877.71 341.53
985.30 342.61
22.13 343.97
369.11 345.48
856.07 347.00
348.19 349.37
870.48 348.30
953.31 350.43
1986.92 354.75
2127.20 355.11
434.00 356.23
773.82 356.59
854.84 357.18
417.46 357.55
490.15 358.37
876.34 361.16
1748.38 363.12
2011.97 361.83
106.49 365.60
194.44 366.91
366.62 366.35
447.75 366.84
895.08 365.51
2047.27 367.42
3000.10 366.17
1776.04 369.27
1776.04 369.27
470.17 371.00
1515.54 371.44
1515.54 371.44
436.95 372.87
935.74 371.69
2006.43 374.26
965.08 375.74
96.38 379.09
2133.95 379.25
510.53 380.88
1672.63 384.09
623.62 387.01
399.07 391.15
502.72 390.27
2066.78 389.10
966.41 391.51
1630.16 396.65
1630.16 396.65
340.76 404.05
408.18 407.31
665.58 406.74
550.54 408.65
67.33 412.52
2139.91 413.43
253.42 415.76
189.94 419.99
94.85 426.29
961.15 430.53
677.30 432.91
1238.53 431.93
229.05 434.41
229.05 434.41
116.49 445.03
224.35 445.34
669.66 443.43
858.17 446.60
539.17 449.15
96.87 451.24
424.84 453.46
849.54 455.25
849.54 455.25
562.05 456.30
562.05 456.30
586.99 460.44
187.03 464.54
17.59 466.75
572.10 466.13
879.81 468.39
424.94 473.12
499.99 475.96
499.99 475.96
928.03 476.86
2125.71 476.81
199.56 481.08
845.26 481.88
2281.24 483.97
2201.39 486.92
2201.39 486.92
321.79 491.17
2190.70 491.36
426.91 498.66
33.26 500.79
33.26 500.79
2200.94 503.25
2263.61 504.68
341.66 510.76
1501.96 509.75
266.59 512.29
521.87 512.39
584.60 514.93
501.31 520.45
2216.57 521.12
1648.64 522.83
2228.70 521.92
214.89 525.63
576.33 524.56
2205.85 530.97
2205.85 530.97
1639.33 531.43
2034.61 531.67
2054.35 532.12
693.06 533.85
693.06 533.85
167.56 535.54
806.21 536.82
829.95 537.56
2099.41 538.89
2111.74 541.48
2920.00 542.33
110.03 544.92
834.41 543.93
2131.26 543.66
64.76 545.85
37.88 551.19
269.22 553.17
2184.01 553.39
510.60 560.35
920.95 561.36
1654.21 565.22
1665.66 565.27
686.81 565.56
1287.05 566.62
1236.88 569.09
1236.88 569.09
74.71 572.37
939.63 573.59
2156.72 575.21
132.31 577.53
177.30 579.54
177.30 579.54
3013.38 585.80
944.08 586.65
824.38 587.82
46.50 589.82
1835.75 594.79
2269.41 594.78
818.41 597.67
200.91 602.60
186.85 604.89
537.19 606.07
1606.03 606.12
1076.33 617.44
1076.33 617.44
2077.55 620.84
329.33 622.74
694.84 623.10
1985.87 624.05
1605.81 633.86
2156.22 634.53
2108.06 637.63
2108.06 637.63
406.91 641.53
2186.96 641.32
391.99 644.23
391.99 644.23
510.67 647.06
170.36 654.06
376.40 655.11
398.60 653.50
1987.33 653.86
454.09 656.01
160.28 658.85
2219.73 659.21
2219.73 659.21
92.70 664.35
92.70 664.35
2979.86 667.95
3006.44 668.09
140.87 670.04
83.21 672.92
163.01 674.67
159.42 685.10
214.20 684.35
263.82 686.86
2121.95 688.85
471.41 689.45
207.67 692.23
287.38 692.48
302.97 694.31
271.46 697.27
1431.31 696.22
1136.33 699.35
538.33 703.53
281.01 706.50
314.69 706.11
1148.64 706.60
1899.02 706.04
2102.75 707.21
2102.75 707.21
249.97 707.99
392.76 710.89
190.03 711.77
439.07 717.12
548.75 717.80
2917.42 719.38
2259.99 719.55
2110.68 725.33
680.07 727.30
542.31 728.19
657.04 729.20
697.98 731.48
1165.20 730.74
1270.44 733.26
2212.62 735.98
2251.61 738.83
289.95 744.61
289.95 744.61
2967.81 744.85
107.57 745.59
648.98 748.19
2232.60 748.33
635.07 754.92
2153.30 759.21
2119.85 760.71
1801.85 762.67
1801.85 762.67
1813.70 762.19
2186.92 763.12
2977.39 762.26
306.12 765.30
2995.17 772.95
661.55 778.33
1926.18 782.86
1926.18 782.86
2238.06 783.34
2898.07 781.74
606.82 789.37
2187.00 787.54
1216.99 795.13
1368.41 795.09
20.61 797.36
275.55 797.08
275.55 797.08
316.70 796.00
316.70 796.00
673.96 796.68
2180.29 797.56
517.61 800.05
649.25 800.60
649.25 800.60
1926.42 810.18
1926.42 810.18
2143.99 811.05
2189.78 810.54
397.59 811.89
179.76 814.08
1431.85 813.64
519.23 818.27
314.22 819.68
1809.63 823.96
240.61 826.34
240.61 826.34
303.42 831.88
391.89 833.04
1540.38 832.30
694.90 836.06
1853.70 836.11
1874.14 839.60
199.83 844.17
1866.97 847.71
1271.31 851.22
1271.31 851.22
1144.26 852.11
688.84 858.00
1380.27 864.55
634.90 866.37
280.89 867.76
1189.30 872.70
488.30 874.70
510.88 877.74
2269.60 878.99
368.74 879.83
312.51 882.13
245.87 887.41
1809.77 886.04
1681.69 888.72
1130.17 890.05
1692.52 890.48
1692.52 890.48
644.81 894.92
2239.45 896.37
2253.59 895.32
2253.59 895.32
1122.42 900.19
1156.28 899.89
444.31 902.53
2977.32 903.95
370.58 905.56
587.47 906.57
320.70 911.76
334.55 912.55
1700.98 918.72
2182.10 920.46
1748.82 922.35
564.23 924.41
598.00 925.38
598.00 925.38
2125.34 925.62
2280.11 934.43
1100.79 937.47
2232.40 936.99
1271.80 938.69
716.80 940.40
2181.76 941.36
326.63 946.40
618.24 946.89
650.15 946.19
503.13 948.10
708.01 948.32
1581.83 948.76
1988.31 950.28
601.41 956.60
620.37 957.90
960.67 961.05
960.67 961.05
1544.14 960.34
2106.46 960.30
129.09 963.73
206.16 964.99
272.75 964.85
464.80 963.96
667.75 965.51
183.33 965.92
311.86 966.94
515.44 967.00
579.30 966.72
1575.77 969.30
238.68 969.89
529.35 969.78
625.66 969.86
2251.73 970.30
297.47 974.11
2171.37 974.80
1580.68 978.58
544.47 979.96
1747.97 980.61
2257.97 983.31
2165.65 986.16
2016.16 988.65
2030.78 988.03
528.45 991.43
56.83 993.33
1418.86 994.03
1444.16 994.01
1142.14 996.50
1555.10 998.51
382.56 1000.07
1596.16 999.79
2281.56 1000.06
1804.14 1004.19
63.93 1006.54
63.93 1006.54
1444.70 1007.59
1444.70 1007.59
1380.95 1008.86
1433.70 1008.91
462.92 1012.12
700.51 1012.17
1575.46 1013.18
2004.48 1012.11
1726.88 1015.11
124.77 1022.25
288.76 1022.57
1240.91 1023.08
1542.21 1022.47
1579.42 1024.68
314.60 1026.60
59.90 1030.12
645.04 1037.76
710.60 1040.62
1009.75 1040.67
2167.39 1041.91
2257.39 1042.82
335.84 1044.13
578.35 1044.03
2152.45 1045.11
2064.00 1045.64
456.72 1047.85
508.58 1048.00
1896.25 1049.66
604.36 1051.87
552.37 1056.16
469.52 1058.56
1738.79 1059.97
274.47 1063.05
1900.65 1062.20
372.28 1063.59
1672.57 1064.99
1760.74 1069.11
1760.74 1069.11
2186.38 1068.31
387.48 1072.07
387.48 1072.07
888.28 1073.98
176.84 1078.80
176.84 1078.80
1558.69 1081.37
943.38 1083.94
1578.23 1084.12
147.38 1086.66
540.01 1087.22
82.55 1088.10
2925.55 1088.22
227.74 1094.27
2245.69 1097.19
2155.66 1097.82
398.25 1099.86
243.54 1104.79
2193.45 1106.44
2163.45 1108.87
2163.45 1108.87
2287.86 1113.00
94.33 1114.96
546.01 1130.01
546.01 1130.01
385.95 1132.92
1351.31 1135.87
1473.10 1143.05
1384.48 1143.83
1341.04 1146.36
2303.56 1148.29
932.64 1151.47
973.07 1150.89
981.99 1150.70
863.31 1153.31
97.45 1154.42
514.44 1153.63
87.39 1160.02
653.56 1160.69
382.38 1163.13
572.44 1162.90
318.46 1164.24
445.12 1165.68
551.24 1165.68
1011.55 1180.99
1349.53 1189.98
1874.32 1190.23
1918.98 1197.29
1635.61 1198.06
554.86 1201.31
1703.97 1207.00
1703.97 1207.00
2062.57 1207.08
1667.54 1209.10
599.68 1211.34
1588.01 1212.76
2144.41 1212.62
1046.58 1214.84
1520.96 1214.91
1787.88 1214.93
509.16 1217.86
509.16 1217.86
587.49 1217.87
604.24 1222.27
1135.37 1224.78
2153.74 1226.98
511.29 1229.07
301.00 1235.25
924.27 1233.88
1224.98 1234.17
235.20 1236.46
891.38 1236.71
1357.76 1243.00
1248.65 1245.77
639.87 1248.22
2041.66 1248.12
426.20 1250.15
597.75 1249.70
2234.42 1250.57
225.32 1252.76
116.45 1257.02
1894.64 1256.65
45.66 1257.99
1104.03 1260.46
984.83 1261.76
534.21 1264.85
1858.28 1265.84
580.36 1267.60
572.92 1276.99
499.01 1278.81
1359.52 1279.03
1525.73 1283.82
1755.00 1285.95
670.43 1288.39
541.04 1291.27
309.32 1292.02
451.20 1291.73
889.53 1295.56
241.90 1299.88
562.93 1302.31
1710.52 1305.42
1683.91 1308.98
67.68 1310.32
211.60 1313.41
315.02 1313.37
559.74 1314.40
1152.92 1315.13
179.24 1318.98
107.94 1320.38
905.78 1320.05
1669.98 1320.03
510.52 1322.87
1170.97 1322.44
1170.97 1322.44
45.06 1323.99
874.99 1326.66
1578.35 1337.18
485.32 1338.07
437.20 1340.26
1526.12 1341.33
414.17 1342.81
1495.30 1344.02
87.33 1348.31
488.89 1348.14
992.30 1349.66
98.38 1354.96
869.35 1356.79
74.88 1361.23
566.52 1362.50
256.45 1364.87
128.55 1366.09
438.30 1365.83
624.07 1366.62
255.54 1375.14
255.54 1375.14
429.34 1377.10
37.40 1378.36
403.23 1384.71
580.17 1388.73
371.90 1390.32
2009.43 1395.13
195.91 1396.08
195.91 1396.08
380.72 1399.22
823.98 1398.42
347.64 1402.14
492.28 1402.40
304.89 1408.46
230.50 1411.40
500.43 1417.98
83.73 1422.27
83.73 1422.27
615.55 1424.48
255.58 1428.33
445.99 1428.73
256.04 1439.06
315.61 1442.81
56.84 1464.45
141.44 1467.68
636.36 1467.91
21.90 1470.39
358.92 1474.40
96.04 1478.42
96.04 1478.42
640.19 1477.73
186.36 1481.61
2286.62 1482.53
73.91 1484.13
111.76 1484.69
1036.66 1490.51
103.78 1491.76
146.59 1497.76
23.42 1501.94
449.96 1502.56
449.96 1502.56
367.38 1504.11
2154.70 1507.45
218.20 1511.21
282.13 1512.22
453.72 1512.64
1047.52 1512.16
996.48 1514.46
189.96 1516.16
246.39 1515.69
347.93 1517.56
135.66 1522.31
181.76 1526.14
979.38 1532.63
1661.61 1533.60
1694.99 1532.79
1806.60 1534.86
1074.01 1538.62
119.89 1541.16
959.91 1541.14
1132.22 1542.60
2316.19 1549.04
55.85 1554.10
687.51 1555.66
2301.40 1561.37
1089.99 1565.53
200.68 1570.50
235.18 1570.11
535.27 1573.24
2039.10 1581.44
87.42 1584.02
235.37 1584.26
235.37 1584.26
614.75 1586.03
196.62 1591.02
196.62 1591.02
55.98 1597.52
1818.26 1600.56
1918.27 1600.71
1756.70 1602.38
1009.23 1603.16
75.16 1619.22
623.35 1617.72
623.35 1617.72
258.26 1622.94
667.95 1623.86
667.95 1623.86
256.41 1632.94
491.60 1634.53
1919.40 1634.84
904.61 1636.97
995.94 1637.75
610.20 1639.11
610.20 1639.11
1352.40 1642.74
67.73 1645.04
923.68 1643.92
1671.87 1645.95
195.61 1648.86
1343.39 1651.24
1038.01 1652.50
1038.01 1652.50
76.20 1654.42
551.93 1653.98
220.44 1657.94
98.72 1662.15
1373.56 1667.07
1792.75 1667.76
997.80 1670.18
93.90 1672.83
272.64 1674.96
178.73 1680.97
1759.93 1682.56
2277.59 1684.89
60.27 1688.92
512.96 1688.07
1649.25 1693.28
1710.99 1692.88
482.71 1695.58
482.71 1695.58
1984.43 1697.01
1984.43 1697.01
1016.10 1700.82
414.66 1702.42
414.66 1702.42
2184.53 1706.93
674.34 1708.33
1030.66 1709.25
942.41 1713.23
1015.48 1711.61
998.85 1714.75
551.55 1716.48
506.64 1717.76
846.19 1717.36
2139.13 1718.19
52.56 1723.29
297.76 1733.26
410.90 1733.29
2230.53 1734.50
259.59 1738.51
840.56 1738.26
284.86 1750.96
542.42 1749.43
670.68 1750.51
127.01 1755.07
106.81 1761.26
515.08 1764.12
2106.47 1764.31
1108.98 1768.66
152.07 1771.41
1073.11 1773.31
1515.13 1773.38
1515.13 1773.38
1489.12 1773.74
1597.70 1774.90
1597.70 1774.90
1678.94 1773.78
1678.94 1773.78
2040.51 1779.78
140.43 1783.73
478.22 1787.12
478.22 1787.12
409.99 1792.94
1111.65 1792.70
871.97 1817.15
247.24 1818.16
220.33 1822.99
23.47 1824.63
23.47 1824.63
1921.37 1831.60
1921.37 1831.60
79.97 1835.33
79.97 1835.33
250.19 1836.39
1899.58 1840.53
2383.70 1847.96
47.89 1850.72
90.51 1854.72
1644.50 1855.85
1901.34 1890.34
209.12 1901.53
1893.99 1919.03
1066.64 13.74
399.72 18.99
416.83 25.93
46.96 29.46
112.61 33.21
112.61 33.21
404.11 32.81
540.19 47.00
2907.14 47.85
769.21 51.60
884.46 51.65
664.16 56.52
130.80 64.63
201.52 66.78
201.52 66.78
404.07 67.76
568.92 69.68
552.97 78.72
565.93 81.63
815.49 82.03
84.97 87.21
356.19 87.09
172.95 88.80
487.59 88.92
417.91 99.06
1881.28 98.29
646.25 101.24
746.45 100.28
2251.00 100.24
2868.25 100.71
2868.25 100.71
184.35 102.57
722.40 104.56
1012.45 107.39
2142.06 107.79
46.88 109.02
1282.40 116.96
22.28 118.83
248.18 131.68
334.09 133.07
1004.52 134.36
400.68 135.72
790.19 135.56
674.30 153.06
674.30 153.06
2938.02 153.28
942.78 161.33
942.78 161.33
450.04 164.35
272.68 165.94
376.03 165.78
249.55 167.61
655.90 168.66
1268.32 170.46
2259.20 172.18
782.07 174.00
2165.88 176.24
1794.42 179.99
654.47 185.63
2153.32 187.40
766.24 196.07
2940.78 197.98
194.77 208.62
1750.14 212.65
42.45 216.03
2240.73 217.03
752.67 217.74
912.76 221.62
391.70 223.74
391.70 223.74
2113.06 223.31
2178.00 224.62
1453.04 228.23
1909.97 227.57
646.21 231.82
1361.89 233.12
2952.71 235.01
331.66 237.43
2080.49 245.93
50.95 247.10
1451.45 252.68
2223.88 252.74
1891.92 266.99
3018.74 267.66
323.83 270.93
2939.78 274.25
2939.78 274.25
2017.25 285.41
1947.90 288.38
1947.90 288.38
114.20 289.89
651.22 293.68
1453.65 297.55
624.60 298.06
501.57 301.63
92.61 302.50
92.61 302.50
1409.74 306.64
186.21 307.55
1758.54 311.06
618.03 311.55
3021.65 317.26
404.53 318.00
261.84 320.06
97.80 330.63
817.29 340.57
866.89 346.91
2868.54 347.88
972.66 351.17
1739.76 349.87
815.13 354.32
95.47 356.41
297.13 356.05
2915.96 356.25
3047.06 357.33
29.12 359.40
326.71 360.07
3013.82 361.70
970.50 365.99
970.50 365.99
1726.94 366.87
106.39 368.53
482.21 367.83
482.21 367.83
909.83 368.10
2184.29 368.45
358.21 374.33
358.21 374.33
1383.57 378.89
346.22 384.59
559.24 384.70
2112.60 384.05
3012.77 386.85
1541.56 388.87
2919.91 388.18
1526.12 389.15
1526.12 389.15
420.28 393.71
1700.93 396.85
3024.01 395.87
3024.01 395.87
556.18 397.75
105.23 404.49
105.23 404.49
287.45 412.11
963.30 415.69
378.75 415.61
1656.99 416.49
667.84 419.15
1551.21 422.73
2298.26 431.77
563.88 440.99
563.88 440.99
731.56 440.09
276.96 443.21
783.31 444.46
881.59 456.41
2106.97 456.80
1155.93 458.52
1155.93 458.52
163.21 460.78
673.20 462.24
673.20 462.24
790.38 461.66
2033.29 463.08
2195.82 471.60
858.58 477.41
2999.53 477.09
1542.09 481.67
166.00 488.05
159.70 500.63
1672.64 500.25
1672.64 500.25
203.95 505.16
252.20 508.94
1934.86 511.36
706.68 513.40
706.68 513.40
384.77 515.87
412.41 516.65
477.89 515.83
865.44 520.84
1494.55 522.48
825.35 524.04
1987.00 528.64
143.52 535.19
845.57 535.44
845.57 535.44
230.44 537.25
230.44 537.25
520.59 536.51
2021.26 537.20
1835.30 539.01
2897.87 539.40
2151.18 545.67
281.64 545.46
870.95 551.08
536.90 554.34
2133.45 555.64
815.77 558.88
256.97 562.70
181.85 564.33
181.85 564.33
114.84 576.12
271.47 580.58
774.17 580.51
774.17 580.51
3047.53 581.18
757.77 588.06
757.77 588.06
2211.28 588.27
525.22 603.37
694.53 609.93
79.98 611.48
152.16 614.03
284.64 615.45
206.48 616.70
2050.06 620.21
2050.06 620.21
1596.92 622.09
2903.78 636.65
2903.78 636.65
2144.73 639.89
2144.73 639.89
458.30 645.00
2073.21 644.82
615.59 646.25
686.37 650.83
759.36 655.13
474.19 657.17
270.59 662.71
1440.64 661.84
697.79 668.11
602.62 671.18
714.76 675.94
1382.72 679.87
2982.32 681.19
137.07 683.08
1433.98 683.81
251.38 694.41
393.77 697.71
2168.61 701.31
1125.17 706.55
172.54 709.45
172.54 709.45
2932.45 714.96
629.67 718.26
1695.88 717.84
1152.33 720.40
1152.33 720.40
931.81 723.06
1264.00 722.70
3002.59 723.54
616.40 725.00
919.01 730.97
131.34 735.74
1925.71 739.24
3048.21 739.54
2297.80 747.94
1101.19 749.56
1101.19 749.56
1113.50 761.30
134.69 762.32
1167.67 762.77
1402.42 761.83
1940.67 767.19
497.64 774.66
526.18 774.70
1114.28 773.99
1810.62 777.13
1150.59 778.58
1150.59 778.58
193.97 781.44
513.19 783.01
2928.71 787.12
180.44 790.83
180.44 790.83
1939.80 791.04
2233.30 795.62
581.57 798.32
581.57 798.32
2258.39 798.80
50.86 802.32
1942.61 808.75
507.18 809.79
582.21 812.86
1444.19 815.31
2940.94 819.49
2940.94 819.49
650.02 822.51
650.02 822.51
673.80 822.95
712.14 825.31
1930.18 827.43
2240.56 825.66
2954.95 826.56
1824.39 829.12
1946.69 830.07
2900.47 833.30
282.47 837.42
1191.77 841.23
337.40 844.78
97.67 846.32
849.42 846.95
1950.17 845.71
2900.41 855.85
701.75 865.52
2932.98 865.11
350.76 867.16
512.17 865.73
1421.01 869.11
1128.70 874.28
1128.70 874.28
1366.83 874.04
1366.83 874.04
353.00 880.37
431.60 880.01
396.13 882.57
335.02 891.93
2901.30 901.11
654.29 906.94
1798.35 907.05
430.21 908.01
1365.71 909.11
1365.71 909.11
1435.03 919.17
1408.43 923.17
502.49 924.58
325.16 927.33
325.16 927.33
1609.07 929.70
270.04 930.55
575.36 930.91
1087.09 932.73
2901.76 932.42
2922.93 932.47
63.20 941.50
523.69 942.27
523.69 942.27
438.59 944.66
385.95 949.05
254.34 955.97
526.72 956.34
645.71 956.26
1974.30 956.91
36.78 960.02
389.99 961.69
389.99 961.69
2178.55 961.46
62.04 964.95
2935.05 965.30
2029.98 966.65
345.51 974.88
380.98 975.35
2324.10 975.77
53.05 978.88
53.05 978.88
518.72 979.79
2923.56 977.79
1355.71 981.45
1408.06 985.98
39.94 989.10
706.68 987.77
2247.37 991.30
721.35 995.88
1997.54 995.19
1576.99 997.57
2923.62 998.79
76.60 1001.18
76.60 1001.18
1355.64 1003.29
359.80 1006.80
2017.74 1006.03
2164.23 1005.67
2935.91 1008.31
1152.92 1010.95
1586.47 1012.69
862.01 1019.45
2902.86 1019.42
1596.06 1022.46
93.67 1023.93
93.67 1023.93
1438.24 1027.32
2277.66 1027.06
601.22 1028.95
2262.65 1030.27
253.02 1038.80
413.90 1045.19
2181.54 1047.13
207.07 1053.56
268.63 1051.88
2936.73 1052.19
286.27 1054.11
311.01 1054.52
447.63 1056.44
1407.80 1060.05
99.26 1062.74
1422.52 1062.82
21.76 1064.64
356.66 1064.02
2289.83 1065.47
2063.93 1066.81
77.48 1074.61
2025.08 1084.69
2904.20 1087.89
2133.35 1090.60
587.03 1095.70
2297.28 1099.49
2948.77 1101.73
2237.69 1106.26
69.83 1109.04
1463.66 1113.02
1463.66 1113.02
2243.33 1118.85
2162.60 1120.57
1310.59 1127.05
70.34 1128.39
2289.30 1130.47
503.11 1131.89
85.63 1142.46
85.63 1142.46
206.37 1143.02
662.23 1149.41
646.25 1150.92
443.14 1153.44
286.12 1165.32
2998.94 1165.55
341.87 1174.83
482.17 1181.13
639.64 1183.07
3013.16 1182.21
529.38 1187.20
1482.77 1186.22
431.93 1188.29
207.69 1198.61
2291.22 1197.71
2969.28 1200.32
124.88 1202.96
2926.20 1202.22
524.22 1208.80
1775.96 1209.33
1626.98 1212.85
2958.83 1211.81
413.36 1217.26
999.33 1220.59
354.55 1221.77
1013.70 1221.24
2235.73 1226.33
2235.73 1226.33
2142.20 1228.46
286.75 1229.42
979.15 1233.22
1176.87 1233.95
928.98 1245.85
928.98 1245.85
1928.96 1245.55
1082.30 1248.21
2923.53 1249.29
1404.54 1256.66
1404.54 1256.66
25.71 1260.19
25.71 1260.19
921.35 1261.10
2027.54 1269.20
22.79 1277.63
1511.74 1291.40
1721.59 1290.72
1721.59 1290.72
641.09 1293.23
1734.08 1301.10
344.28 1302.14
1934.21 1306.31
230.13 1309.13
641.61 1308.38
1089.84 1318.40
1694.42 1318.33
25.33 1319.59
25.33 1319.59
921.62 1324.40
402.26 1329.39
445.05 1329.13
1709.76 1327.90
1538.66 1331.84
1601.64 1337.11
951.68 1351.94
924.44 1354.76
1015.76 1361.79
1579.89 1362.25
955.79 1366.79
934.92 1369.39
913.48 1370.32
2405.84 1372.87
639.41 1374.57
593.13 1382.17
961.30 1390.54
517.15 1391.83
914.54 1394.73
305.89 1396.77
240.00 1398.68
163.72 1400.86
163.72 1400.86
2388.96 1403.01
279.51 1411.10
947.97 1416.66
174.16 1429.34
2193.38 1428.39
1115.40 1430.54
296.76 1440.74
998.02 1442.49
157.08 1446.13
931.18 1447.13
931.18 1447.13
517.43 1456.36
984.51 1456.30
984.51 1456.30
41.27 1462.82
41.27 1462.82
504.88 1465.79
504.88 1465.79
600.66 1466.78
581.75 1468.61
1886.88 1468.43
1608.59 1470.08
618.13 1473.65
533.17 1475.74
1039.63 1477.84
37.91 1488.24
298.11 1500.12
152.35 1508.75
407.54 1510.49
407.54 1510.49
297.30 1516.99
364.65 1517.02
72.39 1523.90
2038.08 1523.46
1105.86 1532.24
2222.33 1541.81
925.35 1544.29
512.42 1552.62
512.42 1552.62
2015.03 1552.42
122.46 1555.51
496.65 1564.34
2375.32 1565.43
904.04 1568.59
1041.05 1570.74
321.27 1582.41
1575.34 1585.55
963.79 1596.20
237.42 1597.46
237.42 1597.46
949.82 1597.72
2039.11 1613.59
1241.27 1613.91
566.00 1616.45
1092.15 1621.80
206.76 1628.03
404.15 1629.41
518.56 1630.19
38.08 1639.06
353.40 1638.36
402.19 1641.48
272.70 1645.10
227.06 1645.51
304.76 1645.81
935.69 1646.88
1021.29 1653.70
1005.37 1657.98
1005.37 1657.98
1610.31 1657.77
151.00 1670.97
1337.32 1671.68
377.69 1674.23
323.96 1676.41
2416.42 1686.81
1188.44 1700.80
531.51 1702.62
355.84 1703.70
977.74 1705.90
927.27 1714.90
521.61 1717.16
1662.78 1715.92
1699.00 1715.70
424.98 1718.13
956.19 1720.93
92.56 1721.74
124.27 1722.06
857.03 1725.86
528.18 1727.98
1104.12 1729.42
182.69 1734.31
2060.79 1735.90
2060.79 1735.90
1977.13 1756.43
947.46 1758.75
1954.16 1761.31
1954.16 1761.31
1491.54 1762.35
557.10 1763.54
1668.31 1764.58
1690.69 1764.14
1757.00 1764.32
1881.56 1764.88
51.46 1766.68
1570.42 1774.82
1570.42 1774.82
1875.19 1776.81
1064.37 1800.49
330.10 1802.95
1950.84 1802.05
862.86 1807.98
1586.16 1813.06
1079.18 1813.68
897.58 1816.41
307.29 1820.33
264.57 1828.42
166.31 1830.96
236.70 1831.40
95.29 1840.91
72.75 1846.36
30.69 1852.57
51.95 1861.12
36.24 1863.89
108.99 1870.26
730.95 24.42
166.16 36.34
587.00 38.45
2881.89 38.37
668.24 43.01
668.24 43.01
228.36 51.56
2963.87 58.87
476.80 59.62
50.87 77.97
321.86 84.19
703.10 100.42
2931.23 114.90
702.53 116.25
748.28 127.90
612.78 130.35
1044.67 131.61
482.07 135.00
1536.65 135.18
898.86 145.88
1268.04 145.94
950.85 147.91
1359.10 151.65
861.23 153.29
1403.36 154.89
1317.66 156.57
1565.84 164.38
575.36 170.41
53.99 192.88
36.97 199.76
166.19 207.31
1290.92 210.71
2130.39 209.21
712.04 212.89
245.94 223.87
1955.73 225.66
2996.49 231.48
961.01 238.78
240.32 240.33
1512.10 241.07
1512.10 241.07
324.04 252.33
880.50 258.81
880.50 258.81
86.93 262.88
720.48 276.20
1411.43 275.85
667.05 289.27
667.05 289.27
1745.12 288.19
342.05 290.33
703.00 293.59
703.00 293.59
273.98 304.32
60.36 305.59
1149.87 307.56
1552.89 321.02
39.64 324.31
1373.18 330.33
1761.31 336.97
185.10 337.22
258.96 348.34
2059.16 358.99
951.48 362.27
951.48 362.27
384.38 364.51
2048.27 371.76
413.59 379.20
122.79 381.84
162.12 384.47
488.54 385.84
214.47 399.85
574.72 410.28
91.34 414.42
119.76 421.50
573.30 427.25
573.30 427.25
2253.38 429.26
410.33 433.98
1612.49 436.28
1649.03 436.63
1649.03 436.63
396.01 445.29
1638.77 450.03
3023.76 460.50
69.71 461.82
957.70 464.93
2086.58 468.67
311.37 484.57
951.74 483.96
181.90 506.39
568.12 506.24
218.35 507.99
838.23 514.64
1627.78 514.93
1660.34 515.30
1660.34 515.30
238.13 522.63
1854.25 535.18
1854.25 535.18
2190.92 539.15
552.32 539.57
762.71 541.60
725.38 544.56
1646.40 546.91
2908.29 553.84
2999.06 555.22
1459.42 564.24
287.65 572.59
855.95 577.19
161.06 585.12
1247.07 591.49
40.57 602.18
1592.78 601.88
2935.56 617.36
2935.56 617.36
421.38 622.58
1844.77 623.19
272.52 626.80
777.02 625.71
310.42 629.36
310.42 629.36
553.57 630.05
2883.57 633.93
367.67 640.57
367.67 640.57
426.55 641.20
156.27 644.73
781.15 644.49
1593.08 649.34
357.45 656.78
2283.66 658.66
187.34 661.70
571.65 670.10
706.32 693.83
1914.40 696.11
229.80 709.99
122.63 713.14
2158.84 716.74
2986.48 732.89
1943.55 743.23
1943.55 743.23
613.73 747.44
118.59 747.58
1145.34 762.49
38.10 768.00
1433.25 775.78
1131.15 790.95
375.15 813.86
1626.77 820.51
1704.25 820.35
2282.34 835.85
1181.80 851.66
1937.71 859.72
1937.71 859.72
327.55 862.44
2887.36 864.48
180.60 868.38
1912.89 873.60
2157.29 880.71
582.09 883.98
2208.78 885.14
1355.86 892.18
2258.01 894.60
2258.01 894.60
1456.57 895.67
1978.75 898.89
181.34 902.71
902.99 904.04
1420.13 913.02
274.03 913.97
2929.97 915.33
2929.97 915.33
2912.67 915.78
2912.67 915.78
2001.81 920.17
424.99 923.71
453.77 923.28
1978.06 922.63
673.28 927.48
1944.56 929.95
2033.20 938.58
589.82 942.17
310.34 944.69
666.29 943.93
1647.60 944.33
103.61 951.92
200.42 951.75
1559.09 952.21
345.29 958.68
1644.34 961.22
2208.05 965.63
2144.13 968.32
1972.65 976.16
2016.79 978.95
2888.95 981.60
1473.45 1013.07
1863.10 1013.70
119.21 1020.47
1408.16 1025.78
1826.44 1023.60
34.62 1026.88
662.32 1028.73
662.32 1028.73
1263.40 1032.29
1230.46 1034.73
590.96 1046.08
590.96 1046.08
1218.30 1045.97
1875.61 1046.95
573.95 1056.17
1484.98 1057.01
400.93 1062.11
400.93 1062.11
674.96 1062.01
712.88 1066.42
259.92 1067.81
348.48 1079.56
348.48 1079.56
370.62 1085.11
1470.54 1095.60
1470.54 1095.60
958.97 1099.79
1341.66 1100.17
388.57 1113.42
478.55 1115.15
1066.44 1114.99
2205.24 1121.09
2995.67 1121.95
565.23 1125.01
472.34 1132.08
528.43 1133.23
657.77 1132.25
657.77 1132.25
542.40 1141.94
681.50 1145.73
204.62 1146.67
496.65 1149.64
1848.77 1157.04
1735.69 1160.03
1735.69 1160.03
1817.05 1160.33
486.07 1165.09
1553.73 1170.34
1424.93 1176.37
567.60 1178.54
2986.19 1178.04
360.48 1188.22
205.76 1194.98
495.72 1199.54
365.42 1209.55
365.42 1209.55
129.81 1220.16
1102.54 1227.78
426.10 1232.63
2020.84 1233.57
1771.90 1235.10
1876.97 1240.91
100.84 1249.23
1515.55 1250.31
1757.96 1252.07
1694.73 1258.76
1311.65 1261.27
199.52 1264.81
461.91 1277.06
1329.03 1281.08
216.54 1289.00
327.50 1300.59
327.50 1300.59
502.42 1307.95
1012.68 1308.09
449.79 1311.19
349.58 1316.51
206.89 1330.66
1684.65 1332.89
135.02 1334.71
646.36 1338.97
1552.91 1343.26
335.18 1350.62
906.65 1351.41
116.29 1353.73
856.08 1356.11
1043.79 1357.09
1353.93 1360.54
348.77 1372.13
503.02 1377.43
2317.08 1381.15
1031.95 1388.70
1057.18 1404.70
1767.17 1410.71
1803.39 1410.42
103.73 1415.11
103.73 1415.11
928.81 1416.52
1102.12 1418.79
1054.18 1422.25
1019.68 1425.76
939.86 1430.40
1969.52 1441.74
1075.09 1450.68
1046.04 1451.41
282.12 1455.50
282.12 1455.50
88.74 1458.79
488.33 1459.73
1497.01 1469.84
1585.97 1469.78
1065.31 1474.34
142.36 1483.01
484.56 1482.90
963.18 1482.55
1081.14 1487.95
282.50 1492.58
1059.79 1502.06
67.94 1505.19
917.87 1512.07
2052.96 1512.17
2305.45 1524.43
2305.45 1524.43
934.01 1529.09
170.26 1542.84
96.92 1552.15
1298.99 1551.54
915.24 1556.64
915.24 1556.64
184.62 1579.81
958.76 1584.64
1761.74 1585.77
1125.71 1593.22
317.00 1598.92
317.00 1598.92
1540.46 1602.52
539.57 1608.06
539.57 1608.06
455.17 1615.85
310.67 1619.97
310.67 1619.97
1123.09 1630.35
950.05 1645.27
539.35 1657.03
539.35 1657.03
276.30 1659.90
1252.21 1691.31
627.23 1704.28
1139.14 1704.67
2312.91 1713.12
1181.20 1716.36
1043.20 1721.26
205.93 1721.42
1257.11 1723.92
1075.86 1733.09
1057.16 1735.47
197.04 1744.58
308.50 1747.33
438.63 1759.39
529.19 1757.80
529.19 1757.80
1312.13 1761.46
1113.35 1772.90
432.65 1784.20
401.17 1794.43
415.62 1805.51
388.28 1810.48
388.28 1810.48
1515.01 1812.44
1610.77 1812.57
1633.21 1813.22
425.91 1819.59
845.86 1826.81
146.81 1830.94
1886.03 1839.10
606.00 28.30
484.34 43.94
199.44 48.83
192.79 71.44
893.23 71.83
2909.66 84.42
2940.12 95.09
319.34 104.91
2882.22 125.64
746.30 186.12
2922.34 196.23
3028.50 208.00
1429.07 233.87
1494.93 252.09
378.05 255.71
260.88 260.87
780.59 261.28
359.29 273.18
1480.37 273.15
2070.97 287.52
2140.10 310.36
2140.10 310.36
946.25 339.84
222.58 342.96
488.66 385.22
290.93 389.17
154.79 401.24
2161.89 414.12
2036.10 445.70
2036.10 445.70
87.67 462.07
985.42 465.42
251.47 475.88
1150.35 477.23
109.94 478.65
398.46 482.51
1265.24 498.81
155.05 503.65
287.07 517.23
459.92 529.60
532.85 527.45
1176.34 534.32
2065.61 564.02
1853.27 572.72
2993.69 575.54
2909.51 587.73
253.18 602.66
616.88 602.32
421.10 620.81
2260.23 643.81
1912.53 654.23
536.03 666.79
686.59 689.78
144.57 702.80
449.58 703.41
449.58 703.41
538.48 734.97
538.48 734.97
516.98 754.37
1142.57 759.37
1170.96 783.34
1963.98 789.19
564.94 796.47
630.74 795.57
1808.76 802.65
1849.75 805.66
274.26 817.20
236.89 821.45
477.47 820.66
1881.87 824.88
516.53 835.63
593.36 844.83
308.13 851.09
929.35 864.88
1964.22 873.42
1964.22 873.42
1987.75 874.89
340.17 884.20
1978.96 898.83
1911.66 966.43
1911.66 966.43
605.28 975.04
605.28 975.04
406.99 981.46
1436.41 993.63
1941.62 991.40
292.38 1004.57
1904.94 1003.66
187.09 1008.22
455.22 1011.35
455.22 1011.35
2056.59 1017.70
662.47 1028.14
662.47 1028.14
694.31 1027.38
169.40 1051.24
193.77 1071.45
867.55 1082.50
283.93 1100.94
115.96 1102.75
2030.73 1113.79
544.12 1121.14
2050.63 1132.87
1830.71 1142.12
62.53 1152.10
2031.70 1151.13
1450.73 1155.28
1655.36 1164.78
301.61 1169.28
532.32 1172.21
1903.38 1193.07
919.09 1213.99
2155.98 1211.14
219.58 1233.64
125.38 1241.81
1201.25 1239.96
212.19 1242.94
101.99 1252.12
1007.57 1276.20
1085.96 1276.57
1085.96 1276.57
1308.84 1284.40
1308.84 1284.40
241.16 1291.26
64.87 1340.20
1553.44 1344.68
507.81 1357.15
881.72 1365.88
1492.73 1373.19
1522.78 1372.02
58.92 1374.31
1172.18 1377.65
141.01 1381.75
141.01 1381.75
1009.72 1408.01
1874.63 1413.86
892.40 1418.31
961.02 1430.74
1881.91 1448.66
2281.98 1454.16
2189.05 1466.80
987.60 1478.13
122.20 1495.79
924.60 1491.93
478.06 1502.70
671.50 1508.06
995.59 1536.78
1581.52 1567.94
67.06 1571.39
67.06 1571.39
1814.76 1582.80
259.49 1590.44
259.49 1590.44
529.69 1589.66
286.99 1591.85
286.99 1591.85
410.70 1607.98
988.70 1611.62
988.70 1611.62
904.80 1617.36
936.66 1630.99
1303.91 1656.51
1303.91 1656.51
1813.76 1657.21
318.99 1659.66
1587.43 1672.13
1773.59 1672.30
1773.59 1672.30
589.63 1695.05
267.14 1697.23
318.47 1696.91
1139.03 1704.76
1210.81 1709.88
153.39 1718.07
591.44 1716.94
1090.16 1714.66
267.83 1735.11
502.54 1737.95
1307.21 1740.24
599.53 1756.51
845.44 1756.26
2148.76 1755.87
80.96 1757.78
576.08 1772.50
823.55 1772.47
1457.09 1809.30
452.04 1817.75
1802.58 1814.61
972.60 1823.85
341.05 1843.02
857.92 1847.35
280.80 1852.18
214.67 1868.32
685.48 24.23
625.97 54.81
517.85 77.18
727.16 78.64
727.16 78.64
840.21 99.02
1050.94 101.77
771.72 125.05
906.60 122.57
863.19 131.30
863.19 131.30
867.90 221.21
1718.81 334.43
1653.02 393.27
207.68 421.22
188.89 442.64
768.97 490.00
77.44 501.65
1163.34 499.09
243.63 542.69
1279.90 556.43
1187.38 569.05
1267.71 583.29
1267.71 583.29
1375.43 606.26
172.83 631.58
172.83 631.58
2228.19 632.72
536.95 641.64
536.95 641.64
55.48 648.20
197.91 649.47
178.78 678.89
2203.82 683.59
104.43 703.41
178.01 707.91
482.57 706.92
482.57 706.92
427.80 724.92
1402.41 744.63
552.20 771.51
552.20 771.51
480.28 794.85
2022.55 795.89
457.69 859.01
1688.39 862.74
1730.23 864.28
1730.23 864.28
1105.08 877.48
1383.86 893.73
1910.78 923.99
137.51 931.44
1863.62 964.70
1512.64 981.67
998.59 1002.15
1728.63 1038.85
1728.63 1038.85
224.27 1074.76
224.27 1074.76
2045.27 1087.78
212.08 1099.96
1739.30 1138.04
846.65 1167.94
1003.34 1188.22
1352.73 1194.16
588.57 1197.83
588.57 1197.83
1114.11 1205.74
1151.10 1203.73
552.39 1219.65
2020.83 1219.00
2020.83 1219.00
2060.76 1221.32
1881.42 1226.70
1914.24 1227.23
396.98 1293.86
495.22 1331.58
129.84 1410.46
60.93 1439.79
60.93 1439.79
1013.94 1460.13
2253.55 1462.49
945.51 1465.88
1103.73 1473.79
499.98 1475.80
2126.61 1475.01
2040.63 1489.63
997.22 1503.94
1918.21 1505.28
406.52 1536.17
356.63 1542.60
2209.72 1560.95
461.20 1592.92
2006.43 1598.63
1049.75 1603.64
1889.33 1616.58
1131.54 1619.36
374.46 1655.40
2050.26 1669.71
1805.50 1680.09
49.91 1701.74
49.91 1701.74
619.19 1732.10
52.09 1735.77
1864.12 1741.40
399.85 1755.79
271.40 1760.42
2430.85 1772.76
511.38 1784.37
1903.06 1792.39
197.19 1817.52
1884.33 1816.63
889.94 1837.83
183.11 1846.00
2988.23 86.44
783.96 97.96
124.45 190.97
308.34 275.77
1390.82 325.06
2085.96 336.49
1591.25 351.15
1591.25 351.15
196.43 383.56
1614.49 465.22
1874.74 470.43
1476.01 503.85
1476.01 503.85
113.62 508.40
1252.83 528.26
731.81 575.46
302.48 597.71
2962.70 600.45
421.85 667.78
2961.52 708.04
1520.07 735.79
88.59 763.85
411.16 829.06
1410.75 843.93
1448.13 894.32
2978.10 919.22
450.80 926.06
2053.19 924.11
1410.37 938.32
2168.50 938.82
1052.23 948.74
1223.95 952.77
2979.50 966.22
686.59 994.03
2979.55 1011.13
176.61 1017.02
1120.47 1022.00
567.93 1031.08
1411.74 1040.33
1463.96 1045.48
2980.52 1060.14
902.37 1064.60
902.37 1064.60
65.85 1087.93
1356.38 1153.62
137.61 1171.96
137.61 1171.96
194.95 1170.45
194.95 1170.45
449.46 1173.66
449.46 1173.66
616.84 1175.64
616.84 1175.64
1490.27 1193.67
1067.89 1214.02
1717.90 1232.07
1717.90 1232.07
1754.96 1234.18
1342.71 1256.46
1890.50 1290.07
1708.90 1337.56
143.58 1347.84
1466.62 1362.72
273.88 1422.35
1990.40 1500.12
524.03 1502.68
209.08 1639.83
209.08 1639.83
303.03 1723.59
127.03 1777.06
104.28 1827.48
587.26 186.56
1725.52 186.58
2217.11 183.28
359.14 211.20
2066.11 215.04
1001.17 385.53
170.51 480.15
170.51 480.15
229.45 526.78
1672.34 540.54
1215.71 543.47
2986.03 542.71
621.98 621.05
1571.60 635.16
471.10 748.76
2975.85 828.88
1040.27 880.46
1854.60 893.04
558.93 938.47
1943.48 980.35
519.71 1252.92
262.10 1263.00
1166.53 1272.56
929.99 1286.07
929.99 1286.07
1428.63 1318.72
1785.43 1333.67
1652.70 1343.45
1559.32 1351.98
1559.32 1351.98
93.60 1381.30
1066.07 1563.90
1842.77 1621.09
235.13 1675.92
109.02 1702.58
1290.03 171.88
1290.03 171.88
1779.80 424.56
1648.15 485.52
1648.15 485.52
1639.64 590.84
370.98 916.92
1162.32 935.25
991.81 943.13
1821.91 945.57
371.95 997.48
168.43 1058.12
167.64 1127.42
170.13 1214.59
170.13 1214.59
812.75 1228.08
424.41 1249.08
983.05 1264.39
1986.66 1275.15
1735.36 1699.25
866.23 189.39
1535.76 269.61
156.84 415.64
156.84 415.64
349.47 438.09
1151.47 530.35
203.88 728.73
923.90 889.62
464.23 910.27
464.23 910.27
614.38 915.60
1473.55 1041.66
636.28 1047.19
2003.18 1070.27
483.73 1078.16
450.15 1419.43
923.59 1449.41
1835.40 1700.86
982.60 1719.03
869.05 1741.89
869.05 1741.89
228.15 1781.79
326.58 174.54
274.38 295.26
274.38 295.26
1688.53 316.09
1462.94 345.19
1896.11 403.14
1896.11 403.14
338.82 563.64
1208.41 613.87
1313.98 1090.11
1528.26 1146.03
450.89 1331.76
164.80 1366.67
1100.79 1359.76
1917.99 1760.00
1020.04 1786.28
1617.00 435.46
1941.16 542.76
1313.79 615.84
1903.51 654.03
364.71 733.03
596.15 749.90
1608.24 1033.21
1608.24 1033.21
1671.68 1146.36
1263.43 1344.36
1182.31 1428.88
135.43 1578.09
1181.48 1771.73
1851.49 1866.85
1851.49 1866.85
527.13 1351.14
527.13 1351.14
2162.32 1817.02
1608.43 1879.24
901.00 216.79
1063.13 325.46
2001.11 895.97
789.60 827.88
787.58 522.36
