428.32 12.81
421.05 16.21
363.88 18.58
521.17 20.02
532.95 27.05
532.95 27.05
799.93 27.98
282.08 28.86
592.01 30.40
650.19 30.56
291.49 31.60
876.71 32.27
472.49 35.30
550.45 35.20
999.68 37.63
999.68 37.63
559.56 43.88
381.60 45.08
556.51 51.96
910.68 53.30
518.86 54.68
53.47 57.57
441.56 58.54
969.57 59.64
1124.68 59.34
1112.80 61.39
423.60 64.34
1060.48 67.88
1060.48 67.88
1128.07 70.14
298.38 71.05
573.88 74.04
573.88 74.04
960.64 74.07
994.61 74.89
1112.01 78.72
888.89 83.20
935.31 83.55
1126.93 86.87
116.12 99.77
646.07 103.32
848.13 104.80
308.38 108.08
614.21 108.84
841.25 109.24
2089.71 109.56
478.01 111.61
478.01 111.61
353.84 114.04
1485.76 113.74
558.19 114.50
1033.15 114.71
941.09 117.16
909.84 127.48
1124.92 127.51
1124.92 127.51
407.48 129.59
407.48 129.59
496.74 130.02
902.18 134.36
968.02 134.43
668.70 139.72
997.42 141.38
907.31 143.04
938.40 142.86
1074.01 143.51
56.88 144.62
626.52 144.72
16.94 146.53
860.09 146.62
349.60 149.85
537.95 151.41
810.02 152.34
54.83 153.11
680.70 153.14
498.48 154.45
467.44 155.31
923.08 157.09
861.43 158.82
861.43 158.82
881.50 158.43
494.56 162.49
494.56 162.49
806.71 163.75
484.66 164.78
744.03 167.26
1083.72 167.34
258.47 169.48
2093.17 169.43
2093.17 169.43
48.98 177.58
578.26 177.80
1356.39 179.23
724.68 181.27
868.56 182.78
745.37 184.14
1953.68 183.77
212.20 184.93
278.92 185.28
139.51 186.13
579.06 187.62
579.06 187.62
50.23 188.90
823.55 188.55
73.64 193.28
348.72 194.79
987.13 196.19
956.53 197.04
1997.62 197.06
384.03 198.90
279.90 200.69
70.93 202.02
834.77 202.37
972.79 202.08
1961.80 202.82
985.15 204.78
152.53 206.03
1998.92 206.98
369.22 208.01
961.47 211.04
1968.90 210.86
405.75 212.25
657.70 212.78
657.70 212.78
287.24 213.61
532.99 216.20
596.97 216.82
342.86 218.29
864.70 218.28
373.78 219.15
690.87 222.25
354.03 223.13
820.58 223.38
1829.40 225.05
631.94 227.59
189.59 229.72
189.59 229.72
2043.24 228.69
1017.00 230.88
525.38 232.32
654.33 232.79
429.10 233.59
429.10 233.59
915.52 238.44
915.52 238.44
537.37 239.73
651.13 241.00
879.11 241.88
662.68 242.08
723.35 242.51
961.83 242.81
22.59 245.20
436.04 247.84
1961.27 248.86
1931.94 250.80
1931.94 250.80
2102.83 255.29
731.43 259.03
2088.29 258.98
535.82 259.16
700.39 259.63
1003.91 261.73
623.50 263.20
258.36 264.69
2123.88 266.20
2554.29 267.34
854.86 267.34
401.05 268.36
401.05 268.36
535.67 268.50
1039.34 268.00
2008.25 270.38
1415.47 271.84
832.36 272.95
832.36 272.95
602.15 275.17
857.63 278.01
52.30 280.45
158.00 281.95
463.67 283.73
220.69 284.76
2017.36 288.73
268.60 290.62
215.60 291.84
215.60 291.84
1012.57 292.25
890.45 295.85
1946.84 297.25
632.16 299.66
707.87 299.47
549.20 302.79
1967.75 302.37
417.05 303.82
2081.33 305.19
1015.15 306.79
1015.15 306.79
773.47 307.11
773.47 307.11
297.27 310.00
869.94 310.25
869.94 310.25
434.46 310.90
789.28 311.35
1889.71 311.72
1972.36 311.22
1972.36 311.22
98.05 314.67
264.54 318.82
1889.78 320.44
333.03 321.47
468.29 321.64
837.20 321.07
1921.25 321.24
97.80 325.11
2037.73 325.78
2441.93 325.79
1494.95 328.29
2407.75 329.95
507.94 331.82
331.01 332.67
662.10 332.36
2433.04 332.46
1920.70 333.49
364.64 337.54
689.68 339.97
947.68 341.85
1738.29 341.45
149.46 342.57
149.46 342.57
19.02 343.48
19.02 343.48
163.49 346.50
1842.82 346.26
574.74 349.22
1734.05 351.05
2095.10 352.93
118.69 355.63
1981.53 356.36
1777.20 359.37
1915.51 360.94
1952.38 360.98
137.98 361.39
944.80 361.61
2032.11 361.65
978.11 363.26
2042.31 365.56
183.67 368.96
259.88 368.53
2414.82 369.65
201.59 370.96
576.39 371.35
978.98 371.47
2033.92 371.49
116.26 372.30
860.19 372.66
527.35 373.50
48.69 375.99
957.13 375.74
260.03 377.51
541.69 377.30
1951.36 381.16
2037.79 380.94
68.72 385.99
200.41 385.79
1992.50 387.79
1992.50 387.79
290.35 389.25
2536.18 390.73
2004.21 393.23
2004.21 393.23
1291.82 399.70
668.54 402.44
2008.84 402.92
703.29 404.69
370.04 405.49
632.03 405.49
1717.57 405.17
685.26 406.94
685.26 406.94
2019.49 408.04
165.92 411.93
672.11 412.28
474.92 419.43
601.40 422.29
1963.56 423.40
805.24 425.51
865.79 427.07
472.59 427.73
757.75 427.74
2566.00 428.02
600.53 431.64
183.05 432.40
800.72 434.23
1981.65 434.42
1981.65 434.42
105.82 435.35
201.62 438.42
1010.40 439.17
839.42 442.25
1999.45 442.09
819.76 444.87
746.47 448.30
882.32 448.13
138.55 449.28
1028.73 450.40
1028.73 450.40
739.24 453.96
395.23 455.35
634.54 455.85
905.33 455.23
2011.56 455.84
2011.56 455.84
643.85 456.42
285.39 457.24
941.21 457.61
2521.16 461.42
214.28 463.23
582.18 464.01
1987.75 466.40
119.29 468.37
565.79 468.06
565.79 468.06
412.63 473.82
9.99 475.88
2092.96 478.71
96.55 481.57
1997.91 481.43
757.66 484.00
391.16 484.51
750.07 488.10
1929.17 488.73
446.70 489.73
306.79 492.48
872.43 492.53
496.91 496.58
1945.34 499.65
1093.09 501.92
118.62 503.24
1576.95 504.25
240.57 505.41
250.72 506.42
250.72 506.42
924.52 507.81
263.11 508.30
511.50 508.10
511.50 508.10
757.50 510.36
177.93 513.26
1549.76 513.60
947.30 515.72
196.37 520.89
2008.72 523.02
760.56 524.20
701.67 524.46
897.67 524.27
19.63 525.18
137.32 526.41
2018.59 527.71
125.89 528.11
572.86 528.15
746.22 528.82
1294.18 528.64
644.11 530.92
539.15 534.22
1633.33 534.32
779.98 535.59
1994.54 536.31
739.09 537.72
152.14 538.23
247.29 537.95
655.70 540.51
713.56 540.60
2035.81 541.37
801.85 542.35
294.89 543.17
682.48 544.49
2071.19 544.57
227.17 545.24
2113.28 549.09
720.96 550.38
465.12 551.28
2044.55 551.59
2077.83 551.86
2077.83 551.86
296.18 552.33
898.15 553.27
2092.08 556.81
2092.08 556.81
857.82 556.99
14.47 559.46
14.47 559.46
401.80 560.32
922.25 559.51
2083.03 560.55
326.02 565.77
2101.85 566.40
1654.04 567.18
148.72 569.14
148.72 569.14
364.21 569.27
95.84 570.34
840.19 571.57
505.22 571.99
587.41 572.75
861.16 574.24
962.12 577.03
2048.27 576.83
92.02 579.03
92.02 579.03
560.84 579.61
835.63 579.47
2065.50 579.98
400.91 580.35
439.34 580.94
331.72 581.95
872.50 581.18
1982.51 581.30
1223.79 583.10
936.79 583.07
1001.90 583.25
57.23 585.50
847.64 585.67
907.63 585.36
2075.16 584.84
1205.06 587.84
1205.06 587.84
1215.26 587.11
475.48 588.48
350.52 589.77
1245.10 589.79
1870.54 589.84
67.99 590.81
1255.67 590.66
983.85 593.48
731.76 596.86
11.20 598.75
1259.76 599.49
1556.28 600.70
1776.52 601.31
2057.72 603.12
528.37 606.17
665.27 606.50
1256.98 607.43
1256.98 607.43
73.82 608.84
1658.34 608.76
1668.01 609.21
1999.70 611.53
2038.62 612.71
842.33 613.92
630.32 616.25
678.82 622.57
208.74 624.57
1951.63 627.42
322.20 628.91
271.86 629.40
271.86 629.40
834.41 629.32
633.30 630.68
2019.11 631.03
297.33 633.47
297.33 633.47
107.16 634.13
218.09 633.84
232.62 637.10
610.97 638.65
2052.85 637.72
723.91 641.01
292.24 641.66
1997.70 643.03
666.12 643.33
385.37 647.67
817.62 652.10
588.61 653.55
176.21 657.54
834.61 657.49
834.61 657.49
553.12 659.82
672.57 659.20
463.53 665.99
159.85 666.79
1927.41 669.81
490.99 675.65
454.16 679.46
483.38 682.23
572.43 684.73
188.03 689.98
560.48 694.44
560.48 694.44
422.05 695.63
475.66 695.79
181.79 697.10
398.49 699.58
415.81 705.12
48.93 707.93
48.93 707.93
641.00 707.38
2017.20 707.49
685.65 716.09
354.95 719.46
424.74 719.80
1317.50 719.36
505.52 723.15
292.46 731.74
731.25 732.63
562.50 734.52
1478.06 734.62
315.85 739.11
2530.77 738.51
581.47 740.74
1993.63 740.90
439.88 743.31
1262.91 743.54
2073.60 747.03
314.34 755.36
610.43 756.74
573.79 758.95
573.79 758.95
146.28 761.90
758.86 761.17
586.18 762.56
658.99 764.25
1218.08 766.48
284.90 767.72
1267.79 772.27
326.48 773.63
326.48 773.63
745.54 774.31
493.75 782.45
2093.60 782.13
2021.28 783.38
2456.92 784.01
625.90 784.58
732.68 787.16
489.50 789.81
608.05 789.99
709.58 790.65
742.13 791.89
521.27 796.68
748.09 800.09
1559.31 802.88
382.60 803.06
560.22 808.35
707.10 809.42
1172.12 811.90
250.94 812.25
632.58 812.53
330.90 815.16
2045.05 815.23
541.32 816.49
708.97 817.77
281.82 818.75
1902.73 818.84
471.33 820.01
1863.97 819.21
245.75 821.77
231.93 822.90
586.46 823.00
2505.85 824.33
1559.91 827.98
376.35 828.44
608.69 829.41
623.23 829.47
410.53 832.79
410.53 832.79
681.13 833.86
1323.50 835.12
2084.82 834.89
2519.84 834.24
713.61 837.60
1540.65 840.81
686.85 841.94
2441.34 841.39
219.63 842.45
578.88 844.48
578.88 844.48
421.35 848.73
105.97 850.89
105.97 850.89
412.88 851.50
412.88 851.50
303.63 852.38
285.52 853.76
285.52 853.76
2062.14 854.77
46.60 855.14
680.34 857.20
100.02 858.13
1791.97 861.87
1693.17 863.68
583.88 866.26
344.23 867.33
1554.14 867.92
1794.17 869.95
476.14 872.48
1810.27 872.84
545.59 874.04
569.19 875.94
487.50 876.56
421.43 879.07
475.23 881.08
475.23 881.08
545.77 881.35
516.30 885.65
492.77 886.44
590.86 887.21
785.75 887.94
452.24 892.74
627.12 892.52
1813.09 892.19
1541.81 895.52
796.54 896.54
796.54 896.54
1575.75 896.01
1162.45 898.37
2112.58 901.84
270.68 902.09
756.74 903.65
2542.62 907.47
364.40 909.39
364.40 909.39
271.91 911.18
318.47 911.88
400.85 913.97
241.29 919.23
312.24 920.50
170.99 922.07
613.16 921.43
1230.90 921.44
375.66 923.88
1268.13 924.05
504.43 925.75
140.91 926.22
140.91 926.22
2109.85 926.85
1554.71 928.68
2033.53 933.21
355.15 934.60
1791.50 940.46
1772.25 941.33
2032.90 942.17
2032.90 942.17
129.51 943.70
129.51 943.70
2097.57 944.04
1050.81 944.40
1427.32 944.14
2085.88 944.29
2072.44 945.70
2072.44 945.70
2057.95 947.90
309.84 950.98
1777.08 950.45
2543.61 950.29
2543.61 950.29
1787.78 952.44
295.13 953.81
295.13 953.81
466.94 953.15
724.41 953.83
2506.46 954.79
1265.91 955.93
574.27 960.74
1236.00 960.20
1881.94 961.73
465.90 962.16
309.48 963.36
2042.72 966.47
1314.66 967.16
1632.59 968.63
1632.59 968.63
459.29 968.99
459.29 968.99
400.70 970.32
1252.04 974.41
509.55 976.83
275.36 978.00
205.86 986.60
1766.52 987.38
2042.42 987.40
425.38 989.00
120.47 989.02
1583.66 994.86
1913.71 995.04
267.24 996.65
542.54 996.90
1633.11 997.82
453.61 999.82
654.88 999.96
569.53 1002.19
380.45 1004.90
262.24 1005.95
692.99 1006.05
683.83 1008.01
571.74 1010.25
1456.56 1011.78
1676.08 1016.93
1598.85 1018.60
372.47 1019.72
656.24 1019.62
315.79 1021.86
1676.62 1025.88
387.89 1029.56
574.62 1031.58
632.57 1033.80
2010.37 1035.05
246.38 1040.43
1517.02 1042.32
2120.60 1044.04
1508.79 1044.88
1508.79 1044.88
1630.01 1044.62
328.74 1045.25
121.71 1046.44
737.97 1046.34
189.49 1048.42
422.66 1050.68
587.04 1052.56
1951.10 1052.11
1479.05 1054.06
1568.52 1055.76
560.25 1057.04
534.96 1059.54
705.60 1061.78
403.31 1063.09
335.28 1065.64
1304.94 1067.31
1304.94 1067.31
412.47 1068.34
22.49 1069.78
702.97 1069.54
1950.43 1069.17
553.20 1071.66
642.42 1073.12
642.42 1073.12
345.75 1074.28
622.46 1076.79
307.00 1076.93
1852.83 1081.28
1012.54 1082.37
1012.54 1082.37
1841.94 1082.67
31.76 1083.35
1047.09 1083.67
311.56 1084.31
2032.77 1084.48
2021.95 1087.80
582.36 1089.73
685.40 1090.12
1965.38 1091.11
700.49 1092.21
1838.38 1092.77
644.52 1094.77
317.51 1095.09
1546.02 1096.65
1546.02 1096.65
386.59 1098.07
622.76 1098.84
1105.03 1099.73
1105.03 1099.73
160.29 1102.58
468.58 1102.56
752.79 1104.82
1049.88 1104.37
1843.08 1104.74
1586.91 1105.76
191.91 1106.27
1777.65 1106.80
1833.87 1106.94
2048.40 1110.08
1095.18 1113.60
1747.14 1113.34
1747.14 1113.34
343.52 1114.58
404.92 1115.62
644.00 1115.51
644.00 1115.51
1962.41 1117.60
1962.41 1117.60
739.15 1118.25
1681.68 1120.64
1494.93 1123.38
2536.02 1123.81
50.37 1125.11
2464.21 1126.11
1587.45 1127.37
234.23 1130.50
446.37 1130.32
446.37 1130.32
1604.39 1131.08
349.48 1135.95
2094.62 1138.69
450.25 1139.95
626.63 1140.24
425.46 1143.48
425.46 1143.48
406.52 1144.58
2053.86 1147.46
1969.24 1150.35
377.63 1151.81
415.99 1151.20
359.22 1153.81
2059.12 1154.51
273.44 1155.22
2503.26 1157.47
2503.26 1157.47
652.55 1158.13
1781.18 1158.81
1781.18 1158.81
1978.43 1158.42
1533.41 1160.69
646.03 1166.08
53.27 1168.66
465.62 1168.45
77.06 1171.88
324.06 1177.14
1728.43 1177.93
1728.43 1177.93
1692.63 1178.63
530.88 1181.79
483.45 1185.68
491.45 1192.56
450.05 1193.69
578.78 1194.92
144.49 1196.37
553.48 1196.51
129.90 1198.31
461.22 1198.77
418.11 1200.15
313.69 1203.59
638.72 1203.73
428.64 1205.22
431.27 1214.54
65.78 1216.52
448.28 1216.55
681.90 1216.34
505.92 1217.57
1538.30 1221.40
431.81 1223.66
689.69 1223.58
137.35 1224.68
452.52 1224.14
452.52 1224.14
511.21 1225.83
487.12 1226.05
2014.19 1226.84
1863.89 1232.38
483.54 1235.30
520.83 1237.05
1313.72 1238.11
1798.53 1240.40
110.51 1244.51
406.67 1246.81
31.97 1248.03
31.97 1248.03
469.35 1248.35
640.84 1250.84
1661.73 1251.22
1586.81 1252.95
1084.52 1256.70
1098.77 1256.22
1796.30 1257.39
522.94 1262.34
1288.73 1267.68
1676.00 1268.53
343.15 1270.36
1513.98 1271.50
533.14 1273.57
2123.18 1274.01
507.91 1275.31
618.20 1274.87
697.20 1275.48
1290.27 1275.76
339.22 1280.98
530.12 1281.85
550.12 1281.28
1378.23 1281.70
2124.41 1282.14
702.58 1283.05
188.38 1285.34
1053.88 1286.46
1336.30 1286.66
1993.38 1286.86
491.90 1295.10
1434.52 1294.42
698.82 1295.10
178.44 1297.28
413.05 1297.11
1345.93 1297.25
112.19 1298.95
435.88 1298.46
1177.80 1298.31
1035.21 1300.96
1035.21 1300.96
1131.57 1302.66
1054.88 1303.90
155.49 1304.98
410.59 1306.74
1350.61 1307.06
1897.88 1308.41
1897.88 1308.41
1167.25 1311.66
70.46 1312.62
1244.52 1312.38
151.76 1314.29
1140.54 1314.92
2010.38 1316.00
1220.97 1316.19
1233.97 1316.48
1063.44 1318.07
137.36 1319.93
1991.96 1319.84
1965.48 1321.78
388.13 1324.00
326.76 1324.72
326.76 1324.72
683.16 1327.08
1771.35 1329.58
291.95 1330.49
119.54 1333.65
119.54 1333.65
1048.04 1333.06
1048.04 1333.06
550.96 1334.01
629.24 1336.16
1959.19 1338.54
502.79 1342.93
687.40 1342.31
1591.72 1342.67
1784.61 1344.28
451.20 1348.00
718.38 1349.61
740.89 1350.07
1068.85 1349.98
1264.65 1351.00
41.47 1351.97
270.51 1352.36
71.22 1353.33
1245.36 1354.32
383.16 1355.99
347.21 1356.42
1222.80 1356.02
20.09 1359.38
591.53 1358.94
392.89 1360.73
560.06 1361.28
560.06 1361.28
578.12 1361.60
578.12 1361.60
1338.67 1362.73
649.15 1363.11
1655.26 1363.74
29.20 1366.20
604.37 1366.44
670.45 1366.74
1642.64 1366.88
560.44 1370.06
1045.78 1370.77
547.54 1370.99
215.78 1372.45
347.10 1372.57
679.54 1376.15
493.90 1377.66
493.90 1377.66
669.57 1377.87
390.18 1378.34
400.79 1380.91
166.28 1386.74
1551.77 1395.77
118.56 1396.27
598.36 1397.66
729.88 1400.47
382.58 1402.44
402.09 1403.53
25.96 1409.78
553.49 1411.79
89.42 1414.92
384.71 1414.93
1070.33 1413.70
544.03 1418.94
28.98 1419.64
103.91 1420.60
103.91 1420.60
278.52 1420.80
743.58 1424.35
94.78 1428.88
1281.87 1434.69
218.83 1438.95
315.57 1443.74
1217.10 1443.62
586.04 1444.40
1170.62 1448.21
234.86 1451.91
662.78 1456.13
462.07 1458.17
39.66 1458.60
634.18 1459.76
1726.02 1460.88
575.25 1463.83
202.84 1465.51
186.74 1466.00
467.29 1465.95
527.97 1467.18
28.16 1472.69
196.05 1472.89
316.03 1483.26
446.92 1487.00
717.01 1487.18
152.47 1488.02
654.92 1490.83
145.27 1495.19
446.20 1495.64
466.75 1495.48
281.77 1497.96
296.86 1500.03
689.50 1499.49
2384.45 1503.75
606.73 1504.42
679.16 1504.51
712.33 1505.26
712.33 1505.26
1192.77 1505.37
598.00 1508.72
1171.71 1509.99
667.72 1512.73
387.81 1516.39
148.90 1523.22
589.55 1529.69
251.62 1531.16
736.11 1535.86
165.54 1549.11
360.59 1552.05
289.95 1552.89
311.92 1554.07
385.56 1557.17
89.00 1559.43
152.08 1559.28
645.87 1564.79
1154.07 1564.79
73.50 1569.66
84.50 1570.00
676.21 1570.95
696.85 1570.54
192.86 1571.77
192.86 1571.77
633.89 1571.98
205.76 1572.94
90.86 1578.95
1925.68 1578.41
387.67 1579.48
24.83 1580.84
105.13 1580.05
203.14 1581.36
116.81 1583.04
116.81 1583.04
236.18 1583.73
506.42 1583.92
1188.67 1583.59
1777.65 1584.89
528.88 1586.33
245.44 1589.15
477.43 1592.72
227.11 1595.72
1046.88 1596.64
2334.83 1601.60
2261.42 1604.85
58.97 1608.90
444.10 1607.97
1178.12 1609.09
1148.69 1617.92
1995.94 1617.61
83.62 1620.94
262.09 1623.74
372.29 1625.05
457.93 1628.17
1186.10 1628.29
1120.26 1630.15
192.05 1634.13
323.81 1634.54
431.55 1634.44
1170.29 1636.49
335.72 1638.04
2130.68 1637.82
2048.65 1640.90
1896.66 1642.23
1896.66 1642.23
389.90 1643.73
1987.69 1645.84
333.71 1649.48
333.71 1649.48
351.19 1653.41
1939.75 1653.87
1882.33 1656.48
1828.93 1657.62
615.40 1658.70
615.40 1658.70
150.17 1661.14
1214.58 1667.91
622.20 1670.27
103.22 1674.30
1564.16 1674.70
448.61 1676.60
504.62 1677.62
1511.25 1678.55
1894.36 1682.03
2031.23 1682.25
687.30 1687.85
1997.18 1687.82
126.89 1688.92
1920.34 1690.88
50.48 1692.19
1796.13 1692.52
1796.13 1692.52
503.31 1694.03
503.31 1694.03
638.87 1694.01
1936.46 1694.57
691.43 1696.66
430.92 1701.29
1927.36 1702.21
1898.74 1704.93
57.55 1708.88
307.92 1708.94
1065.99 1711.54
299.33 1713.67
2183.49 1713.65
1180.16 1719.61
750.58 1719.74
750.58 1719.74
1064.31 1720.49
271.46 1725.18
537.43 1728.08
279.58 1728.09
1882.33 1731.74
540.95 1735.90
554.24 1735.12
2172.14 1740.19
518.76 1741.27
137.85 1743.23
555.57 1743.93
555.57 1743.93
602.14 1744.33
1294.07 1746.66
1294.07 1746.66
274.17 1750.90
396.54 1752.32
140.35 1753.20
1894.24 1753.17
1281.49 1754.93
1281.49 1754.93
470.18 1755.04
234.33 1759.54
1287.23 1762.89
1275.73 1765.28
496.69 1766.71
498.29 1774.16
200.37 1775.88
242.22 1776.87
242.22 1776.87
545.96 1780.58
626.94 1780.23
288.94 1781.29
139.32 1783.33
63.89 1784.93
248.18 1785.75
106.13 1793.12
115.95 1798.07
93.01 1809.43
689.71 1810.46
604.21 1818.87
160.90 1819.89
1005.98 1822.51
581.94 1824.49
1167.99 1832.69
1200.53 1832.49
482.39 1836.70
568.91 1836.50
521.61 1847.55
1140.10 1848.90
469.05 1849.99
380.07 1853.95
2110.66 1854.96
770.22 1856.38
1224.07 1856.91
2031.36 1858.88
125.98 1864.89
733.67 1864.27
421.20 1865.75
679.03 1866.26
2153.64 1866.09
717.81 1874.49
1845.85 1875.47
2139.51 1875.80
682.82 1876.05
709.30 1879.42
315.89 1879.96
1749.07 1880.68
657.63 1883.90
474.71 1885.88
2485.44 1885.40
260.16 1889.36
118.06 1892.53
237.92 1893.26
653.82 1893.29
541.70 1895.99
1016.51 1895.66
252.97 1897.60
235.73 1902.17
571.44 1905.61
333.95 1909.11
593.93 1910.81
563.27 1914.56
2141.39 1926.51
473.24 1932.32
464.48 1941.66
419.54 1944.12
362.47 1950.12
362.47 1950.12
386.99 1952.99
2090.69 1958.85
392.13 1959.49
1989.41 1966.00
354.51 1969.27
241.17 1988.34
217.40 1993.51
232.72 2014.68
55.50 2035.50
752.77 12.22
497.21 18.24
590.67 20.14
1110.26 19.47
323.80 23.80
1021.73 24.46
1511.10 27.95
739.66 33.79
317.99 36.12
1026.77 36.63
484.65 38.85
612.46 39.17
803.18 38.56
272.69 48.79
324.19 52.14
375.48 52.38
310.65 57.68
1042.52 58.04
365.38 60.01
338.19 62.88
131.39 64.18
943.13 64.59
579.91 65.58
1041.20 68.01
30.45 71.75
460.07 76.95
862.12 76.04
395.10 81.00
40.55 83.06
451.02 83.74
689.44 86.63
587.60 91.74
939.83 97.16
473.37 98.96
473.37 98.96
1029.28 104.76
136.67 106.44
636.47 106.11
998.07 106.23
98.10 111.05
327.68 112.20
1062.19 112.64
675.99 116.80
59.87 118.56
865.71 117.92
502.91 122.55
858.52 127.10
688.74 129.19
122.73 130.35
635.53 129.72
1114.33 129.98
1003.06 132.53
1003.06 132.53
464.09 134.22
475.20 137.49
697.98 139.52
637.00 150.92
2543.30 150.57
359.93 151.27
476.17 152.43
622.64 153.64
1089.39 155.93
981.51 157.90
1049.54 159.16
932.61 164.80
2441.58 165.04
851.21 166.44
884.22 169.24
884.22 169.24
1873.18 168.50
1041.46 171.52
1041.46 171.52
786.12 176.02
997.16 177.07
350.11 179.51
2087.33 179.55
146.40 180.24
1037.99 182.44
295.63 184.73
469.27 186.21
490.80 190.67
245.44 194.44
543.11 197.26
809.83 195.59
750.81 198.50
588.89 199.88
1359.02 201.13
1359.02 201.13
1867.04 201.72
1867.04 201.72
442.32 204.84
851.13 204.72
851.13 204.72
1328.27 203.91
537.71 207.05
806.54 206.79
947.27 206.86
297.39 208.80
742.57 207.60
347.52 210.44
471.67 210.16
570.85 210.41
73.02 212.12
317.80 215.27
1338.08 214.68
133.87 215.29
133.87 215.29
735.29 217.35
636.85 218.95
610.48 223.65
972.06 225.04
1367.92 224.91
130.62 225.59
190.04 228.89
190.04 228.89
903.42 233.43
927.28 232.26
567.71 234.52
567.71 234.52
1782.43 236.22
287.66 240.03
424.48 243.30
512.41 241.60
823.98 242.50
299.46 246.09
2021.90 247.15
2558.79 248.07
275.96 250.41
1456.50 255.90
535.27 258.76
721.16 258.09
2012.50 257.82
1512.20 262.88
2469.63 263.61
240.30 264.36
299.04 267.02
998.37 269.87
1028.74 270.45
1426.85 271.15
1465.47 269.25
586.36 273.24
1009.87 271.54
162.70 273.89
560.92 280.64
920.24 280.63
663.87 282.26
683.72 282.43
715.65 282.11
715.65 282.11
780.69 287.20
416.23 288.33
143.39 293.59
761.66 292.67
2032.71 295.24
572.71 297.29
1459.98 298.86
750.30 301.10
750.30 301.10
106.25 307.92
288.23 312.74
1957.53 311.31
82.37 317.38
824.62 319.01
478.24 321.83
933.20 326.28
205.12 328.13
458.33 327.64
579.96 328.70
436.20 330.61
472.96 333.15
527.93 334.96
1855.15 334.60
251.81 336.61
1266.52 338.76
1962.89 340.72
2481.64 339.35
504.46 343.48
521.24 342.93
1853.17 345.95
1853.17 345.95
1908.11 346.97
1983.31 346.37
182.47 351.00
454.65 350.40
409.90 354.16
409.90 354.16
579.70 358.60
1938.88 359.43
844.33 361.14
1758.41 361.17
192.97 362.16
192.97 362.16
523.93 361.60
1010.09 362.40
919.46 364.88
517.12 371.49
939.64 370.12
594.11 373.51
2559.50 375.85
260.16 377.98
486.37 377.69
2482.93 379.93
993.45 383.85
702.71 385.98
429.28 390.54
1019.83 389.80
2440.15 390.99
2087.81 393.47
341.76 399.18
153.85 401.02
278.41 400.99
180.88 402.80
192.21 403.87
192.21 403.87
1021.32 406.58
743.33 408.56
1748.44 410.64
295.40 413.32
2537.72 418.34
203.00 424.83
192.03 429.25
192.03 429.25
1672.21 429.44
735.07 431.29
2039.29 434.07
43.60 434.72
754.70 437.11
2557.71 436.04
630.38 440.74
1637.84 440.45
2412.55 439.54
89.31 442.16
274.39 448.45
449.82 448.61
449.82 448.61
512.02 448.39
1017.69 449.09
1947.90 449.80
2451.00 449.76
793.23 452.22
2558.72 454.83
285.36 457.10
644.59 456.83
644.59 456.83
57.54 458.85
923.23 459.18
2531.95 457.93
668.93 462.69
288.31 469.18
512.26 469.32
654.27 467.74
585.17 476.02
585.17 476.02
502.62 477.88
2454.64 478.47
2531.45 480.95
21.06 484.13
2540.01 488.40
2540.01 488.40
989.18 494.40
514.34 497.82
488.86 504.81
488.86 504.81
308.02 506.40
539.96 513.81
365.89 515.84
947.18 515.79
69.28 519.11
125.31 518.01
1565.41 520.96
1565.41 520.96
668.63 521.78
230.72 526.88
631.17 530.97
406.29 533.99
769.68 545.56
769.68 545.56
1672.87 544.87
1672.87 544.87
1532.13 548.05
2053.22 548.20
2053.22 548.20
720.47 550.75
875.91 552.36
911.82 552.97
901.91 560.31
185.51 564.97
160.16 565.60
422.19 568.70
308.43 571.13
924.40 571.17
218.43 573.75
1645.67 574.67
131.95 586.12
1924.78 586.74
2056.49 591.03
2056.49 591.03
1913.29 592.04
913.13 595.16
998.42 596.14
1983.99 598.26
1291.16 601.13
1291.16 601.13
1335.00 600.58
1999.87 600.53
275.46 606.15
1003.09 609.29
445.62 613.63
445.62 613.63
887.52 616.96
621.13 618.32
2437.94 617.83
2455.67 620.85
772.38 641.26
2061.98 646.71
1621.44 648.26
492.89 652.85
2565.21 659.12
255.98 659.83
592.16 661.80
2535.13 663.52
744.37 664.34
1612.94 663.74
246.40 665.91
485.47 665.49
540.05 669.89
167.83 677.94
248.33 682.53
474.65 688.18
202.16 690.42
1981.65 691.69
1981.65 691.69
302.42 694.62
2043.74 697.08
363.48 698.39
1486.33 699.51
416.22 704.62
2445.06 706.51
2445.06 706.51
578.62 708.63
358.78 710.35
2068.45 714.60
2068.45 714.60
402.19 720.90
1438.22 719.49
338.60 721.78
277.57 723.98
1479.77 723.51
480.46 728.59
678.14 732.19
255.80 734.68
2506.62 737.42
1214.42 740.31
626.44 750.45
758.10 752.13
735.71 753.56
1841.25 754.21
2030.61 753.90
773.79 756.68
1978.11 759.57
1978.11 759.57
1315.24 759.72
379.27 762.57
32.41 770.60
2101.67 774.74
1985.54 776.95
715.22 780.55
2468.91 779.98
395.76 786.68
2065.14 788.53
618.94 790.29
1451.31 801.20
2081.13 801.06
2129.92 801.12
635.82 802.81
1220.27 803.03
1865.04 801.51
239.83 803.69
2567.62 804.52
2496.18 807.69
116.63 815.37
234.11 813.74
330.55 814.83
362.96 820.57
362.96 820.57
2506.25 824.40
752.41 826.60
727.36 830.38
727.36 830.38
447.40 832.79
1423.24 834.75
267.03 838.46
486.37 839.15
2466.53 846.56
422.44 849.06
604.56 847.65
604.56 847.65
330.05 852.64
330.05 852.64
285.64 853.97
1486.85 857.54
392.52 859.30
1866.26 857.54
1866.26 857.54
481.18 862.13
1643.72 863.45
2084.62 873.01
412.60 873.95
1565.75 875.61
346.22 877.14
487.42 876.53
2475.27 876.62
2475.27 876.62
1255.17 880.65
2487.04 882.21
592.14 886.48
1819.75 886.05
2441.83 887.20
1211.36 890.92
765.32 892.85
386.87 894.16
370.53 899.35
487.93 902.04
509.89 902.75
551.33 908.90
1432.66 908.15
2442.28 910.35
596.03 911.83
717.31 911.62
1260.70 912.73
2468.63 918.89
335.17 920.38
726.34 930.60
382.82 938.01
532.22 938.67
459.54 941.44
1191.76 940.06
671.32 943.52
1229.76 941.84
661.02 947.00
1421.46 952.01
1421.46 952.01
2443.02 952.62
1479.63 962.32
427.92 964.22
648.93 964.44
681.85 964.62
681.85 964.62
554.99 969.44
64.41 976.47
1778.80 977.23
795.01 981.44
2443.69 980.01
2461.01 980.43
565.26 981.90
14.13 988.88
14.13 988.88
700.92 987.80
683.91 997.79
702.01 999.47
792.70 999.88
216.97 1004.82
1578.69 1004.03
291.73 1005.62
551.17 1005.55
400.14 1008.76
602.23 1009.19
662.83 1008.78
747.27 1007.53
325.40 1010.92
615.30 1012.50
706.18 1013.17
1616.74 1013.07
2471.02 1011.63
2095.43 1015.00
119.64 1016.13
385.30 1016.37
1624.77 1020.30
2033.96 1019.46
629.28 1022.91
2461.80 1021.95
783.76 1031.17
2029.87 1029.94
1952.75 1031.72
2091.63 1033.02
614.37 1035.35
140.66 1038.16
1921.02 1039.47
1614.92 1042.65
471.47 1045.32
1596.13 1044.73
2462.00 1043.62
1536.06 1046.05
1499.47 1050.30
2472.17 1051.54
1488.95 1053.66
1488.95 1053.66
498.89 1056.59
189.72 1057.84
550.34 1058.56
778.02 1058.19
2445.56 1060.98
39.75 1062.65
981.04 1063.11
1550.96 1063.04
71.62 1068.27
503.15 1069.05
1294.83 1067.98
1578.43 1067.52
52.40 1070.08
326.61 1071.37
378.12 1070.21
1615.63 1069.97
153.31 1073.41
404.28 1074.61
85.14 1075.55
142.93 1078.84
495.00 1081.37
172.19 1082.89
617.32 1085.97
727.13 1085.42
786.99 1089.13
2473.14 1091.94
279.63 1095.99
425.24 1094.10
543.47 1097.83
687.25 1100.86
456.89 1104.48
635.80 1105.57
557.14 1108.77
91.96 1110.23
360.62 1114.92
228.35 1120.33
1047.99 1122.94
19.03 1125.71
1587.21 1126.95
1954.77 1126.82
2447.11 1125.69
94.47 1130.80
263.61 1132.90
1052.46 1133.31
234.67 1142.36
283.96 1142.47
167.66 1144.29
2088.43 1146.74
671.95 1149.02
316.63 1149.97
2126.90 1152.63
145.77 1154.46
145.77 1154.46
2091.33 1158.21
1511.46 1160.28
1511.46 1160.28
672.46 1168.17
2128.67 1170.03
166.92 1172.97
1087.93 1173.05
179.85 1175.17
568.52 1184.88
1420.49 1183.73
631.98 1186.71
631.98 1186.71
475.05 1189.70
1525.30 1189.51
1448.20 1191.58
1411.02 1194.53
2526.35 1196.49
1058.30 1204.81
726.40 1208.52
2538.67 1211.85
481.06 1215.93
127.44 1221.02
182.69 1219.60
657.80 1221.69
171.27 1225.58
531.67 1226.67
2502.27 1228.37
329.37 1235.21
1134.16 1234.59
1344.92 1235.99
1899.26 1238.97
2495.08 1239.33
695.43 1241.35
2008.28 1245.76
1730.10 1251.67
1730.10 1251.67
1637.47 1259.43
1583.10 1262.74
2079.68 1263.77
415.84 1269.93
1011.48 1270.14
1577.38 1270.87
683.04 1274.22
2467.50 1274.72
1260.27 1278.75
738.54 1279.85
596.38 1283.05
596.38 1283.05
333.73 1288.85
467.87 1290.55
1075.20 1292.44
1448.24 1294.44
132.40 1298.01
1357.23 1298.73
38.83 1299.94
73.47 1301.12
351.47 1300.21
1166.11 1300.63
391.48 1305.88
1852.26 1307.88
723.03 1313.49
682.41 1315.89
1074.26 1318.99
515.68 1319.58
1128.36 1320.31
316.02 1325.97
47.98 1330.38
1450.33 1331.15
619.77 1333.38
204.65 1334.41
665.62 1335.60
41.09 1339.00
451.55 1338.81
21.86 1347.77
632.49 1351.53
1695.67 1357.33
1046.06 1358.73
1683.59 1360.18
338.91 1362.07
625.42 1361.98
638.88 1362.79
539.91 1364.51
456.66 1370.83
646.63 1373.33
1274.36 1372.92
328.26 1378.62
1291.10 1380.10
1291.10 1380.10
1609.82 1380.17
1059.89 1384.27
1642.34 1384.61
645.70 1387.44
518.06 1390.38
1600.04 1390.35
1032.99 1391.84
299.80 1394.93
1574.54 1394.49
268.42 1402.01
194.25 1405.74
24.95 1410.23
127.03 1411.62
270.63 1413.46
1136.80 1413.19
1643.96 1411.96
572.90 1414.43
48.94 1416.14
172.98 1418.09
526.00 1418.38
555.41 1421.22
126.21 1423.16
502.64 1421.50
576.39 1425.34
1028.81 1423.59
173.68 1437.99
652.67 1439.23
708.46 1442.06
184.95 1445.55
551.90 1447.84
346.94 1451.07
2009.55 1451.07
188.23 1455.67
215.87 1456.60
561.94 1456.49
346.27 1462.71
346.27 1462.71
664.01 1467.00
491.50 1468.54
506.42 1468.19
550.77 1468.47
122.21 1472.66
460.31 1475.07
277.64 1480.04
315.81 1483.16
470.76 1484.66
578.85 1486.79
285.60 1487.99
285.60 1487.99
436.63 1489.66
394.57 1498.04
411.59 1502.15
411.59 1502.15
587.34 1502.04
319.98 1503.98
699.03 1505.13
313.14 1515.93
169.98 1521.97
346.27 1522.39
124.30 1545.60
165.69 1548.53
719.67 1550.85
2388.37 1550.20
2210.36 1556.24
723.20 1561.56
447.90 1569.03
141.01 1570.90
504.61 1574.01
615.17 1576.40
2054.09 1578.89
77.79 1581.09
1894.29 1581.17
38.61 1583.98
182.41 1584.10
182.41 1584.10
276.15 1584.12
2433.82 1585.88
24.34 1591.39
199.14 1590.95
158.81 1591.56
490.30 1595.72
535.49 1597.05
535.49 1597.05
190.09 1599.16
234.74 1604.21
324.45 1604.72
41.56 1606.22
541.07 1607.06
1252.53 1608.93
1211.97 1609.55
1263.45 1610.18
371.68 1615.02
308.94 1616.13
1111.21 1617.12
119.64 1618.89
436.15 1617.65
336.97 1620.30
324.42 1623.19
298.54 1625.99
298.54 1625.99
1167.73 1625.68
223.76 1632.59
298.65 1636.86
1226.52 1635.95
282.00 1642.12
199.47 1644.08
769.06 1644.19
2214.48 1646.41
139.21 1652.65
139.21 1652.65
572.44 1655.17
572.44 1655.17
61.53 1658.87
1915.46 1657.97
327.26 1668.14
1246.87 1672.95
129.73 1679.57
699.09 1680.31
1942.95 1684.99
1942.95 1684.99
1550.44 1686.33
1904.56 1692.74
325.07 1697.65
325.07 1697.65
1539.07 1704.51
2023.69 1709.66
299.12 1713.85
1525.60 1714.86
1514.32 1722.21
1990.79 1725.02
343.80 1729.31
1487.26 1731.00
1487.26 1731.00
2176.54 1730.02
2176.54 1730.02
348.60 1739.10
693.65 1738.28
1802.10 1740.22
1884.08 1742.56
315.03 1744.62
346.36 1750.29
1146.81 1751.12
639.20 1757.86
250.79 1759.78
293.80 1761.16
1931.81 1762.56
83.27 1768.91
153.03 1774.35
161.79 1784.73
470.63 1788.60
1193.09 1787.77
1178.84 1791.35
2275.89 1789.97
184.67 1792.38
719.42 1792.42
361.90 1796.15
754.48 1797.18
1152.04 1798.71
638.43 1806.31
2232.45 1808.14
763.86 1810.68
118.45 1814.81
505.61 1818.78
505.61 1818.78
387.37 1822.87
387.37 1822.87
1916.85 1821.95
557.32 1828.32
1752.68 1830.67
1752.68 1830.67
1009.69 1832.47
1727.56 1832.24
1114.13 1848.51
446.30 1854.34
2510.17 1857.05
82.05 1857.59
388.46 1858.92
641.40 1862.66
137.79 1864.62
2398.69 1865.78
348.84 1869.14
1257.92 1874.99
334.91 1875.58
666.66 1887.47
276.38 1894.03
617.70 1899.60
172.73 1910.39
199.63 1914.26
335.63 1918.41
549.29 1919.05
235.19 1927.12
488.82 1926.10
52.36 1936.95
400.91 1949.25
2135.26 1954.64
327.21 1965.94
299.97 1972.82
358.58 1978.47
119.49 1981.68
119.49 1981.68
181.26 1989.30
181.26 1989.30
151.08 2010.03
195.73 2010.94
215.05 19.94
171.22 24.85
490.99 28.03
259.59 34.16
839.73 37.53
649.56 41.99
305.40 44.26
945.89 45.24
443.86 45.23
635.68 51.01
106.01 55.97
649.63 56.04
503.95 62.63
121.34 71.16
135.23 84.50
817.44 86.42
794.53 90.05
488.65 103.15
125.69 110.89
125.69 110.89
572.97 111.41
572.97 111.41
361.45 125.86
337.45 125.23
53.91 128.53
26.69 136.58
750.71 138.07
750.71 138.07
1055.51 139.22
686.34 145.46
1006.96 150.80
733.48 153.67
1865.93 156.91
2421.25 155.32
999.26 164.48
999.26 164.48
127.32 166.31
284.30 167.51
2488.73 179.21
835.58 190.17
1337.12 193.49
479.49 195.49
479.49 195.49
525.10 197.90
1596.82 202.79
28.94 209.29
822.66 212.50
2413.23 211.97
2413.23 211.97
844.01 214.24
566.19 222.31
2463.80 228.19
205.56 239.83
411.24 243.35
148.72 249.35
1744.77 260.33
942.60 262.77
1421.37 261.95
180.13 265.74
23.00 272.14
794.06 272.46
273.57 276.35
1560.79 277.15
702.76 290.32
1982.20 289.87
2080.89 290.68
285.53 293.90
350.05 294.51
185.08 297.17
426.67 297.63
492.69 300.07
323.44 304.18
323.44 304.18
698.31 304.56
2472.44 305.18
2069.21 324.11
2069.21 324.11
181.99 325.92
1508.54 331.87
890.38 333.72
2516.97 337.59
1472.17 339.80
283.65 342.86
414.30 342.61
883.83 345.35
929.39 354.80
446.13 358.90
446.13 358.90
566.20 357.70
566.20 357.70
552.45 363.46
1027.54 364.20
434.30 369.06
1948.06 371.00
2535.11 372.09
2470.93 374.75
2470.93 374.75
191.56 379.40
191.56 379.40
506.56 382.76
585.32 383.17
585.32 383.17
1759.29 384.82
153.12 386.73
638.10 393.76
495.64 396.18
1740.81 397.57
466.18 404.81
654.24 406.82
44.72 409.02
44.72 409.02
1442.69 412.40
1728.48 413.87
318.00 418.82
312.88 430.72
365.82 431.17
646.98 441.15
646.98 441.15
99.40 444.60
47.29 446.47
47.29 446.47
1659.67 460.82
1573.11 463.12
750.29 467.41
750.29 467.41
945.03 470.70
861.38 472.42
1622.27 478.76
1014.24 483.01
114.77 483.80
1238.41 484.00
1238.41 484.00
922.07 490.83
1643.68 492.50
2092.84 492.64
430.71 507.79
473.82 514.73
499.03 516.56
1979.32 516.38
302.88 518.70
562.55 517.94
1922.68 519.89
782.86 524.02
782.86 524.02
254.45 528.20
659.57 531.52
318.82 531.70
318.82 531.70
195.65 536.16
893.89 539.18
930.18 538.18
605.07 542.19
94.23 544.30
94.23 544.30
370.01 543.61
2540.55 548.40
1636.20 557.20
1662.92 558.45
1662.92 558.45
270.35 560.30
270.35 560.30
344.95 560.22
620.95 563.12
2520.34 563.28
200.64 571.45
935.92 570.67
18.76 574.02
266.58 577.88
266.58 577.88
764.88 578.87
360.08 582.02
1886.77 583.10
846.54 597.41
846.54 597.41
2044.54 598.30
1500.36 602.59
2014.62 604.15
830.40 605.80
830.40 605.80
238.81 614.42
609.21 614.44
358.79 615.05
295.32 619.56
374.17 622.22
771.33 626.84
417.45 629.78
2445.97 630.83
361.73 648.95
543.31 657.85
697.68 664.15
178.35 669.09
178.35 669.09
560.19 671.34
764.08 670.42
359.47 672.25
1936.45 674.19
1936.45 674.19
224.57 676.55
773.76 689.03
683.76 690.30
2010.49 694.98
2010.49 694.98
790.77 697.83
547.19 705.15
2429.23 704.66
339.02 706.63
391.23 707.98
371.49 720.78
260.14 721.46
260.14 721.46
623.17 723.69
1202.53 732.88
632.27 739.29
710.47 741.20
1191.37 740.11
217.01 749.95
2509.64 749.91
1064.61 753.57
1216.12 755.34
1216.12 755.34
1052.57 759.82
233.22 769.96
233.22 769.96
1319.13 770.76
695.58 772.83
727.11 773.90
1171.92 784.34
1171.92 784.34
1865.19 786.35
2526.16 789.15
583.42 799.61
2513.19 798.11
47.97 800.00
610.74 800.46
1213.97 800.09
85.06 803.26
281.38 802.10
739.23 805.61
596.89 808.81
1184.94 809.49
266.72 812.23
266.72 812.23
80.78 815.33
1215.02 814.76
1215.02 814.76
1880.42 815.11
103.57 817.08
689.78 817.43
404.59 820.23
404.59 820.23
600.11 827.49
663.89 827.25
663.89 827.25
511.92 830.35
1865.85 830.41
1865.85 830.41
1273.43 833.45
592.06 838.64
1879.19 838.48
665.83 843.01
402.17 846.71
2080.65 846.92
2100.94 850.59
787.67 856.03
287.46 871.75
1869.18 873.64
426.24 875.69
1320.23 891.46
1320.23 891.46
439.46 898.97
714.24 900.78
779.04 900.18
467.73 901.91
573.00 908.90
442.49 913.39
1197.82 913.53
2431.65 917.96
423.87 926.26
1200.93 930.35
2063.53 933.54
518.34 944.68
518.34 944.68
735.09 945.21
409.41 947.95
423.32 948.71
1466.90 956.23
589.96 964.27
2452.10 965.67
2452.10 965.67
358.64 968.24
658.58 970.29
1646.22 974.22
610.12 982.20
610.12 982.20
785.57 989.55
1620.02 992.54
559.35 994.63
341.69 996.78
613.79 996.93
726.13 998.03
118.02 1000.26
477.10 1002.73
477.10 1002.73
145.90 1005.82
145.90 1005.82
359.78 1006.44
1047.34 1006.16
1681.77 1005.39
1951.34 1011.16
468.29 1017.42
434.39 1017.76
136.91 1022.22
136.91 1022.22
1413.27 1025.82
2434.30 1026.00
1456.80 1028.98
124.18 1033.48
22.70 1037.74
797.47 1040.23
1207.75 1041.05
1413.44 1048.22
1939.73 1049.73
449.48 1052.69
148.46 1054.63
148.46 1054.63
1217.89 1056.17
1619.26 1057.97
1630.08 1067.20
2118.94 1069.93
178.18 1072.35
1481.28 1070.64
2105.43 1073.73
685.75 1076.83
1091.20 1087.38
661.79 1092.71
595.02 1097.20
1527.50 1102.42
294.09 1104.96
400.96 1105.53
534.88 1107.24
89.50 1109.85
444.28 1115.57
1002.84 1122.62
475.26 1124.48
475.26 1124.48
801.74 1127.89
2484.91 1136.99
193.46 1144.56
155.82 1145.96
487.76 1154.60
738.12 1156.54
2523.59 1156.75
333.05 1161.89
154.53 1167.71
1365.79 1175.27
70.22 1181.83
591.04 1189.04
155.72 1190.53
170.12 1205.08
295.93 1204.75
742.51 1206.30
996.85 1207.83
2515.73 1208.14
599.51 1212.12
109.27 1219.49
109.27 1219.49
733.63 1218.06
469.50 1224.86
634.93 1224.65
404.25 1226.58
2467.52 1231.24
430.10 1236.49
569.78 1242.93
721.97 1242.21
616.22 1247.81
521.06 1251.58
84.52 1255.11
1702.92 1254.72
640.77 1263.75
297.95 1265.98
1183.12 1269.89
1978.21 1273.53
1230.55 1282.42
501.44 1283.70
1866.93 1284.35
689.08 1285.69
1296.00 1287.34
1124.95 1290.68
1222.35 1294.62
1047.38 1295.72
1772.40 1296.03
376.10 1299.85
1211.76 1302.79
1081.18 1304.45
1081.18 1304.45
1744.99 1335.11
1744.99 1335.11
130.00 1337.38
65.45 1337.59
108.74 1339.56
108.74 1339.56
1575.14 1340.40
656.79 1346.34
1755.82 1346.19
588.53 1347.98
751.15 1356.38
1736.36 1362.89
42.96 1364.50
399.25 1369.13
1747.72 1372.25
1727.56 1377.04
1074.81 1388.43
317.20 1389.66
404.10 1392.11
154.10 1395.61
2439.27 1405.22
491.70 1407.27
108.08 1407.33
108.08 1407.33
64.77 1413.10
1458.84 1412.10
1101.18 1416.33
1124.34 1417.60
1077.22 1420.12
1157.04 1425.55
2223.97 1428.73
1104.34 1432.11
1067.40 1437.17
1085.84 1435.30
526.83 1446.34
2041.04 1450.79
160.07 1453.21
1124.31 1456.91
517.66 1458.99
676.92 1459.36
2322.07 1459.30
927.55 1463.08
1083.34 1462.52
1000.92 1471.03
605.63 1473.95
396.05 1485.35
1096.19 1486.01
1112.54 1486.13
2198.86 1488.52
329.70 1489.85
1252.66 1495.09
2146.20 1501.07
166.14 1504.05
478.57 1505.53
1151.98 1510.97
1093.70 1517.95
1093.70 1517.95
1848.69 1518.46
386.55 1533.25
168.95 1533.79
406.29 1536.19
2221.51 1546.13
575.77 1548.94
61.84 1551.41
684.04 1551.82
664.90 1554.20
701.97 1558.17
620.72 1564.10
228.75 1569.35
125.88 1569.50
125.88 1569.50
54.40 1584.35
1143.45 1586.43
120.41 1598.71
387.17 1600.47
456.31 1601.76
1237.43 1601.60
493.41 1607.44
493.41 1607.44
105.98 1614.25
386.86 1618.97
1081.71 1621.58
280.58 1621.76
271.13 1634.01
1806.69 1635.69
55.54 1640.37
601.47 1648.91
601.47 1648.91
1064.58 1649.05
207.53 1654.22
1775.53 1655.04
585.45 1662.24
139.86 1671.78
1102.70 1676.90
323.73 1681.36
290.13 1683.59
1227.20 1694.93
173.99 1703.74
286.08 1706.35
1255.35 1705.87
1844.70 1708.69
704.79 1715.21
704.79 1715.21
651.59 1715.98
1143.05 1716.99
1104.28 1727.63
1568.86 1729.49
2409.94 1730.75
1166.53 1732.79
1517.08 1735.83
1151.88 1738.28
1151.88 1738.28
579.36 1739.60
1194.87 1740.35
161.14 1745.47
295.44 1747.72
491.50 1752.16
392.47 1762.19
1897.07 1764.54
2236.32 1765.08
2236.32 1765.08
315.64 1766.09
282.74 1771.71
1329.29 1774.21
308.45 1780.70
1164.95 1782.75
48.53 1791.19
414.99 1795.37
602.22 1797.40
237.30 1798.50
2112.43 1801.60
179.29 1804.69
570.26 1807.25
570.26 1807.25
267.17 1808.34
1010.91 1808.93
1251.62 1808.37
1992.76 1808.30
27.10 1811.97
27.10 1811.97
619.61 1812.81
1904.05 1813.28
1926.50 1811.84
2107.09 1814.34
1082.89 1816.29
1728.74 1820.01
144.80 1825.07
446.79 1823.70
644.08 1826.05
2189.66 1827.10
613.89 1828.92
1808.58 1829.04
1808.58 1829.04
597.87 1830.28
2174.29 1834.69
516.36 1835.95
67.05 1837.91
623.40 1840.09
506.46 1852.71
1259.59 1853.19
178.81 1860.25
474.85 1860.38
445.17 1866.57
1833.47 1866.94
73.77 1870.81
616.19 1881.05
215.40 1895.77
1229.68 1898.39
194.74 1904.19
520.13 1905.73
1040.38 1905.38
244.85 1912.64
1070.75 1913.00
137.42 1913.90
437.55 1935.82
54.78 1948.39
84.03 1955.08
415.16 1956.59
272.47 1978.61
200.13 1996.18
132.11 2013.36
156.28 2020.93
742.47 20.62
742.47 20.62
560.73 24.01
409.55 40.53
134.05 45.11
727.49 66.86
727.49 66.86
881.05 72.08
726.61 83.05
776.74 84.27
422.27 94.53
776.71 101.01
565.78 106.18
818.40 116.68
536.37 135.17
1089.41 139.68
958.57 145.36
657.01 150.35
925.69 151.06
1338.77 168.53
730.93 171.92
1417.10 179.88
1468.60 185.97
333.74 187.67
2446.08 198.85
135.94 201.54
783.94 202.65
328.65 205.38
420.82 207.97
2470.34 210.58
173.26 220.85
1354.19 235.98
2424.44 235.41
1014.28 245.13
429.81 264.92
145.64 266.68
362.59 277.37
1998.33 279.75
744.75 283.70
744.75 283.70
123.52 286.58
1859.36 285.85
728.75 287.64
1545.40 288.34
2456.53 300.88
1532.30 305.52
1472.94 308.31
2542.29 318.52
114.34 325.87
347.90 325.51
1232.55 327.24
385.18 335.46
1750.16 337.48
210.46 355.03
329.67 356.17
885.56 362.00
1573.98 361.59
1426.81 361.65
498.85 366.92
302.32 379.03
965.07 379.87
177.77 389.37
375.54 396.42
207.02 399.36
425.58 406.73
747.20 422.67
496.46 425.62
655.34 426.83
655.34 426.83
482.62 438.35
1696.91 443.35
251.52 444.75
810.59 447.50
177.47 449.09
177.47 449.09
853.92 453.90
1674.70 455.29
252.35 475.26
2022.33 476.68
402.34 479.51
1653.72 480.66
1653.72 480.66
1038.15 484.87
269.15 496.23
339.41 501.19
1008.38 501.87
651.87 511.76
326.77 516.50
907.50 530.57
229.68 544.03
635.26 545.77
835.49 556.29
800.01 558.06
27.74 561.24
376.68 573.70
248.60 583.66
1811.11 584.55
1811.11 584.55
1650.81 590.50
922.81 596.93
124.22 597.58
343.47 606.79
164.40 609.02
1298.11 623.90
359.07 632.78
510.18 633.43
2520.89 634.59
1612.16 642.60
638.53 644.46
850.65 646.40
242.36 648.11
456.20 650.96
456.20 650.96
512.02 652.78
2517.85 652.80
2449.37 661.33
852.05 667.28
833.95 678.10
653.87 687.17
222.37 691.35
1610.96 691.37
2470.67 689.83
2470.67 689.83
479.27 713.05
2117.57 715.78
782.87 717.24
208.53 725.10
1855.90 744.81
202.85 760.65
2020.68 769.42
121.51 784.02
1882.22 791.86
1882.22 791.86
1211.11 798.66
388.96 802.60
135.16 823.31
1196.90 826.80
463.18 840.40
756.62 855.49
1882.37 855.69
1699.92 864.52
371.43 865.70
1826.62 873.38
1886.03 877.87
966.52 882.64
415.65 893.86
594.11 898.77
1875.82 906.31
1875.82 906.31
484.31 916.26
1899.99 920.29
1899.99 920.29
1413.49 934.48
269.31 937.09
1496.77 938.70
2101.26 942.79
2101.26 942.79
1911.98 945.93
675.11 948.62
362.53 950.34
513.40 961.76
541.78 961.18
412.95 964.75
412.95 964.75
2465.96 965.24
2465.96 965.24
1929.26 966.05
147.57 979.64
673.69 982.79
397.70 984.85
746.24 985.08
1953.51 983.81
1682.83 988.60
2064.86 1010.97
604.51 1023.27
1938.12 1025.11
170.45 1055.90
1514.30 1058.17
1811.35 1058.81
205.33 1068.30
1457.10 1070.79
117.95 1077.23
1315.35 1078.84
341.58 1088.82
1819.96 1090.58
1275.36 1092.02
502.73 1094.77
673.19 1095.16
673.19 1095.16
358.73 1102.92
658.01 1105.73
32.99 1109.82
754.91 1111.16
487.25 1112.50
487.25 1112.50
182.72 1115.79
789.88 1117.51
105.41 1118.76
160.96 1130.25
437.98 1132.74
459.47 1138.84
1513.26 1141.42
1513.26 1141.42
1069.54 1150.20
476.96 1169.13
476.96 1169.13
566.46 1170.89
739.72 1187.33
739.72 1187.33
1834.01 1199.08
760.37 1201.57
627.13 1201.10
1747.34 1204.31
1747.34 1204.31
1803.59 1204.01
294.22 1208.71
395.26 1213.92
53.97 1223.32
1487.62 1224.49
374.42 1228.87
622.28 1234.64
1542.18 1234.00
651.26 1238.77
66.99 1240.95
1693.34 1240.09
450.83 1253.42
1668.04 1259.20
295.55 1261.11
583.33 1262.90
214.52 1271.57
610.32 1272.43
453.39 1275.94
453.39 1275.94
540.61 1293.77
1579.99 1299.02
1722.33 1302.43
187.74 1325.28
1425.29 1332.52
550.26 1348.62
106.75 1360.19
722.09 1361.76
307.17 1365.82
1038.40 1369.38
722.77 1378.06
1622.58 1391.03
439.10 1393.91
534.54 1406.25
729.46 1411.98
295.52 1414.45
1062.16 1417.60
1183.21 1419.71
426.03 1432.82
43.14 1441.30
204.90 1443.21
723.36 1449.55
1186.95 1452.61
587.92 1457.10
1240.88 1483.35
1202.25 1487.68
1173.27 1492.51
252.72 1494.27
252.72 1494.27
1213.18 1517.06
1826.29 1518.56
1736.87 1522.03
263.58 1526.25
604.61 1543.13
1204.58 1542.13
372.47 1553.42
372.47 1553.42
590.97 1554.97
1217.79 1555.93
174.89 1562.58
1199.45 1570.65
569.82 1573.74
1237.26 1583.36
1237.26 1583.36
1089.96 1604.41
152.85 1616.51
240.84 1616.36
452.95 1616.36
1991.53 1628.11
1132.88 1633.24
1071.78 1634.58
158.84 1636.85
258.95 1653.39
244.12 1654.89
1111.43 1662.70
41.04 1665.25
1257.39 1664.52
38.16 1682.11
1386.96 1681.51
1239.14 1685.74
412.50 1690.61
274.10 1694.71
326.41 1711.67
1092.00 1712.78
400.12 1732.99
441.36 1751.82
1403.63 1760.25
361.18 1762.75
626.98 1763.30
626.98 1763.30
121.97 1770.03
365.21 1779.33
100.62 1780.70
1319.22 1789.47
1130.33 1790.67
1423.25 1793.89
1272.53 1803.42
716.26 1808.54
1212.71 1816.85
1024.37 1818.15
1503.41 1830.14
296.05 1852.49
1761.61 1870.40
630.13 1872.91
630.13 1872.91
2126.90 1874.48
285.80 1879.73
538.67 1908.08
508.82 1921.53
1025.01 1927.37
524.91 1930.80
533.15 1948.39
372.52 1968.69
343.77 1974.30
251.89 1980.14
93.45 2022.10
406.78 62.42
954.13 67.06
67.68 132.04
119.45 146.89
816.89 177.00
411.76 223.80
347.43 228.43
464.92 230.72
446.65 248.22
851.10 259.70
776.82 288.22
270.32 308.18
311.56 318.29
109.80 347.61
571.63 377.35
2005.99 376.27
2005.99 376.27
1037.21 399.58
356.89 410.81
54.00 428.91
481.51 439.84
1657.45 440.90
171.78 442.61
193.78 462.22
42.64 468.76
340.56 467.02
241.78 491.97
307.63 499.98
1233.34 503.12
375.94 511.56
543.99 530.95
54.15 564.96
697.91 615.65
510.19 631.74
398.24 636.51
398.24 636.51
218.35 671.17
2098.62 701.59
231.24 713.52
763.52 712.07
534.13 721.09
534.13 721.09
1207.65 795.64
1234.24 819.88
649.33 824.56
163.68 836.83
362.94 844.09
325.73 847.08
432.22 864.43
272.26 874.92
676.50 877.28
396.10 880.78
1686.96 903.45
1175.53 915.14
428.83 917.31
1921.17 920.61
362.70 950.09
76.52 982.69
1933.15 988.91
432.91 999.64
1813.33 1010.39
1849.42 1010.41
1849.42 1010.41
688.03 1017.21
688.03 1017.21
85.52 1019.73
445.20 1019.81
496.28 1025.45
1481.49 1038.86
1848.49 1046.22
520.76 1054.97
1976.91 1061.12
771.76 1074.79
743.15 1075.62
743.15 1075.62
1971.65 1128.23
988.96 1134.84
71.26 1141.03
195.43 1139.10
1399.27 1143.91
373.25 1157.28
1963.93 1154.81
629.36 1174.68
1986.44 1173.12
1813.50 1183.98
560.62 1189.78
1970.40 1192.10
1506.41 1203.48
573.41 1225.81
342.88 1253.02
1977.43 1259.27
1071.61 1269.92
311.19 1302.75
515.07 1300.56
188.14 1327.07
1217.43 1334.36
1209.32 1356.49
422.52 1378.14
590.53 1380.43
539.78 1386.00
740.79 1395.40
148.46 1428.94
594.85 1435.44
1039.82 1434.51
1308.71 1436.97
143.54 1467.25
1205.96 1468.96
229.38 1473.57
229.38 1473.57
1166.51 1474.15
2371.79 1482.22
1063.82 1489.14
2117.34 1487.22
1120.31 1500.23
1078.12 1505.84
2271.76 1507.02
189.94 1512.70
189.94 1512.70
2213.43 1523.72
1099.85 1537.68
353.43 1539.52
262.79 1549.02
1135.74 1549.24
1081.57 1566.59
128.23 1569.47
76.80 1587.84
754.03 1595.76
1144.01 1610.12
1467.34 1613.33
2043.97 1624.07
40.43 1627.27
2112.71 1655.50
183.45 1667.87
617.11 1688.41
1137.82 1689.81
378.22 1702.59
1063.49 1700.47
2044.49 1698.81
349.73 1702.53
349.73 1702.53
407.62 1709.33
407.62 1709.33
499.46 1714.81
2004.57 1715.18
2004.57 1715.18
545.76 1721.23
2033.70 1719.32
1820.64 1724.03
409.70 1776.84
1279.03 1780.42
1358.75 1782.13
2300.87 1781.02
1238.79 1793.11
1493.90 1808.37
359.50 1821.17
599.09 1852.53
2046.19 1856.56
1859.35 1865.09
699.83 1867.34
537.88 1879.88
68.62 1897.30
1136.53 1915.81
496.72 1940.22
496.72 1940.22
1036.83 1946.29
449.46 1979.90
388.62 1994.98
601.83 45.90
797.47 62.60
797.47 62.60
854.33 87.78
854.33 87.78
904.37 92.26
2509.11 204.53
835.65 237.47
1569.84 289.83
288.77 328.89
1005.47 350.11
378.63 371.11
1723.24 380.20
296.39 402.61
277.48 426.16
26.11 448.76
482.36 478.12
163.11 486.30
841.38 501.51
1627.42 509.64
616.66 531.57
331.37 538.06
1515.13 544.53
1515.13 544.53
1327.27 589.56
1248.01 599.70
1316.40 616.31
1316.40 616.31
259.57 634.72
259.57 634.72
2492.53 673.89
265.60 687.93
2075.85 689.29
568.05 725.90
568.05 725.90
514.63 743.47
623.49 757.44
1549.18 774.03
96.02 775.66
601.97 778.61
2492.67 774.98
563.69 822.37
1951.14 843.37
544.12 891.43
660.12 899.08
1435.33 936.05
1485.53 937.73
224.27 968.91
1846.91 969.82
1972.99 969.09
2509.21 1012.29
1551.45 1026.99
380.93 1049.96
2509.31 1053.43
542.89 1055.97
542.89 1055.97
2510.33 1099.74
281.07 1125.16
312.30 1128.11
312.30 1128.11
200.63 1162.03
81.66 1204.22
81.66 1204.22
147.52 1216.59
1126.16 1242.89
1431.25 1243.15
1241.71 1257.60
673.26 1259.78
673.26 1259.78
1871.28 1269.39
1895.28 1269.05
636.39 1284.90
212.07 1315.96
1174.33 1345.95
329.72 1367.69
484.41 1369.28
581.43 1408.34
2352.88 1490.44
1235.88 1539.50
589.09 1563.18
1144.89 1576.86
565.14 1596.55
209.10 1601.69
446.90 1645.04
1190.45 1680.10
1263.50 1689.71
151.74 1691.59
151.74 1691.59
548.73 1694.95
1473.83 1719.20
1473.83 1719.20
464.70 1768.88
2093.08 1779.45
409.73 1819.12
684.46 1824.51
2138.52 1827.49
713.62 1839.22
1024.56 1850.35
240.58 1852.36
2123.58 1853.80
2087.60 1856.36
1001.59 1870.60
1700.38 1870.60
137.10 1879.22
679.09 1886.38
167.74 1902.40
79.80 1919.63
1063.85 1935.70
302.90 1962.22
289.98 1994.69
66.06 162.14
394.68 246.92
2060.48 256.46
1946.39 279.07
92.63 422.71
1304.66 558.60
1273.56 573.97
41.06 589.22
391.95 603.04
2510.98 625.35
1649.64 631.99
288.36 656.30
623.26 658.21
623.26 658.21
1590.63 676.53
510.25 682.05
59.17 768.57
59.17 768.57
174.12 782.76
634.55 797.52
1855.55 858.13
1460.13 886.26
2505.21 884.06
1806.43 937.22
538.50 964.97
121.63 969.80
2507.35 969.33
1460.94 982.57
1135.07 992.00
1283.98 993.97
765.99 1038.01
1186.74 1067.75
653.49 1080.51
1463.00 1086.43
1019.73 1113.59
1019.73 1113.59
1428.41 1200.44
284.90 1235.96
284.90 1235.96
534.60 1236.64
534.60 1236.64
702.19 1235.06
1551.05 1241.24
1768.82 1277.57
1878.64 1332.45
1627.65 1400.21
1627.65 1400.21
363.27 1514.81
146.54 1542.37
146.54 1542.37
84.43 1544.83
84.43 1544.83
613.18 1591.98
500.36 1635.65
1207.37 1636.68
63.29 1817.49
352.06 1862.01
97.27 1882.47
615.90 1902.91
218.69 1920.27
446.83 183.74
1448.76 355.49
1054.46 401.00
1673.54 584.29
557.20 771.28
500.66 857.99
605.39 857.99
1118.14 921.16
149.37 1145.91
226.09 1237.78
226.09 1237.78
1196.75 1266.55
605.74 1320.24
1287.81 1328.24
1287.81 1328.24
352.54 1338.51
1082.61 1347.47
1808.01 1376.68
1702.78 1389.98
2071.91 1662.43
298.99 1760.93
298.99 1760.93
193.95 1837.93
392.45 1848.62
205.37 1979.04
1358.42 195.84
1782.67 476.32
313.09 520.48
1652.81 527.64
1652.81 527.64
703.00 636.65
639.89 783.53
458.68 956.78
1228.27 975.28
1077.07 982.82
462.50 1042.13
257.20 1284.79
1953.35 1316.17
513.23 1318.40
1126.50 1320.54
1717.30 1340.98
1970.08 1744.26
328.87 1802.22
929.88 188.23
1433.58 185.53
1579.35 309.35
94.81 355.95
244.89 393.34
244.89 393.34
1265.66 640.88
292.69 743.03
698.42 952.89
1513.20 1084.96
1931.23 1111.55
256.18 1187.59
256.18 1187.59
953.16 1288.47
105.28 1432.15
535.09 1506.35
1087.32 1518.99
2121.02 1586.03
2065.30 1741.22
1041.72 1834.04
326.44 1919.59
362.24 267.65
1522.84 378.66
429.31 566.78
1851.84 700.04
71.99 950.52
287.09 1103.60
538.62 1407.56
1237.84 1421.78
1420.99 1770.55
2149.52 1791.37
1367.41 650.05
681.17 777.59
1633.49 1077.52
1633.49 1077.52
76.12 1190.38
1385.57 1398.47
257.57 1458.72
1325.55 1487.97
169.65 1834.08
1326.43 1843.81
601.76 1426.21
601.76 1426.21
1125.19 345.94
882.18 862.81
