523 3175
1243 6796
3121 5415
2147 6071
2740 4716
734 1076
1155 6267
819 1378
2003 5015
1077 1842
3407 5905
2579 4403
386 3043
3583 6213
664 3262
2014 3249
2571 6409
2030 5908
3207 6321
3926 6938
3106 5379
3452 5016
822 3472
2943 5022
609 904
1013 5317
352 457
2661 5732
2929 5071
3068 6136
3428 5924
1758 4793
3054 6647
2233 1528
2971 3458
545 3269
454 707
3555 7036
1062 1779
1588 2594
3306 5726
3141 6751
2601 4416
198 75
3821 7044
3742 6948
2770 4758
1515 2556
3610 6286
760 1256
2932 5974
987 3840
3039 5227
885 3637
1126 1868
2316 3920
368 266
3548 6694
2373 4027
2631 4461
2863 5899
2508 4261
3066 3722
2398 4065
3872 7388
589 3341
1897 4890
1366 2271
2605 4431
2913 5027
1311 2169
2435 6316
515 4769
1110 1884
3292 4441
2434 4147
3323 5770
2367 4002
3888 7299
2097 1071
262 170
781 3623
3013 3543
1712 2861
2923 3353
2323 5378
3836 7055
220 3066
559 886
4163 7393
1075 1819
776 1321
4094 7247
1845 4881
1775 2965
1362 2226
806 3572
2416 4113
464 668
3709 6470
596 849
2023 3388
4076 7215
2891 4946
3603 6280
2371 6240
517 4803
475 517
2267 1475
1305 2153
357 450
2215 3749
1684 4677
955 1577
3630 6330
2315 6719
512 803
3294 6445
1561 2585
622 3326
1535 4651
2755 5831
73 15
1542 2512
56 41
2422 6303
3079 5319
202 2873
1741 2904
3490 6035
234 3026
693 1127
3037 5240
3592 6247
2523 4325
2089 4957
1540 2545
2816 4779
1392 4326
1839 4830
3585 6199
784 1351
1646 4662
3561 6167
903 1499
3265 6404
222 364
1890 4866
176 203
4036 7156
1455 2443
2990 5125
3691 6450
2497 2236
2244 3770
4028 7118
2685 4550
3212 6823
3650 6376
3014 6612
1907 4889
971 3822
2018 3362
1156 1915
3478 6597
162 198
2519 4312
3912 6889
3015 6613
3446 5934
2899 3217
278 4871
2278 1688
2773 4690
3130 5437
1982 3301
1575 2557
909 5250
4070 6986
2553 2350
3636 6338
2591 5668
1227 4103
2285 3834
3953 6946
122 30
37 1
2256 3768
3326 4602
3173 5488
3055 5258
139 3000
1578 2540
3308 5722
555 792
3460 6547
3230 4238
1353 4278
3564 6169
920 3724
2522 6383
3487 7203
3788 6625
3077 5326
1119 1878
3350 5833
1313 4235
3606 5482
3218 6827
2556 2365
2692 4686
1513 2495
927 5279
2976 6048
2669 5779
889 3636
1738 2961
2443 4170
412 4896
2559 4367
2977 6049
541 710
961 3780
1951 3246
2069 1046
1307 2155
460 624
2933 4989
3081 6161
614 4892
1508 2487
3268 6434
3715 5755
520 3196
962 1590
2847 4928
773 3555
1154 5418
1494 2450
71 177
1925 3083
4221 7513
821 5135
1771 2883
275 329
2353 3971
366 443
1827 4767
649 940
746 1275
4127 7323
2532 4316
2911 4937
3801 6092
3553 6154
3973 6987
2234 5318
1506 2466
553 712
1213 4090
3002 6070
2270 3705
1889 3199
884 1501
608 906
3180 6296
676 958
564 3024
3792 6992
1290 2117
1570 2565
2365 4003
2555 4359
2626 4443
2495 6352
1268 2098
3670 6864
42 32
1470 6460
1571 2566
1948 605
1926 3214
1599 4697
1045 1642
3730 5788
1389 2287
2318 3892
2453 5528
2332 1821
1170 4051
1266 4157
3032 6114
1304 4201
2451 4176
2567 4382
628 918
3787 6615
49 2831
804 1167
4017 7284
1930 6562
4169 7411
2880 3198
655 688
457 501
2026 5059
420 3002
807 1314
3536 6125
1841 3055
1726 2979
3166 4078
3688 6894
4091 7374
2602 4428
1413 2331
1370 4289
1605 2619
3698 5719
2325 3931
1049 1752
380 6545
3808 6665
4087 7433
2216 3664
1166 1964
2466 2136
4177 7481
258 2947
2162 3583
307 2992
680 3416
3353 5799
2696 4553
2554 4356
3181 5497
3594 7074
620 608
2200 6089
2564 4395
3370 4721
1180 1956
1130 3995
3474 6610
1273 2104
3984 7226
1627 2666
3351 5834
1084 1805
1582 2578
1484 2428
245 313
3823 6664
872 1468
1065 1784
526 546
2295 1664
3139 6257
943 1531
3204 5524
2606 4423
3999 6748
1289 2123
1526 2589
799 1343
944 1564
867 1464
1147 1896
1950 5944
2536 2320
2251 3759
2289 6155
2460 5537
1464 2427
2457 5534
1402 2311
2493 5587
2757 5807
2459 6821
2501 6850
3986 7041
2206 5192
238 2832
1233 2040
2481 4226
2658 2706
3142 6265
790 1162
3149 6276
3738 6521
2730 4649
3041 5210
2528 2280
2073 3380
1977 3220
1598 2590
4159 7489
1621 2665
2067 3461
3498 6067
2876 4942
535 661
1157 1924
2066 3346
1280 5520
1443 4386
1021 5387
1093 3963
923 1574
3936 6925
4037 7148
3033 5232
1412 2337
4200 7509
131 155
3361 6531
2387 4052
3510 6606
1991 5971
4031 7404
2578 4410
1804 4877
4071 6990
513 5846
3241 5601
1819 4908
1844 4882
1840 4829
1643 4740
973 1640
1064 3934
205 171
3369 4722
1278 2110
3359 4672
301 156
3648 6373
2420 2037
2082 3445
2321 1786
1674 2734
1731 2860
1891 4865
2383 4035
2145 3580
1354 2215
127 2952
598 902
330 3080
2274 3721
1452 2394
1975 3171
2017 820
2185 1439
1532 4510
3877 7390
416 291
2725 2644
3968 6978
3228 5572
841 1410
2298 5392
3307 6474
376 3035
3935 6921
1040 3872
435 3161
2072 934
197 300
908 1555
869 1267
240 322
3551 6152
2132 3598
2347 3967
3040 6113
2188 3649
3329 4607
2934 6574
2570 6408
2866 5941
1679 2814
1529 4575
4190 7464
1153 1930
3838 7058
45 68
2984 5145
3012 5175
1875 4924
2470 2154
3365 5815
4112 7400
914 1521
2080 3418
3503 6063
36 36
1160 1918
1514 2555
3261 5637
2049 3427
3414 5911
389 570
3542 6682
1251 2064
612 4887
2378 4034
674 1043
355 494
1342 4248
2928 5975
3028 5199
1158 1925
2861 4895
4161 7491
1482 2441
1445 4390
268 101
574 862
1090 1828
1716 133
1565 2547
1745 4781
2930 5070
984 5276
1192 1997
2141 6097
3829 6708
3776 6604
2465 2137
3699 6454
2158 3533
1645 2798
2221 5262
1390 4297
2007 5004
3335 5781
1984 3242
1356 5599
1655 4730
945 3709
3558 6165
3134 3936
493 772
1786 2955
715 5993
2153 1354
3368 6511
969 1595
3217 5551
2370 6239
2670 4595
1974 3192
2639 4500
737 1200
3143 4023
334 3005
590 3340
747 5073
2915 5030
2198 1471
616 621
2612 2472
1491 2447
1473 2417
2299 5393
2512 4270
3560 6157
865 1470
2902 4950
2983 6041
2613 2473
89 58
1002 1671
2087 3495
1217 2012
644 939
2085 5020
2174 5136
55 40
3440 5889
2240 6131
1419 2344
3046 5226
1006 3853
1033 3864
2764 4706
2088 4956
3337 4623
4103 7091
1569 2711
1489 2434
4134 7344
3224 6834
1954 4918
3771 6561
2211 3731
937 3621
712 1092
3612 5493
2594 5709
328 2997
3453 5962
2307 3847
1800 2920
2016 4997
4104 7281
2766 5821
675 1065
1173 1963
1041 1728
1477 4419
2359 1876
3476 5987
433 5872
2872 4933
3701 5714
2417 4121
2486 4234
3104 6706
2717 4653
3828 6697
1423 2339
4146 7477
3687 6896
1364 2268
3791 7214
337 436
3052 5245
548 827
3907 7147
2587 4415
3116 6233
1600 2615
1913 442
3639 5570
3883 7112
492 575
292 57
2583 2415
2949 5069
1089 1823
3020 5191
2384 1949
2236 3753
3378 5864
3324 4601
2771 5839
524 3228
2566 4393
4120 7132
2531 4315
4046 7338
4191 7467
3367 4714
3288 5684
3315 4530
3330 4583
1310 4225
3562 6166
1631 2671
4192 7468
1030 1734
1418 4364
3238 5597
167 2954
1523 2645
1398 2289
3667 6403
2952 5996
4189 7463
3661 6401
3431 6567
2991 5124
789 3560
1680 2820
439 619
3632 6833
3233 5594
3007 5172
1511 2548
1347 2206
2028 3369
2254 3776
483 764
3865 6293
476 3165
2972 6050
3145 7269
2732 2678
2671 4536
465 513
2396 5476
3737 6522
3538 6680
3188 7285
2526 4320
2057 3383
4009 7090
1099 1726
1259 4151
2320 3930
3815 7027
1492 2448
50 31
2994 6047
1046 3823
1246 2057
342 413
1493 2449
1267 4168
2282 3831
2222 3715
3363 6532
2762 4674
3528 7038
3735 6526
313 107
3675 5662
3425 5942
3250 5635
2043 5036
347 519
1917 3221
3624 5529
1403 4344
2543 2341
1546 2525
2480 4237
3789 6624
3284 6437
2182 5256
2689 4573
3589 6222
314 2977
3646 6366
669 3403
529 521
1525 4516
922 1498
752 6027
321 407
1322 2199
2867 4943
4021 7106
1682 2774
414 583
785 1352
3658 6400
1873 3130
697 1067
3248 5618
3607 6285
860 1307
501 663
3539 6679
625 1025
1955 4944
3521 6110
3255 5633
1466 4426
1764 4813
3522 6111
4176 7506
1557 4627
1633 4658
3525 6116
2865 5926
2193 3650
862 1425
1538 2607
1117 3966
1531 4511
3552 6681
3831 7239
3094 5338
3861 7081
3214 6325
1500 4427
1076 1838
371 522
836 1426
1036 1733
2163 5242
684 1058
2750 4728
995 1683
159 262
2131 3599
3856 7261
1650 4744
2643 2528
3899 6860
742 5051
4193 7469
3093 5346
3651 5621
2361 3988
3352 5798
1190 5458
3138 5453
3473 6023
4194 7470
4224 7536
450 508
250 2900
2749 4736
2477 4208
556 4825
3231 4239
3657 6398
3992 6709
2312 3882
1647 2725
1896 4876
542 3335
1091 1840
405 550
2832 4802
3559 5323
4133 7343
233 382
1193 4079
660 1045
3799 7022
333 3052
2310 3884
2761 5817
4074 7218
1512 2498
2970 3436
2944 5034
3101 5363
3109 5377
227 153
3662 6391
4075 7219
369 389
1625 4591
659 3408
871 1474
3382 5849
1613 2628
3357 5793
2701 4555
3386 5854
1422 2338
2598 4424
3540 7363
2328 6217
1859 3146
1649 5836
514 782
200 176
2574 4400
1779 200
2747 4726
651 3396
459 2829
2819 4844
364 334
190 77
39 2840
1879 3121
2529 5616
1762 4816
610 905
2836 5898
477 566
2908 5966
440 323
2013 6538
4231 7496
3689 6476
1052 1730
597 890
4023 7108
800 1342
1892 3203
441 498
1137 3924
1054 1766
396 600
979 1537
1092 3944
779 3483
3806 7029
4092 7054
642 995
2820 4837
3236 6853
397 601
1676 2771
2855 4903
2091 5133
2882 5973
721 1129
2845 4901
1753 3007
3609 6288
540 812
3844 7258
1011 1696
4090 7370
81 125
1221 4110
1312 2167
966 1495
1367 2272
3633 5561
80 2854
1730 2868
1255 4150
3586 6230
3985 7438
534 780
2292 5385
253 197
2027 5060
3008 7015
2394 4060
516 4770
842 1385
3980 7216
46 81
1559 2538
1264 2085
3430 6563
666 3454
4172 7474
1502 4463
543 652
730 3497
753 1260
1976 4927
4082 7430
3286 5681
650 5955
2334 5367
3297 5707
4041 7164
2652 2564
2695 4566
2900 5001
3685 5687
3681 6440
3725 6506
3600 6269
3246 6863
2621 4439
583 909
1198 4050
2958 5943
3569 5381
4012 7092
3457 6576
3597 6271
770 1189
793 1362
2146 3556
3171 4085
484 3201
926 1550
62 2876
188 2964
980 1668
2618 5773
1194 1996
303 3086
230 2995
1923 3087
3991 7369
2329 3857
846 1394
786 1364
1945 3176
4118 7312
3131 5441
4138 7340
1541 2546
1476 4502
1932 3234
3006 6588
3179 6295
3507 6985
4139 7341
3666 6874
3712 6933
2297 3886
3340 6497
3841 7064
1793 3011
4025 7110
442 499
3360 5790
606 830
1053 1763
478 3136
496 2915
3491 5058
3797 7021
931 1519
3479 6598
390 596
550 3276
2662 4498
2181 1401
1723 5
3167 4082
3820 7227
2894 4954
1073 1721
3311 5744
994 1662
2628 4455
2491 2193
3728 6498
239 188
3571 6218
1474 2422
423 526
2668 5768
826 1340
3058 5255
2962 5115
2126 6642
2909 3260
3950 6942
2074 3442
4185 7454
2224 6670
3291 6444
1448 2401
226 2898
897 1490
2155 3628
2463 5535
1501 2469
494 771
2364 5436
3226 4236
1811 4799
1456 2414
3489 6997
838 1390
2986 5151
3200 5518
1880 3075
3535 6671
827 1397
1468 2453
1361 2231
3743 5797
3864 6780
743 3434
3412 5904
2015 5023
4151 7478
3067 7034
1429 4363
86 79
1952 3247
1965 3256
417 3064
3206 6817
2306 3846
3057 5249
1472 2410
2520 4311
1028 3870
3541 6130
3906 7320
285 167
4086 7033
1902 3143
3159 4038
430 558
1658 4742
2964 6020
3967 6976
3516 6086
3310 5749
3686 6895
3160 4039
3325 5764
2395 6274
3976 7010
1425 2342
2838 4822
130 154
1998 3337
4130 7166
1134 3914
3339 6952
1673 2759
1319 2183
1834 426
4108 7297
185 2875
2187 3509
570 767
3170 5486
2722 4563
3617 6804
3137 6242
1777 2894
967 3733
2783 4796
2776 4713
568 898
2440 4161
947 1557
158 23
831 1376
381 576
4234 7499
3741 6944
113 119
329 2996
3080 6686
901 6676
2641 4489
2324 1703
3917 6443
1664 4737
2326 3922
2008 5005
4209 7537
2951 5995
2926 5865
3868 6785
3095 6153
387 528
2248 3707
2997 3467
3613 6300
1855 3103
3232 7128
3097 5380
247 373
1522 4447
1249 4140
2176 6062
894 1461
2473 4219
2492 5588
3506 6046
4149 7437
1202 4096
958 1583
1256 4152
539 2878
2919 5008
2657 4520
2858 4862
1079 1841
2676 2588
2151 5235
3578 6226
3754 6564
1778 201
592 908
833 1421
3895 6339
1358 4281
4186 7456
1318 2180
798 1228
215 175
2281 3764
640 936
3047 3585
1220 2018
2265 1507
3761 6972
629 3347
2580 2413
2100 3525
1181 5452
229 2975
756 1136
3714 6496
3645 6365
2333 3954
1205 2007
2801 4790
2246 3766
3225 6836
4084 7359
2552 2364
2860 4906
3647 6371
3625 6822
3995 7246
11 2869
594 3364
795 1366
1240 2046
3114 6716
1439 2377
3296 6471
2086 5155
4013 7387
57 67
3333 4604
3949 6954
1176 1969
1323 4227
491 536
3684 6892
575 3344
2912 5860
4107 7287
2734 4657
3183 4117
624 3351
3918 6924
3927 6909
1966 492
1843 3060
1442 2386
1262 2077
2327 3939
950 1578
702 1143
1869 5888
1591 2587
3025 6087
2424 4134
766 1299
3584 6214
3550 5304
2385 1950
2098 3517
993 1646
859 5168
2296 5374
499 750
4166 7399
3724 6519
2355 3981
3941 7188
3901 6862
1349 2201
467 746
2881 4934
1087 1829
3773 6580
3429 5925
69 16
2475 4206
2667 4527
3756 5867
2083 3446
1031 1735
3867 6783
2322 1787
2113 3493
3705 6469
3209 5531
252 2880
3697 6461
235 3099
2756 4709
2989 5105
2599 2426
3526 6115
3876 6305
886 1514
2456 5532
2340 3973
1985 4947
1368 2242
2608 4430
2401 5460
3465 5999
3983 7432
2061 3393
4073 7196
2973 6051
1517 5698
3198 6811
471 684
3237 6355
2632 2649
1199 1998
2963 6585
3062 6088
1355 5589
3084 5328
211 3023
1567 2699
2545 4337
518 5850
604 3366
3085 5329
1059 1761
3127 6747
4097 7251
3309 5725
1277 4175
1878 3120
1530 4576
3713 5762
3176 4093
2225 6669
713 1163
2317 1697
85 2942
1989 4801
1593 4503
4016 7094
2095 5012
3191 6308
1968 3015
1276 2108
421 357
2009 4820
3998 7071
429 493
2511 5600
2045 3387
3862 6777
615 579
2965 3399
1083 1837
3696 6463
2314 1753
817 1347
3022 5185
2356 1867
856 1388
880 5174
3469 5982
3346 4666
495 3191
507 525
2052 4867
632 990
2850 5859
3875 6792
1200 1965
3959 6964
1088 1848
1384 2309
1836 4818
919 5223
2516 4275
890 1455
3175 4087
2642 4479
2666 6475
2336 6208
1224 2016
3576 6225
2242 5327
1436 2440
1548 2523
4125 7319
146 50
522 530
2393 4059
1263 2080
3946 6936
2428 4139
3972 7197
3817 6138
500 775
1936 3168
2190 5162
1373 4271
525 657
4210 7523
777 3385
2311 3904
648 928
487 612
1004 3808
3285 5680
2275 3781
2753 4665
1487 2455
601 853
3835 6164
1467 2454
3119 5405
677 1061
251 2901
3605 6281
20 52
2041 3306
2149 3579
1393 2315
704 3474
1964 3257
2627 4448
1294 4184
3990 7240
1293 2134
549 671
2683 5812
567 831
2382 4040
1140 1889
2293 5384
774 1277
1518 5699
1235 2045
3858 7073
2530 2306
2921 5970
3716 7349
123 145
1566 2695
1019 3866
3466 6599
1638 4724
1461 4401
1325 2188
990 3739
2677 4552
1332 4244
898 1463
3587 6757
2137 6058
1177 1977
2053 5068
1888 4910
3038 5215
2596 4474
472 641
1997 6537
938 1568
2953 6970
304 2935
2037 3361
3174 6773
293 181
611 901
4222 7544
3947 6941
3244 6378
3508 6646
3994 7241
2042 3378
451 3206
1802 2990
934 1569
2196 3665
3909 7158
2544 4345
302 3040
2207 6101
2342 3938
1335 2217
2694 4526
657 3477
3086 5339
1208 2011
4205 7529
1801 2921
3796 7211
1957 3178
2303 3844
3215 5543
1107 3940
3364 4708
1437 4368
1854 3104
2518 5614
3019 3562
1248 4141
3432 6968
981 1667
287 142
2127 1232
679 974
2156 3590
4158 7486
506 481
393 419
1848 3093
1133 1883
2831 5909
2846 4902
409 438
595 882
1669 4711
4003 6762
1102 1871
1999 4773
3930 6935
2499 4258
1372 2277
3905 7145
2637 4529
2468 4189
2500 5575
1222 6289
178 281
290 2940
117 2905
4129 7328
2117 6013
3886 6814
3239 4277
3256 4340
2647 4495
2022 5024
118 2906
377 337
607 829
1653 2784
1520 2499
1556 2692
3834 7235
3196 5514
2956 5040
2140 6045
3276 4397
1043 1724
3421 4938
1995 3205
2714 4564
4030 7124
2247 1552
1654 4732
2114 3492
3247 5617
259 2957
2377 4029
2300 3862
2806 4845
2485 6344
3608 6779
1828 179
3177 7093
2070 4983
3029 5216
2099 5123
2807 4846
893 6104
1993 730
1316 4217
571 819
557 709
2362 5444
999 1704
705 739
4167 7457
2238 5320
1635 2738
3966 6975
3172 4086
1348 6347
3018 5099
3178 6778
4032 7139
1123 1869
3579 6722
3628 7303
3082 6149
1061 1769
983 1625
2363 1893
1463 4484
3362 4748
274 87
873 1488
3574 6746
691 4985
1909 3160
2888 5887
1074 1790
2772 4700
244 2914
3221 5560
1555 4634
2513 2243
2877 5902
3933 6926
2517 2279
2648 2562
3710 5740
3088 6673
2034 5035
273 2857
3480 6029
2165 3616
3627 6824
1057 1743
3099 5382
3483 6966
1905 3218
3162 6775
2349 3952
3462 6609
2817 4856
949 1489
3251 5627
3711 6481
1833 4854
3925 6467
1904 3148
2197 1472
2136 1322
276 378
3722 6495
408 3155
2609 4434
1574 2550
1900 344
2533 4313
1435 2430
1085 3873
916 6129
3923 6931
2878 5949
3103 3803
1237 4130
3573 6739
2252 5288
997 1684
2119 5158
2841 4848
3213 6327
3439 6571
1656 2777
3502 6076
4088 7042
2731 2714
4153 7366
3678 6427
3420 6549
3063 6141
458 3263
3301 5717
1928 3163
3118 5400
418 456
3302 5718
2133 3554
4026 7291
3392 5893
1146 1895
3913 6887
453 3166
1812 4800
413 4897
2273 3812
284 2918
1060 5356
1315 4216
2524 5625
3531 6655
2974 5092
2130 3557
1051 3798
4065 7205
370 390
1044 5347
3874 6793
623 3325
863 1424
331 249
3332 4603
2227 3762
631 3395
1069 1694
2504 4264
911 3624
1404 2319
1507 2464
1097 1858
283 2924
1232 4128
1344 4257
905 5234
2431 2056
101 2889
617 911
685 986
2266 3782
2651 4517
3854 6750
2893 5916
2644 2620
438 4815
2189 5163
2472 4196
2630 4466
1580 2571
857 1406
3396 5869
3377 5848
3693 6912
758 1300
480 703
1132 1903
736 1213
2781 4788
3279 5673
391 3152
1138 3925
3314 4646
3993 7243
2338 3933
3108 6728
544 3268
344 231
2782 4775
2178 1418
2895 3232
917 1497
392 358
1038 1720
1394 2290
3328 5778
1979 3194
763 1229
1327 2209
1935 4921
1226 2032
3358 5791
2525 4317
3470 5956
3347 4667
299 338
582 4878
2682 5794
3963 7195
3133 6743
1685 2828
602 955
3757 6955
2050 3428
2718 4654
1899 3141
3064 1450
1659 2804
1624 2722
3826 6699
1032 1722
3931 6910
1657 4745
1241 2052
953 3661
3197 6810
3893 6333
810 1365
2746 5782
41 106
2842 4929
295 363
3891 7302
1295 4199
2663 5734
3928 6914
4117 7309
2586 2424
4126 7317
2607 4436
2258 1573
114 169
2177 1339
3277 5666
1058 3893
626 4891
1164 1959
1260 2078
1282 5526
1191 1993
2280 3855
2301 3885
2217 3736
646 3144
584 925
1449 2404
4018 7096
2409 4095
2205 1491
2020 3357
2391 1973
1292 2125
2218 5291
1688 4705
1516 4599
1082 1836
53 12
225 352
2444 5515
1067 1711
3604 6772
4066 7206
735 3491
2534 5628
3092 5331
2375 4026
4096 7382
2352 3916
2568 2391
3271 6878
1377 2253
1746 4824
2139 3601
3229 6343
603 4884
1666 2763
1660 4670
687 1064
847 1414
1972 5871
2421 4131
1924 3088
3727 6945
1946 3177
3818 6135
3934 6922
1661 4671
3616 7107
861 1405
3679 6451
3734 6525
2941 3409
2709 4546
1265 2084
1188 4061
1336 4252
322 305
4140 7345
1939 4961
814 5159
2406 4089
837 5143
338 3111
447 527
3790 6628
3168 5490
2374 4017
3456 5986
801 3478
286 355
3671 6405
446 3182
2875 5932
3451 5958
3515 6079
2160 3639
558 756
870 1430
3866 6292
3073 6128
722 3281
2105 3488
1663 4746
561 3318
1719 4782
2870 4907
2344 6235
1626 2724
1990 4814
3740 6528
2987 7017
2429 4138
811 1187
2308 3890
2719 4559
2509 4267
1094 1859
2697 5753
1303 5558
1884 3039
1810 2893
2048 5929
977 3685
1637 4723
232 3076
3903 7143
2172 3615
2686 2600
3805 7023
3974 7202
1871 3054
3803 6657
3593 3998
3132 3982
2595 4473
2407 6279
4143 7427
3433 6569
1406 2308
3185 5498
3755 6961
2388 1966
3749 6540
3459 6546
348 500
3030 6623
4147 7364
2904 5967
812 1357
2341 3937
2937 3277
3530 6651
2445 5517
3274 4396
4152 7479
765 5202
2515 5606
3922 6452
560 3241
282 2872
1947 4958
1207 6283
1236 5494
2521 6364
565 3272
2759 4715
281 260
406 3089
2498 5592
4101 7449
775 1276
2572 5665
1143 3997
2128 1283
1573 2551
2620 5720
3570 6216
3366 6510
2510 4272
4215 7466
242 370
3031 3561
3220 5559
3317 6504
3626 6323
531 535
1858 3145
1382 2265
2828 5882
1721 4831
3942 5785
2110 5150
3472 6577
280 2945
2869 4912
1080 1818
2656 4521
498 744
1007 3779
2981 5112
1101 1870
1150 3983
2917 6014
3590 6738
3690 6441
75 20
1849 4834
1299 4211
3269 5660
3464 6012
1630 2737
3733 5789
3059 5263
1798 5853
3602 6263
3492 5010
2084 706
848 1350
2271 3773
1846 3019
1911 3082
661 3394
654 1038
2029 3401
2920 6548
1022 1680
4136 7422
1010 3795
3781 6595
315 2980
3520 6106
2304 6170
1330 2214
521 3195
3870 6787
968 1597
755 1247
395 3048
2260 3718
4168 7410
1866 2987
2849 5903
2720 6517
163 199
3270 4376
1257 2073
2386 4044
1167 1957
1992 729
3842 6721
3629 6329
2527 5612
3848 7069
1469 2409
791 3574
1258 2074
3129 6251
3910 5667
2230 3746
1298 5555
2277 5368
2957 5082
2560 4384
2433 4146
3056 6105
2208 3697
2305 1679
160 263
2561 4385
2012 3245
703 1149
946 3755
1385 4319
988 5336
1462 4483
1359 5603
4236 7553
2150 1328
2887 5886
474 753
2212 1534
2203 3612
3053 5241
3023 6096
1901 3071
1814 2937
725 3541
2366 1912
2010 5951
502 783
3355 5804
778 1329
356 539
1536 2520
2699 2748
4110 7397
2593 4408
3642 6849
3621 6820
170 56
3356 5805
2474 4207
2479 5562
3814 6675
2688 5752
932 1524
4052 6919
2616 5706
2702 4707
3036 5204
906 1467
2589 4413
1620 2664
2229 3760
3517 6081
456 714
759 1257
2122 3582
3157 6255
74 70
2590 4414
4207 7490
489 4810
3024 7007
2288 5358
1912 4879
2337 5386
951 1579
277 4805
3343 6508
3208 6322
1317 2182
619 3133
1710 2851
3849 6740
4115 7460
634 1027
1874 2982
2469 4195
124 151
2031 3333
312 2970
2760 4676
272 384
1434 2359
2032 3334
455 708
3723 5835
2351 3979
2223 3765
470 3126
1225 2027
1203 2004
1937 455
2879 4970
829 6064
1481 2419
335 420
835 1381
2945 6578
3970 6996
469 3179
672 4951
3563 6712
834 5142
3147 5445
4015 7095
1478 2420
4214 7524
3822 7048
2619 2471
536 3207
887 1515
1127 3992
855 1389
3144 5449
353 465
3001 5173
143 2846
2864 5900
930 5229
3514 6594
1416 4350
260 2958
3649 6379
3981 7018
647 3282
3449 5984
1231 5495
2708 5802
1601 4549
2202 3702
1050 3797
2539 4328
171 78
828 5139
3124 6742
1239 2051
985 6146
844 1386
2745 5786
780 3619
4225 7521
839 1438
2691 4543
3668 6397
3050 6099
2711 5830
3505 6080
636 808
1994 3219
4203 7516
1108 1852
1195 4069
2002 4969
757 1183
1981 3135
372 533
3348 5810
2410 6282
265 192
2698 5800
1960 5868
3242 6374
2379 4025
194 216
1914 4798
3060 5265
764 1279
3065 5274
639 872
4201 7528
4078 7356
4038 7321
3316 6478
1066 1791
4067 7209
3987 6674
2985 6037
527 3250
2348 6238
1842 4863
4034 7314
3295 6446
1829 3102
3887 6319
1686 2815
2927 4988
2938 6575
2786 4774
3146 5430
2507 4260
2490 5584
878 1484
1163 1929
924 1520
3411 5862
2294 5389
1095 5399
3800 6091
1568 2575
2291 3868
1539 4523
2610 4435
2124 3589
4148 7435
593 4874
739 1185
663 3209
3951 6501
1281 5521
1818 3010
300 173
3486 6033
2138 6060
3694 6915
3318 4567
3944 6939
3807 7357
2546 4341
1589 2586
2213 5305
3840 7376
1386 5629
2144 3564
686 3484
2313 3881
963 1602
1112 1866
1329 4247
3908 7160
741 1253
2112 3536
902 3754
1488 2435
177 204
2142 1325
1687 2822
1886 3142
150 19
4045 7327
1560 2521
1967 3159
3211 5530
3090 6162
563 844
2390 1972
2752 5838
2143 1326
3345 4735
717 1172
653 3444
3596 6270
1672 4712
448 3208
1961 3181
1113 5438
1715 2949
613 4886
2059 5091
3406 6556
2948 5997
3615 6794
2482 4224
899 3607
1250 2059
3010 6605
954 3660
1428 2363
490 537
4048 7333
942 1565
2290 5343
2439 2088
864 3518
3896 6848
1230 2043
2833 4858
2259 1572
3890 7115
3126 6248
1184 1983
3897 7307
731 1156
3027 5195
2827 5883
96 2908
4113 7305
1122 3896
2800 4786
2505 4265
2075 3392
97 102
2700 4532
294 182
2135 3605
2403 4077
3839 7057
3860 6759
365 444
2975 5080
1509 2474
2830 4835
3336 5780
2802 2855
1498 4454
98 103
3287 5685
63 80
1698 2839
792 1355
3383 5855
1867 3138
2924 3352
1883 4935
716 5992
1612 2719
2873 4925
2450 6320
1817 3012
1705 2850
1405 2307
652 3230
1665 2797
700 720
1943 3105
3482 6965
2025 5002
1121 3987
2102 5154
3534 6095
3455 6600
508 743
2823 5895
2159 3638
3793 6640
2442 4167
497 682
2824 5896
1853 5884
2557 4365
4124 7415
1086 1739
3437 5954
2006 648
2430 5505
2335 1778
3977 7221
3070 5303
581 5907
2716 4652
2604 4432
771 1331
3827 6696
599 3354
797 1370
66 97
336 435
783 1212
2551 2349
2046 5953
2209 1399
698 5066
1690 2766
982 3689
1953 3279
4039 7150
1118 1865
2710 2624
1549 4644
2152 5236
2947 3360
986 5330
3165 6769
551 814
546 840
1187 1992
3484 6032
1451 2408
2076 1050
1397 2288
4020 7100
633 3358
904 6112
3672 6869
2005 4982
2968 5111
2665 4525
2633 5739
3638 6843
1986 4967
181 2976
3601 6277
2427 6789
3677 6416
1505 2488
2910 5019
637 823
4178 7514
2000 5866
3543 6691
270 427
4179 7372
481 745
1371 4290
662 1005
157 2907
3924 6468
2629 4458
2186 3662
972 5257
767 1304
2859 4941
1314 4223
974 1518
2851 5912
3061 5280
1048 1748
768 1305
1632 2670
4035 7144
744 3505
2623 2489
4089 7237
4077 7473
324 210
1872 3119
3812 7031
3043 6090
3475 6611
1799 4873
2372 4007
3016 3547
3855 7077
2191 3659
2600 2445
1209 2006
1136 5411
635 1034
509 789
4141 7346
3156 5472
3078 5325
2892 4945
2402 1986
1197 2002
1228 2034
832 5138
1736 2842
4111 7398
2077 5087
4060 7191
108 148
4001 7072
1020 1660
2742 2683
2542 2328
2250 6124
530 3319
957 3723
2220 1553
1533 4456
2573 5664
256 351
1234 2041
3707 6472
1616 2625
2272 5337
3853 7066
120 45
3873 6790
1782 2985
2397 4058
2255 3714
2449 5523
2170 6057
400 475
3499 6068
466 631
2357 4008
3152 5461
3100 5365
1720 4783
3919 6900
135 69
1919 3117
3153 5462
3313 5754
1988 5845
1497 2457
3623 7114
3619 7113
2166 3584
2062 3343
2039 6557
552 815
3164 5479
1847 3018
883 3545
1876 4900
3003 6069
2118 3537
358 3185
228 2974
2109 6011
332 361
1186 1990
1996 3254
2319 3888
809 1335
3524 6102
4050 7170
2154 3608
2769 4750
3500 5153
830 6066
2228 3752
473 752
816 1262
1131 1904
1165 5466
3774 5923
488 460
404 549
3904 7157
2896 5936
1458 2397
2204 3595
2214 3747
505 3293
2309 3880
2104 5157
2998 6077
3565 6692
3659 6387
3281 5713
673 963
4011 7277
618 926
3120 5414
2068 5085
