1570 2464
1340 4162
1985 4901
328 2988
3347 5713
956 3671
1215 1925
1828 2957
3294 6387
3307 6417
4112 7310
260 2933
1991 4926
2722 4523
1038 1631
103 58
4140 7263
1413 4269
1060 3761
3172 3999
1242 1955
1674 2641
906 1397
2902 4902
3231 5496
3735 6869
4103 6993
2801 4733
3866 6242
1132 1812
662 946
1814 2900
2296 3773
534 736
2896 5914
2465 4116
2667 4460
1076 1749
1827 4741
2890 4867
1183 1873
1919 3091
3410 5812
1032 1634
1161 1821
364 386
3029 5152
1620 2587
3087 5252
1433 2254
1968 3039
3492 4987
903 1428
229 2945
369 427
2605 4365
1189 1884
947 1478
1500 2358
1664 4612
4189 7389
410 4717
2323 3787
3102 3740
2475 4138
503 646
2424 4039
2685 4489
1879 3078
2527 4237
2321 3841
1323 4147
1096 1734
3941 7083
1047 1662
3755 6882
1376 4212
2065 4978
523 3160
3061 5209
1802 2944
1143 3911
3250 6338
1108 1771
3822 6947
4227 7384
2934 5922
238 2844
3645 6313
3097 5289
1929 4751
3404 6490
3175 4000
3914 7060
1303 5476
2127 1151
2536 2220
1588 2493
535 668
2188 5183
2088 4966
3161 5389
894 1387
3108 6662
276 374
3073 6091
1848 3042
552 768
2508 4192
3150 5382
605 3222
828 3441
994 3759
2212 3667
603 4892
914 1436
2441 6265
4099 7296
3480 5992
1011 1606
831 1292
2200 5145
4041 7064
3748 6481
2249 3711
1715 2864
2306 3784
3500 5091
2354 3900
2593 4350
3854 6678
2633 5654
2656 4443
2297 3808
2148 3491
2827 5837
3193 6716
1470 5620
3238 6310
1624 2619
3189 6246
3395 6475
430 570
3270 5568
760 3496
1809 4647
2996 5009
1138 3851
1522 4388
212 2816
1872 3072
1359 4194
2865 5895
2140 5089
3383 5811
1972 4811
3594 6679
4144 7345
2753 4572
3540 7145
2791 4651
38 2788
2225 6084
721 1055
1046 3764
3679 6389
11 69
2525 4244
1207 5391
1538 4436
3883 7012
1066 1704
1997 5862
3148 6218
2839 5777
4142 7265
2510 4198
210 253
3993 7164
3882 6725
844 1310
634 3378
2643 2442
2823 5850
3908 7059
3819 6619
1782 2936
3292 5615
2824 5851
3323 5686
2068 3330
3142 6216
1328 2106
1808 4738
62 2832
4193 7394
1676 2661
1176 1870
1752 4737
2555 4301
3913 6804
412 3059
3392 6509
2416 4029
1347 2129
444 4750
4194 7395
3445 5915
673 913
1113 3889
4210 7451
1552 2435
1831 5780
1445 4313
945 3644
2066 3307
2573 5582
3165 6693
3815 6933
1455 2331
17 2743
61 16
1835 4654
561 3262
1742 4691
1332 2118
1701 2753
271 201
4008 6990
2030 5916
2005 4933
3489 6909
1589 2489
3576 6177
1536 2416
1637 4593
1961 3148
2836 5854
3804 6927
3491 5996
2098 3443
2248 3641
1371 4210
517 3003
3936 6844
1977 3190
1364 2161
3339 6865
636 802
920 3648
923 1486
295 376
1366 2165
666 3387
1979 3167
346 275
1177 3982
3525 6072
1688 4597
2635 5638
1566 2577
1650 4615
1936 3132
793 1266
1286 2018
3064 3601
388 560
824 1279
33 36
2386 3960
113 161
3012 6052
458 4940
1299 4102
4136 7339
3015 6001
10 30
3603 6231
2521 6312
2124 3507
652 3250
2908 5934
3690 6384
1866 2979
627 3139
2596 4392
1070 1717
3155 6201
3516 6047
1377 2163
2170 5111
3653 5541
3487 6902
2223 3686
472 631
3501 5092
657 970
1040 3799
283 2922
2044 5948
307 277
3442 6491
821 3439
1121 3897
3233 5513
2008 4953
2578 5586
3047 5154
2816 4732
622 3292
1368 4199
600 652
3625 6741
4214 7455
1349 4171
77 21
3312 5696
53 72
3386 5815
1811 4753
3626 6742
1713 2766
2876 4885
1003 1603
687 984
761 1150
2959 5983
2392 1869
3350 6461
3131 5357
3228 5486
2057 3326
2483 4150
1874 2981
2737 4576
873 1400
3979 6921
278 2997
102 2715
3958 6878
339 2794
3928 7071
3963 7100
2347 3876
181 209
4216 7430
2149 3505
162 227
616 682
1572 5695
3411 5830
2290 5264
213 85
1276 2012
880 5149
4033 7045
281 320
98 152
201 67
780 3537
1307 2078
230 2958
397 575
1670 2637
1707 2759
872 1386
379 2837
1116 3832
4133 7258
2408 5409
2637 4446
1295 4100
3844 7179
2524 5535
2862 5848
3013 3461
3074 6097
2606 4360
2923 3278
1410 4298
2099 5083
1564 2463
2973 6015
2132 3520
820 1307
2924 3279
715 5024
2473 4133
3321 5683
3569 6164
2557 4303
3781 6547
4026 7011
3526 6601
2673 5671
1146 1807
573 3308
2023 3309
1354 4175
3434 4812
3229 6300
2745 5705
2693 4561
3984 6930
2579 4335
3823 6608
208 2740
3070 5223
1438 2263
349 2776
6 22
2085 4999
953 3607
3723 6458
3103 3739
86 128
3420 6508
2501 6304
3215 5469
2724 4541
365 454
3032 6071
2858 4807
792 1259
3976 6912
3079 5238
2948 5969
2410 6234
987 3767
149 74
1657 4616
2318 3814
1005 1556
3226 5485
1567 2580
1283 5440
1743 4679
1632 2598
888 1421
4109 7306
460 606
1181 3925
585 4868
2333 3859
2533 4254
30 57
3865 6702
2953 6528
868 1328
48 2713
2925 4852
264 2711
2117 5044
2205 1410
2202 3614
4131 7336
3327 2569
3183 5416
2355 3894
1745 4724
1865 2863
4130 7068
1247 1956
3560 6117
3619 7015
1313 4123
1239 1953
1948 3175
2783 4716
2899 3171
2698 5708
1550 2517
2390 3976
1542 2410
2387 3972
26 5
4222 7460
502 725
122 97
381 558
392 421
3820 6934
2271 3716
3767 7093
595 819
3452 5946
2082 3381
2470 4126
3553 6112
205 219
538 677
1813 2833
420 3016
995 1595
2583 4337
2769 4623
3668 6345
2282 3765
1454 2304
1326 5483
2072 876
1188 3980
1473 2318
3710 6422
3282 5628
4084 7278
1127 1787
558 726
2975 5035
1793 2951
1375 5518
990 3692
1515 2425
772 1187
2671 4473
1184 3983
1398 2189
2156 3528
1864 4699
3351 6462
2482 4148
2566 4319
842 1303
2861 4834
1061 1687
1824 4669
2382 5381
2961 6534
4158 7368
3297 5639
2010 5927
186 2721
3896 6763
1509 2373
163 228
21 0
796 1195
1841 3015
3132 3895
778 1230
2921 5941
491 588
2263 3713
1746 4755
2689 4504
4211 7388
2485 6293
2235 5221
2850 5831
1714 2754
219 4726
4134 7260
131 191
781 3539
3842 6650
3046 5170
1719 4713
3918 7067
2847 4864
1195 1883
4146 7403
150 102
1484 2333
245 331
4167 7382
3765 7092
1599 4563
2872 4873
2222 1416
2173 3563
4147 7280
2548 4290
1698 2791
3757 6880
1612 4542
830 5120
3275 5592
2549 4291
3498 6032
3409 6492
1298 5455
1488 2344
2699 4570
3377 5801
3402 6479
532 756
3502 6035
3678 6380
2807 4776
2261 3703
2293 5303
2920 5880
577 800
2660 6835
4053 7079
1498 4379
2930 5001
1681 4620
533 757
934 1490
1074 1706
3022 5131
3506 6022
4068 7105
461 5843
516 2973
2480 4149
3177 6995
3092 5246
3217 5471
1285 4089
3206 6739
39 2805
1709 2717
391 3110
2315 6141
242 364
1625 4530
467 3236
2266 3722
1443 2282
3425 5904
3589 6174
2337 5308
1231 4017
1862 4684
3160 3955
2747 4601
583 823
2544 4277
2227 3680
3885 7018
4175 7401
3364 5742
3977 7133
1268 2009
495 3168
357 456
4083 7137
788 5101
216 33
1975 3149
1041 1643
4017 7201
2123 3509
1555 4515
2757 5737
351 62
16 2718
861 1331
393 452
3791 7125
3705 6410
1274 4072
1057 1660
3880 6263
487 617
188 2921
1294 4105
3209 5452
197 313
1334 2117
2589 4348
2572 5583
3523 7141
3030 6581
2798 5765
3698 6403
2571 6359
2559 5566
3247 5538
3140 5362
3931 6829
3331 6438
2457 5456
694 3261
3116 6183
3691 6821
3760 6523
2384 1854
2152 5171
4079 7121
2061 3335
3034 6591
3407 6511
1306 4130
2034 3251
2770 4630
3328 5698
4119 7315
1267 2002
818 1289
387 530
2491 4161
2532 4253
712 1033
2523 4235
589 3289
2787 4722
4115 7313
2035 4925
2705 4501
1578 2450
2037 5019
3843 7171
1053 1676
681 1012
114 199
2995 5063
1233 1943
147 221
331 330
274 192
2335 3840
2831 5858
2196 3587
1250 1962
498 701
3429 5892
1722 4640
158 105
277 4762
1819 4830
2799 6482
941 3585
2986 5087
345 2769
2550 4294
1191 1888
3837 7165
1970 3202
2396 5390
3059 5201
4021 7008
2431 1959
3709 6416
1735 2793
885 3574
1187 1885
2095 5008
1156 1826
814 5129
2211 3647
3008 6577
1587 4467
1198 3968
4025 7013
190 154
2919 3211
3893 6288
2207 5158
1905 3159
31 2790
2928 4931
3239 4213
3152 5370
3200 5447
1477 2339
3925 6409
207 4727
1873 3080
901 6087
1400 2195
1890 4826
567 784
101 2852
3777 6895
3388 5822
185 2861
2492 4166
539 3007
3389 5823
4044 7242
1749 2797
4198 7424
739 1106
97 153
3476 5961
3216 5478
3807 7139
3955 6874
3796 7124
3291 6386
3816 7150
2041 3268
4141 7264
290 2931
3558 6640
2045 3322
490 589
2366 1819
209 252
2947 5018
2551 4293
3075 5198
215 2948
5 11
3337 4545
829 5119
433 4801
629 804
2216 3596
2888 4809
2785 4688
881 1355
2646 4431
1080 1731
3725 5731
3414 5867
1513 2391
3456 5952
2126 6036
2191 1332
79 2734
3973 6906
1925 3073
1617 2566
1006 3781
333 3024
1202 1900
664 3267
1682 2677
529 595
684 980
4060 7096
2476 4140
2112 5128
1036 1647
4030 7031
2298 5310
72 2735
2971 3379
917 1429
1733 2796
2958 5936
2895 3181
1582 2480
284 197
2091 5080
272 3055
484 3170
555 747
3093 5256
3348 5741
1370 4209
631 3338
4159 7371
1939 4906
247 370
1346 5489
1974 3162
1314 4144
779 3434
3426 6486
789 3488
2499 4176
3808 6602
991 3728
2468 4113
135 137
639 841
632 905
2158 3469
3995 7168
804 1130
1882 4829
2500 5501
528 3214
767 3524
1130 3908
1998 3270
2552 2251
584 831
594 3305
2781 4709
145 65
3237 5516
2451 4091
3834 7156
1362 2154
2218 5218
1237 4037
3825 6107
440 419
1439 2265
4191 7396
1163 1832
913 1465
25 50
1450 2302
1067 1633
1193 1889
4192 7397
927 5215
3715 6430
4157 7436
373 2800
2627 4390
2780 2746
1087 1748
3905 7041
4046 7253
910 3630
1810 2882
1967 3134
1926 3164
3615 6710
3310 6421
3712 6848
1945 3140
3980 7134
9 2726
1539 4433
3127 6180
1043 1637
2840 5839
71 186
3170 5399
3875 6711
1946 3141
1205 1911
834 3446
3002 6038
602 874
3600 6220
3583 6169
3459 6516
3766 7090
20 82
244 2902
2345 3878
1649 5753
937 3581
123 183
1680 4627
3616 7006
1629 2592
1201 4014
3145 6977
2998 5100
748 3398
1078 1753
3597 6222
2915 4958
2943 4969
750 3376
361 4710
2128 3511
765 5142
4173 7402
1079 1754
223 4653
69 76
4185 7379
41 127
3535 6611
889 3573
446 3145
949 1435
997 1598
2632 2528
407 536
3559 6125
609 843
2280 3786
2236 3673
2316 3828
368 352
1315 4137
3529 6070
770 1134
352 458
1646 4566
3360 5718
3666 6784
610 844
2292 5304
413 3060
2929 5002
3779 6549
1553 2436
3418 6876
2565 5576
2394 5395
408 3118
4163 7302
398 2848
1673 2645
4166 7309
663 3248
1663 4617
1093 3871
3421 4871
3643 6769
121 2802
575 3291
531 603
2694 4478
554 789
2994 6020
3817 6090
3862 6696
1881 4715
3381 5792
1886 3094
2102 5103
2434 4058
1984 3199
1954 4876
1465 2295
148 73
3474 6556
1525 4425
551 767
3396 5827
960 1503
3159 3956
338 3068
2423 5423
3220 5480
1466 4353
2966 5058
3809 6603
860 1254
3874 6712
1421 2233
740 1038
4029 7217
2118 1091
2891 4888
3185 5420
2773 4585
3800 6592
1029 1656
1934 4740
250 172
714 1108
676 910
3768 6504
1692 2729
1684 4582
318 4745
4104 7197
3016 3465
1230 1947
1867 3082
1325 2103
2913 4956
2311 3816
1604 2538
4020 7203
3534 6067
2789 4678
3191 5428
3826 6632
3950 7081
2833 4791
3773 6531
3431 6519
2018 787
3063 5200
2779 4668
3049 5151
4052 6838
2490 5487
3232 6758
926 1462
3957 7270
439 594
521 3178
1024 1628
1474 2321
1565 2446
45 99
2580 4334
2808 5799
3218 6279
3106 5293
228 2946
3629 6284
1232 4036
1021 5305
615 670
1134 3843
4118 7228
2281 3715
3376 6478
3366 6460
2981 5064
4078 7122
2558 4306
1906 4700
1273 2005
648 871
4088 7153
543 671
2542 4267
1571 2465
3023 6058
3728 6854
565 700
2312 3806
2619 2380
924 1438
856 1313
173 2710
734 1029
1846 2991
2324 3795
3146 5353
2991 5077
592 828
3903 7040
3563 6645
3203 6738
2012 3215
3357 5721
3985 7365
1708 4635
1452 2288
37 59
3840 7160
2768 5727
2244 3701
795 1269
4125 7325
3117 6959
285 241
921 3685
2512 4201
3546 6624
1521 4395
3503 6031
2303 3779
3954 7084
1385 4231
2513 4202
1767 4644
1051 3754
3565 6630
569 624
70 2775
904 6078
2342 3853
4186 7381
1912 4840
940 3586
3608 6237
3651 6333
2601 4355
857 1330
2048 5925
2073 3333
1863 4672
1223 4018
3449 5942
570 3274
4197 7471
826 3551
1468 2335
4205 7461
3318 5682
4208 7444
2528 4234
3224 6287
3129 6199
2301 3807
1621 2588
1133 1797
3638 6752
3981 6922
1430 2249
170 134
931 1442
2944 4979
3478 6553
922 1433
2174 5116
1287 5436
2322 3842
1117 3875
3 41
296 2756
1591 2490
3479 6554
2001 492
2746 5706
3050 6069
3488 5964
273 2875
883 3527
3320 6433
2574 4333
3403 5794
3724 6459
4181 7446
2750 4602
3005 6003
2432 5429
2674 4455
1459 2290
3530 6594
2404 6228
3648 6318
2531 4252
2666 6418
2319 5316
42 78
2600 2346
2954 4950
2999 5093
1619 2621
710 1078
3884 7016
3982 6935
3901 6778
1226 1936
3000 5094
2955 4951
1317 2088
705 826
1953 3210
1775 2904
1401 2204
1544 2441
1505 2377
1318 2089
955 1497
2348 5330
4032 7233
2884 4806
2265 3676
3101 5281
3953 6864
2825 4712
256 359
1689 2689
1856 5781
4100 7299
1436 2307
312 2963
3355 5732
2135 3526
189 111
3607 6239
4090 7284
3514 5994
1659 2687
2365 3916
4036 7057
3470 6538
87 60
728 5033
43 20
3482 6524
3505 6039
3308 5649
3363 6471
44 34
2389 5385
1951 3192
625 932
2374 3936
2692 4562
3524 6063
979 1481
3253 5550
1702 2739
1952 3193
707 1018
3037 5172
2288 5279
1656 2666
817 1263
1192 1895
3948 6872
2184 5126
75 88
4151 7357
4129 7247
2625 4387
104 2807
599 3297
1372 2170
1048 1666
2459 6273
3440 5870
559 797
2162 3510
3272 6358
1054 1680
738 1103
4162 7416
541 697
2764 4588
2241 5228
2031 3280
2860 4844
2628 4399
1636 4584
525 660
522 597
1693 12
1153 1837
2032 3281
3246 6774
1610 2573
3362 5756
1269 5441
2247 1469
2553 4295
2371 5341
3118 5318
4034 7234
2842 4862
2518 5526
3428 5891
540 755
3623 7020
2494 5494
1104 3797
3628 7214
1640 4558
1665 4614
3595 5361
73 81
3570 6167
2761 5746
2171 3541
810 1276
562 3263
3343 6451
2644 4461
3926 6849
3194 6715
3271 6795
334 299
3316 6428
3688 6813
3805 6928
1194 3997
2221 5203
3669 6790
481 696
1109 1770
399 2847
2623 5617
1367 2166
1123 1788
2730 4549
841 1325
2373 3940
3924 6408
2868 5826
1405 2213
3999 6677
3387 6480
720 3369
474 698
2204 3553
1423 2238
620 685
1876 4843
2305 3780
4057 7267
3900 6776
406 3074
1535 4509
3944 6852
1790 2916
1523 2513
252 2886
3610 6240
909 3589
4077 7347
1342 5493
1311 2083
4013 7193
1004 3747
174 2815
3293 5614
741 3489
3622 7021
3088 6093
4120 7224
1822 5763
1718 2803
967 3675
3550 3649
2603 5633
2887 4808
777 3388
3649 6332
2830 4774
3483 6525
1723 2812
4188 7390
2138 5105
1330 2115
1429 4299
1507 2364
303 3052
1462 2383
1246 4052
1574 4423
2820 4767
3268 6373
243 360
4067 7103
2462 5464
3027 5135
1501 2361
2096 5040
1633 4557
411 2879
305 387
1601 4485
2843 5775
3693 6824
3009 5049
3056 6076
3591 6673
2429 4047
704 991
1519 6426
2676 4454
2900 4934
2215 3660
1583 4495
2267 1431
1732 2795
2020 3286
870 1352
3336 5703
1537 2427
3493 5978
2433 5433
2641 4418
2317 3789
3839 6955
977 3631
232 3022
2841 4793
2759 4598
110 4675
455 655
130 190
2957 5028
1631 2599
1932 3177
161 120
1288 2023
2336 6168
2087 3412
2775 4604
505 3233
1653 2680
1603 2539
784 3548
3507 6555
1071 1716
488 517
642 921
2338 3849
1786 2899
1982 3235
1740 4667
1904 3104
507 587
3542 6621
2665 4458
2418 4031
2013 5868
3829 6637
1023 1629
2604 4364
2453 5446
3285 5607
1084 3858
686 3401
2359 1791
3606 6238
2052 4891
978 1559
2160 3560
3068 6096
513 4790
4204 7367
948 1482
287 231
993 1557
2802 2831
3265 6352
1896 4832
2832 4758
1297 6275
80 91
2039 5902
2680 4556
2620 5635
1963 2930
2838 4769
1514 2426
1635 2635
1086 1664
353 468
1829 3045
340 2798
3374 5784
2990 5078
480 3223
4176 7426
581 4884
1095 5324
619 581
3730 6448
2350 1766
4037 7049
2250 5189
3778 6527
1914 4781
2229 3679
2310 3809
1190 3938
1895 4718
1417 2231
4153 7282
837 3452
911 3572
1100 3891
3803 6597
2546 4281
604 3311
1917 3166
3311 5667
986 5250
1165 5376
1420 2237
1173 1863
2053 5017
2182 5185
4069 7342
1 1
2083 3382
3775 6533
3650 6334
3596 6221
2771 5759
4096 7295
2471 4127
2414 5398
324 304
668 975
1092 1715
2314 3819
1167 1858
1467 2336
1902 3102
716 5023
973 1549
3241 5524
1289 2029
961 3719
1058 3815
3677 6377
1335 2122
2760 4577
3120 5332
1088 1767
1964 4936
1256 4061
3858 6974
2084 3282
1554 4525
457 540
3040 6073
3642 6761
1497 2354
3424 5802
877 3512
3696 6407
878 1398
752 5065
3917 6811
1203 1902
3636 6294
3214 6277
3630 6286
194 248
2734 4555
2700 4486
3922 6395
2670 4506
1491 2352
1221 4025
2393 5394
2829 5783
1510 5659
2659 2541
1549 4518
736 1125
2616 5631
3003 6037
2863 5871
3147 6211
1887 4687
968 1510
2422 6256
2420 1941
1260 1994
3080 6099
958 1501
893 5162
713 1082
2286 3782
1045 1578
755 1167
1694 4663
1888 4858
3038 5157
1690 2683
1600 2532
582 3108
959 1502
4148 7359
2028 3300
404 553
3099 5296
2984 5079
2755 5748
1791 4719
706 3319
4006 6982
1869 5857
886 1425
970 1517
1669 4595
405 554
4170 7386
335 432
786 1265
1085 1649
2006 3216
2609 4368
938 1489
1532 2451
2289 5244
682 3239
3141 6188
1529 2522
3792 7128
2278 3777
822 3442
202 2866
96 2862
1704 4646
3188 6997
2069 3390
1333 2114
1251 1972
2878 4880
4202 7459
4203 7440
3738 6466
802 1133
3573 6669
3283 6383
3137 5339
2556 2258
15 2719
378 2914
3025 6054
253 260
401 2822
2464 5467
2327 3847
222 357
1222 5403
966 1443
323 2889
3877 7205
1098 1677
3867 6701
2017 3283
309 5797
2183 5127
3261 5559
3789 6567
3527 6926
3592 6196
3081 6118
1921 4866
2042 3312
1336 4160
659 3350
564 3096
3818 6089
2932 5945
4070 7118
2708 5712
665 3299
1726 2901
1458 2294
2147 6048
1052 1645
3772 6522
3186 6247
298 4660
3770 7094
7 45
651 3340
3446 5911
291 4636
3727 6861
3277 5588
2116 3471
907 1449
3909 7056
655 746
2881 4882
4107 7202
2786 4708
2859 4872
4011 7194
1798 5819
3371 5755
1050 3753
2358 3856
2308 3812
2653 4415
301 247
1447 4370
4040 7063
1277 4078
2341 3852
93 2716
2122 3486
2554 4296
2590 4349
1613 2559
3538 6617
2060 703
1580 2471
2599 2332
4019 7002
3759 6496
200 215
2007 4952
1009 1610
1915 5821
1389 2179
1151 3861
1090 1745
2015 3229
2062 3302
3684 6810
2987 6918
3671 6353
1923 3077
674 966
3657 6342
3776 6545
1847 2990
1492 2353
568 811
496 315
1353 4177
1293 4108
3098 5260
618 859
1217 1918
3927 6826
2826 4824
3306 5656
3694 6828
3632 6289
2821 4648
282 2885
1911 3067
3552 6625
591 719
2495 6302
2874 6485
3895 6295
590 3290
847 1333
1442 2274
156 2810
2437 4063
3182 5413
1499 4366
1711 4673
1220 1926
1031 1648
832 3445
1679 2695
1697 2782
1695 4665
1064 3845
1112 1784
756 1075
1771 2855
4231 7452
348 496
3572 6663
4200 7431
3167 5405
851 1364
1255 1966
1266 4064
3176 4007
1281 4074
111 2786
3801 6593
637 813
3701 6399
251 173
3539 6616
698 5041
14 14
3109 5290
2651 4437
3065 5208
1486 2337
2515 5522
2972 6014
2043 4989
2275 3723
2154 5161
1762 4746
2837 5788
2912 5866
3299 6414
3814 6614
1437 4304
12 2779
608 837
1382 2172
742 3343
3681 6381
835 1300
757 1114
722 3321
519 658
1461 4332
3375 5798
4009 6988
1027 3788
3251 5542
1373 4203
4128 7240
548 772
2110 5102
695 3260
3153 5371
2647 5647
1573 4424
485 2947
1240 4041
3090 6123
2428 4048
1966 3152
382 4706
3821 6946
1754 4650
3740 6870
261 26
3006 5985
1942 4743
49 2804
3437 5921
2709 4505
3864 6700
3041 5155
3095 5237
3774 5905
4161 7413
4138 7337
1457 2292
1493 4361
1069 1621
293 271
2025 4960
2014 3219
4168 7320
1897 4842
417 383
848 1286
3168 5404
2142 3532
1402 2211
294 272
4051 7249
1913 3107
483 710
3998 6969
2866 5907
2143 3533
471 650
1243 6250
4228 7447
628 858
2498 5502
630 805
1839 4779
235 3038
3741 6858
358 3129
499 702
3587 6680
332 382
2370 5340
3451 5923
3528 6607
2395 6224
1781 4677
1971 3201
1476 4396
2285 3766
459 2942
1800 2883
2401 5373
426 4761
3144 5364
2445 5437
2242 5241
2254 5245
1140 1804
899 1282
3733 5717
1126 1786
24 10
3686 6812
2334 5297
3406 6506
2517 4221
2631 2409
1166 1865
601 806
129 13
2209 1337
3110 6154
4047 7078
661 3344
2817 4783
2851 5873
1355 5503
258 2926
2983 6011
1357 5508
3537 6081
1227 4010
1292 2046
3358 5719
2456 5457
2541 4270
1118 1783
4065 7102
1083 1751
1845 4818
1059 1678
989 1511
1180 1856
2519 4229
3722 6443
3602 6215
2383 3951
3054 6596
1861 4685
3989 6945
2949 5010
3164 5392
1065 1701
3333 4539
1411 4268
3481 6569
544 3227
2375 3944
330 368
626 3137
2800 4728
2710 2565
2070 4963
4232 7454
545 3228
22 29
2595 4391
768 3525
34 4676
764 1189
846 1315
1789 2915
3157 6204
653 3377
971 3752
2466 4115
1319 2095
985 6109
2904 5935
1618 2581
1415 4280
4117 7225
724 1030
2652 2455
3987 6613
4172 7400
3058 5193
233 371
1020 1581
211 2971
3432 6894
623 3288
1451 2300
3382 5808
2329 3793
512 739
3340 6446
3111 5322
697 998
3028 5137
3135 5335
3036 5146
1309 4134
1316 4141
919 3568
2752 5754
1976 4889
1506 2363
146 118
3848 6964
546 778
2165 3538
596 799
1731 2829
2435 6267
1541 4411
2363 3924
984 5222
2294 5306
1783 4634
2968 5053
547 779
1265 1999
3806 6931
500 721
3541 6085
236 2841
119 2731
3330 4534
2867 4881
556 3051
2377 3948
3460 6517
675 977
890 1376
2351 3885
360 4689
1981 3127
1119 1793
1930 5875
469 537
633 3318
2233 1440
1241 1952
1055 1681
3184 5417
1321 2094
1639 4587
3486 6002
1235 1946
974 1468
2101 5011
1804 4795
1556 2571
571 781
763 1162
1035 5287
3455 6546
1764 4748
1531 2452
2618 4469
23 43
2663 5662
3325 5685
3672 6787
2203 3557
92 2828
4213 7453
1395 2201
3130 6202
1304 4121
1851 4682
1910 4744
3737 6467
2702 4575
4024 7009
1899 3101
3716 7262
3510 6566
2952 5967
2879 4907
1248 4051
2669 5693
1152 3860
2159 3559
3373 5774
557 706
1630 4571
1729 2826
1154 3869
2645 4462
1598 2500
1647 2628
1464 2320
2682 5701
3788 6568
1170 3969
855 1314
3704 5663
836 1338
3762 7097
269 280
2486 4156
4101 7375
2260 3656
2130 3476
3915 7244
3855 6976
1760 46
225 353
3001 5118
2193 3582
1446 4354
506 552
4235 7398
2251 3684
451 3163
300 256
1044 3745
431 2857
3923 7077
4215 7393
3793 6582
3904 7052
3968 6898
3484 5999
2903 4943
624 3304
1018 1609
2989 5057
1868 6505
1131 1813
864 3483
1884 3021
1419 2235
3296 6404
1575 2456
806 1185
797 1275
3745 6468
171 151
2291 3794
4087 7279
1655 4606
801 3436
597 822
3439 5909
448 577
1103 1777
395 3044
120 103
2328 5309
3281 5627
3245 2221
1937 3124
1823 5764
418 477
1741 2856
3609 6241
1788 4704
270 409
2658 4529
315 2969
1527 2526
679 922
1329 4151
221 344
574 794
1812 4754
1878 3079
1528 2527
2190 5138
1352 4178
699 1007
84 2787
3444 6498
1891 4825
1581 4537
2003 4955
2076 963
2870 4855
560 3220
3096 6643
2059 5036
2662 4435
2206 5160
2677 4484
342 429
380 5842
1356 5507
2564 4321
3618 6714
302 3006
292 171
475 569
445 563
2109 5037
1685 2704
1282 5442
1214 1924
2591 5589
2 6
2352 1693
1204 4013
3783 6541
790 1117
2016 4954
4045 7246
2220 3681
336 436
2630 4408
2497 4183
3067 6941
2963 6550
367 541
1516 4470
2714 4520
2997 3395
432 3150
2845 4835
3052 5181
337 437
640 872
869 1238
82 170
1840 4778
950 1496
2691 4491
4016 6999
3126 6197
1586 2482
2882 4911
983 1541
2279 3735
478 490
2941 5038
4 4641
4050 7074
2113 3430
4177 7406
943 1454
257 4643
2472 4132
2407 5383
672 3231
1947 4905
2945 5937
746 1178
3697 6405
363 4721
383 3032
1658 2688
758 1193
3633 6291
2238 5239
2257 3699
240 335
3227 6299
8 15
3207 6271
2648 4422
2481 4146
268 202
2026 5004
3441 6886
813 1281
2675 4456
3020 5132
3464 5970
946 3683
530 724
825 1301
863 1346
4039 7053
3992 6950
2504 4186
2530 2203
3173 5400
279 52
3869 6705
4124 7327
2909 4941
377 396
2029 840
807 1231
1145 3919
2326 3829
2460 5445
3564 6646
2077 5045
3263 6350
297 4659
1262 1973
2426 1950
3951 6859
3353 5724
3947 6856
1770 5800
2629 4404
299 366
1412 2229
3361 5757
267 2850
1148 1833
2161 3470
1815 5771
226 2890
580 825
536 3195
3169 5407
1042 1646
3835 6641
2776 4611
1056 3811
3997 7178
3356 5733
1826 5769
3472 6535
3990 7159
1526 2448
2153 3552
2718 4547
3543 6627
3134 3854
3367 5752
3496 6027
2875 5901
4108 7212
4113 7220
1164 1860
497 662
1880 3053
2594 5625
89 110
1361 2153
3621 6736
3876 6258
3667 6346
2353 3882
2661 5660
3400 5785
2782 4705
3571 6171
304 2938
2246 3694
963 1520
2539 4264
1394 2187
3521 6066
4152 7358
1686 2697
1257 1985
3713 6432
1137 3850
3831 7162
1962 4919
723 1081
2136 1209
1030 1644
1778 224
1844 4819
1258 1986
2731 4554
3675 5578
3269 5572
2268 6634
731 1073
4076 7123
1779 225
3873 7001
2964 5990
2234 5236
3197 6727
2813 6488
1557 4510
320 416
386 356
840 1351
1520 2393
3017 5112
1724 4639
3305 5664
2187 3468
1696 2781
2287 3783
4199 7425
1978 4939
3838 6956
1022 1596
845 1316
3139 6208
4224 7465
2210 1394
473 699
1660 4573
4082 7273
2885 4805
897 1417
693 3435
1852 2849
1448 2289
1425 2242
646 3194
1983 4973
1661 4574
905 3569
1019 1616
2657 4442
3971 7343
2762 5722
930 3578
1434 2256
3655 5545
124 187
4179 7369
2409 4009
550 695
2610 4369
3465 5962
2133 3472
2379 3943
2106 5073
3219 6283
2274 3682
2626 4384
2047 728
791 3506
647 3273
3048 5136
3658 6343
177 238
3761 6892
1033 3796
1898 4863
1270 4076
1209 1909
3345 5751
1162 3877
2985 6009
935 5205
1540 4412
2725 4528
3856 7180
1563 2478
4007 6989
972 3613
2214 3661
85 2876
1225 1930
447 557
677 976
1228 1937
18 54
465 559
2916 5933
1854 3057
1993 3238
1179 1831
1568 2467
220 3011
3991 7151
2300 3792
2766 4605
306 2714
1855 3058
3335 5704
2427 6243
2232 1441
823 1278
234 2984
4001 6971
3624 5449
3994 7163
4221 7437
2064 723
2443 4079
1643 4610
3014 6000
3007 6051
643 948
454 656
3082 6108
838 1306
2067 3384
1007 3727
3467 5939
1407 2250
3699 6400
3670 6782
456 663
2406 4002
1548 2424
988 5254
3201 5443
689 1000
1994 3197
3324 5689
3178 6698
2177 1262
3236 6766
2325 3836
1602 4552
2893 5894
2917 5971
3613 6251
2748 5749
2141 5134
2172 3540
3586 6182
3513 6570
3453 5928
3644 6768
2385 1855
494 3252
1016 1623
1703 2755
3754 6510
2163 5176
3244 6326
650 4942
1909 3119
4086 7149
4097 7176
2587 4351
3208 6274
50 84
2259 3705
2021 3287
259 2932
3536 6080
4035 7042
3461 6884
3171 3998
157 2878
4111 7308
3274 5579
1716 2881
1950 5917
3734 6868
2687 4474
703 1059
2720 6452
660 962
524 3203
1938 3182
2668 5679
3714 6437
656 981
3332 4538
3584 6170
514 730
3430 6515
527 3213
3086 5251
2910 4948
396 574
1799 4794
3683 6830
2522 6319
1706 2742
3978 6911
509 731
1990 4820
771 1227
1136 5338
3508 6585
3887 6269
204 2823
1206 3970
3378 5816
198 158
1409 4302
2649 5684
28 47
3240 5520
1825 5770
1616 2561
2340 3884
2740 4589
3853 6960
4091 7287
3055 5194
3284 5606
3771 6512
3845 6954
1388 2175
3211 5460
2560 4309
4056 7091
3752 6487
2080 3360
27 31
3520 6065
3707 6415
2189 5139
2561 4310
3634 6290
3443 6499
593 3114
900 1384
1390 4230
572 856
1487 2350
450 538
3590 6671
280 2935
2880 3143
2742 4540
2869 4859
288 2918
3104 6131
1305 2075
2534 5547
57 2836
4071 7119
479 3165
732 1096
3841 6648
3466 6551
3475 6557
3419 7087
1139 3912
2849 4804
1435 2299
2873 4870
3946 6855
1472 2314
3983 7277
3433 6521
2134 1190
2137 6040
1871 3028
735 1039
542 3276
1843 334
1320 2093
2361 3904
3555 6615
649 882
4043 7245
644 879
1943 3098
1853 4788
2461 2045
2415 4020
3659 6340
3174 6695
4073 7108
3121 5333
766 1199
3313 5675
2438 5426
504 3189
4048 7251
1432 2255
2889 4916
3860 6683
1310 4128
182 4739
815 1280
4012 6994
4126 7239
2598 4359
1155 6219
1561 2470
2362 5360
1428 2252
3368 6463
1449 4323
957 3664
376 3026
2951 5966
2622 4382
1344 4167
1935 4877
3711 6429
1397 2188
3457 6530
3143 5367
2224 6083
3790 6572
702 1057
839 1343
2686 4466
2120 5121
3295 6388
371 515
2360 3844
1836 4768
2792 4664
501 649
1049 1673
2100 3451
3567 6654
3372 6473
1517 5621
3071 5231
4178 7439
237 2845
486 708
3397 5767
812 1268
1609 2629
321 415
3166 5402
2046 4920
2962 5059
3605 6233
887 1426
3797 6925
1280 4073
3181 5418
3398 5768
526 607
2772 5740
1530 2523
2009 3025
2097 1004
2332 3864
308 2765
443 4749
1077 1755
1830 5779
3787 6559
2320 5334
3676 6374
1249 4050
1456 2303
2696 4500
737 1115
859 3484
1017 1618
2777 5766
108 181
1097 1774
2570 6360
819 1288
2642 5643
2806 4775
3033 5163
1482 2342
3317 6447
2309 3801
2463 5470
2695 4508
3309 5657
2256 3704
3112 5323
3907 7044
3646 6314
3812 6937
515 2972
759 3497
1986 4922
2545 4275
2089 4967
1995 3187
1533 4403
117 2867
2719 4517
3910 5590
3187 6248
2397 3978
2507 4188
1818 2965
719 1085
419 2895
3617 6713
1883 4878
1748 2758
1989 4810
3897 7033
2213 5224
3899 6775
1099 1657
3473 5987
3548 6102
3756 5828
1327 2099
3119 5325
4002 7182
1322 2096
3601 6227
2469 4122
1075 1723
2307 3785
470 3121
965 1406
2976 6017
3890 7213
798 1179
4209 7466
3279 5598
3069 5217
3114 6656
2926 5882
2977 6018
2240 6094
902 3670
4015 6998
2146 3487
143 2834
2107 3420
166 63
1816 4686
1212 1905
2181 1319
2343 1689
1291 2042
1980 4914
1751 4645
468 4903
3934 6840
3254 5551
81 162
996 1543
3198 6729
1508 4374
19 2736
3949 6873
1000 1607
2430 5427
4089 7155
1901 3056
700 815
553 707
489 3001
1197 1904
329 2987
183 2880
3393 5786
654 953
3581 6667
3780 6526
1091 1758
3190 6259
1518 5622
2440 4067
100 2792
4074 7126
862 1345
1736 2821
4114 7312
1933 4759
4075 7127
3515 6043
2104 5108
816 1198
4143 7350
1918 5818
537 776
1594 2529
4190 7420
916 5191
1739 4720
1275 4071
2707 5700
3352 5723
4182 7414
3379 5772
2701 4507
3057 5188
3314 5691
3857 6675
1593 4440
2344 6185
1777 2869
1308 4120
239 244
1200 3966
2621 4375
1290 2035
3413 6477
370 426
2185 1344
2756 5734
3512 6571
1122 3825
3518 6055
3627 6740
1360 4191
2055 5007
1160 1829
2937 4965
2417 4032
2313 3805
493 3253
1638 4594
1460 2313
3933 6836
2119 3437
3861 6981
362 2830
3872 7200
2258 3706
67 48
751 1065
3870 6704
1502 4389
29 56
4028 7022
2228 3672
1999 2983
794 1267
4139 7338
1234 1942
3647 6316
476 521
107 2745
2178 1324
4169 7321
1082 1752
3156 5384
2855 4837
3326 4536
2398 3984
1150 3898
688 994
2145 3502
1758 4736
246 100
3721 6444
2892 4887
2019 3172
3959 6885
3961 7088
1885 4711
66 132
3682 6831
1469 2311
1039 1670
563 788
982 3643
3962 7089
2155 3547
1208 1919
2526 4251
1842 4802
1988 4786
343 3085
422 5820
2683 5714
40 2763
3685 6382
1393 4250
1801 2884
2846 4836
1654 4609
3039 5168
127 2892
1546 2423
908 1460
4023 7007
3654 5544
2131 3521
354 3099
1002 1584
319 226
2828 5836
3974 7112
3212 6743
2114 3431
725 3462
3213 6278
1374 5521
3935 6841
3859 6688
1159 3927
1973 4782
1463 2384
63 115
176 237
2272 5255
429 519
2563 4316
2493 4165
3066 3629
641 909
999 1604
854 5143
4094 7169
932 1448
2027 5005
1174 3946
980 1570
423 543
614 4894
1870 4690
2529 4246
3689 6825
1264 2000
711 1079
981 1571
1089 1737
1992 3237
2273 3741
3469 5955
2505 4187
3702 6845
2115 5074
3517 6044
2543 2232
2602 5603
2295 3770
962 1506
2304 6139
2727 4535
2982 5081
4038 7237
2022 4964
3490 6005
1960 5856
249 2744
1959 3027
1254 1948
809 1245
3288 5610
2230 3666
3561 6128
3593 6692
0 55
1147 1808
4081 7274
726 3433
2105 3419
2217 3654
2477 4139
3562 6129
2208 3611
2697 5676
1833 4796
344 328
1820 4763
1107 3857
1422 4289
3256 5552
3972 7109
3060 5202
871 1391
1453 2305
1875 3070
1263 1990
1511 2417
944 1483
1384 2177
416 377
4207 7412
394 106
1399 2193
4110 7307
374 5832
3346 5711
1645 2682
1073 1651
1687 2705
347 508
2520 4228
1358 2156
2049 3346
2255 3653
3604 6694
2166 3517
4092 7166
2277 3763
850 1312
549 681
2378 3950
2439 4066
1348 5498
685 944
1958 4924
2942 4897
2980 5988
749 1166
799 1248
874 1359
4093 7167
2442 4069
1928 3126
1062 1697
2391 3977
2372 3917
1229 1945
322 3033
783 1160
1558 4511
3322 5699
800 1249
3122 5328
2252 5220
3280 5596
3986 6944
1259 4053
1672 4600
1278 2021
730 3432
1622 2589
743 3397
1416 4279
1560 2437
2367 3915
617 848
1512 2387
3836 6953
3021 6042
773 3481
1331 2112
477 3180
1666 2649
669 3349
3149 6226
2450 5439
520 3179
1001 3702
3230 4164
3585 6160
1794 2952
3124 6674
3751 6875
1605 2549
4234 7421
2176 5117
178 296
414 571
680 3371
4031 7316
2586 2326
518 4803
2938 5926
2778 5776
1784 2925
2877 5883
3497 6919
1175 3947
1386 5536
1186 3990
1738 2887
2299 5311
3301 5648
2639 4420
1725 4658
2688 5673
852 1143
2388 1866
776 1225
435 3128
747 3367
1106 3839
2864 5872
1008 5248
3083 6127
853 1144
2264 3714
13 37
4149 7363
464 641
1010 1540
3053 5178
1611 2550
1068 1710
3579 6146
2857 5834
2933 4946
2402 3987
1343 5492
2790 5790
696 3411
466 622
3966 6896
867 1378
3886 6734
3462 6552
1569 2590
3499 6033
1489 2345
898 1393
717 1090
1595 2606
1253 1968
2965 5043
3551 6111
3930 6847
1965 3198
4018 7000
3202 5444
1478 2330
2911 4895
3912 6802
1171 1871
611 842
54 2732
3417 5807
1224 1917
1013 3720
3660 6344
2567 4317
1211 1906
3919 6816
2086 5096
4127 7241
3970 6908
2000 5881
2765 2640
2894 5924
954 3606
400 494
35 2
3315 4483
3578 6179
366 453
2956 5977
254 348
1996 4947
811 1154
3799 7143
