2208 2922
93 71
3629 4945
2951 4005
229 2395
4023 5480
2221 4165
2896 3924
4091 5589
428 435
1142 1498
3834 5433
902 2948
126 2270
1571 2062
324 392
278 333
3239 4403
1153 1535
258 2401
2647 3559
1753 2342
3871 5248
487 602
3199 3283
2765 3711
1216 1590
1762 2331
1184 3208
4034 5504
1506 3514
1597 2105
3698 5042
3313 4515
363 368
136 2247
1715 2279
3261 4433
694 842
3819 5193
2517 3389
1870 2404
3329 4532
2792 3766
2669 4511
2509 3377
3701 5045
591 735
3623 5267
3779 5148
3038 4118
3682 5309
3357 4554
2632 3550
601 769
1296 3306
1144 1518
2345 3116
1165 3167
522 627
3935 5331
4067 5554
1236 1618
1712 2255
1912 2509
2890 3913
4101 5673
1415 3425
2191 2900
1393 1830
2839 3819
2408 3223
788 2817
425 554
1395 1832
4146 5702
1448 1902
248 178
800 1043
2444 3264
2921 3969
3595 4888
1313 1729
674 862
2811 2345
1974 2595
1529 2036
3957 5549
467 605
3057 4144
1322 1739
1103 1478
3637 4953
200 249
1048 1394
1955 2559
3468 4706
979 1290
765 2823
1340 3353
1291 1708
463 549
1614 2132
4008 5462
3867 5244
1455 1917
1831 3822
874 1155
1849 2417
2975 4027
3491 4738
2802 2309
3514 4768
2195 1150
3157 4284
1615 2133
3376 5100
648 816
1965 2597
3913 5299
371 488
2987 4749
559 730
4184 5721
3177 4906
685 863
1639 2155
3679 5019
2949 4009
3426 5123
4079 5566
3830 5196
134 2246
358 473
2456 3298
3691 5312
2224 4156
1357 3361
754 931
1663 3712
832 1027
1728 3751
3427 5124
4053 5534
2274 3008
1630 2150
74 117
191 124
762 983
1780 2269
3877 5477
895 1196
3693 5316
4060 5362
3790 5166
1442 1897
3278 4457
3156 4296
1076 1443
660 850
1231 3234
1125 3131
577 743
3760 5132
628 794
3814 5188
3808 5416
764 988
4065 5552
1171 1562
481 614
85 2311
618 785
3418 5120
2885 3887
217 260
1954 3933
2460 3289
3725 5074
3766 5122
2157 2844
1601 2109
1548 2032
1043 1386
4208 5748
1238 1627
687 878
3603 4902
2367 3147
3291 5025
941 2944
4025 5482
4139 5699
4097 5600
1147 1525
75 105
2024 3975
803 1010
2198 1146
1969 3944
3220 4942
539 578
2429 3250
2971 2732
3003 4071
264 2349
2959 4013
470 558
1005 1334
858 1142
3384 4607
73 2282
3367 4580
1327 1746
2603 3509
3494 4741
761 973
3212 4356
1528 2041
3023 4781
3917 5301
2170 2835
3397 4600
2701 3619
3108 4851
1306 1732
3333 4536
1346 3342
2117 4074
1840 2412
2646 3558
584 2694
1095 1433
2056 761
1773 2275
3113 4221
763 982
3398 4601
1607 3628
1343 3341
3854 5230
1650 3705
2220 2952
2391 3198
2293 4226
3515 4081
2229 2958
1362 1807
3559 4831
380 2467
4178 5742
176 235
2407 4303
845 1115
854 1080
1321 1754
1814 2379
167 204
2046 2661
2799 3776
3746 4573
1846 2425
3858 5457
2004 2621
817 1059
774 1000
4171 5691
2920 3940
978 1318
1375 3382
3848 5444
4063 5550
2734 3669
173 130
3453 4682
3232 4957
2461 3315
1003 1343
1418 3429
1207 3218
3613 4914
3956 5542
3224 4941
3169 4312
2857 3857
3439 4668
812 1057
1973 3922
3982 5413
1956 2507
2704 3638
2007 3981
2372 3151
927 2951
732 937
4029 5488
4092 5591
1049 1396
2679 3607
2592 3495
3765 5369
999 1341
1539 3543
3593 5238
4001 5450
24 23
1035 3048
3218 4359
2825 3811
1692 2211
4128 5641
2290 4217
3639 4955
2378 3166
4226 5778
2892 3921
3069 4171
3541 4802
2116 2811
2462 4358
3685 5024
3910 5296
2025 2655
2698 3635
2504 3369
2850 4632
3225 4373
4230 5784
525 656
3857 5231
1439 1887
3476 4719
3572 4847
1963 2525
3864 5243
3869 5247
635 824
2520 3391
3345 4565
3324 4528
504 2616
722 885
2244 2973
1441 1893
2637 3553
96 147
4045 5519
218 304
1953 2590
3916 5306
2512 3384
1509 1978
2973 4030
842 1111
362 367
1992 2632
3748 5099
288 312
3489 5164
4153 5665
2321 3092
2513 3385
973 1304
2525 3402
843 1112
1087 1451
3432 5133
2845 3862
1311 1742
3861 5460
2989 4045
3163 4299
276 370
4082 5570
1138 1485
2171 2871
2322 3093
637 796
3805 5411
2213 4173
921 1222
1472 1923
3960 5359
98 152
3170 4304
3039 4122
4066 5553
394 404
553 689
4160 5669
16 16
3532 5185
1719 2272
615 742
1196 1585
3181 4319
1994 2620
567 731
3343 4548
435 2555
2487 3345
1397 1835
3568 5214
786 1032
1880 2477
1353 1788
949 1241
498 641
2589 3492
1201 1595
3634 4948
3492 4734
2269 2993
543 669
513 2566
2222 2942
3407 4626
3117 4856
3283 5018
4035 5502
1701 2219
3469 4710
3084 4186
1962 3949
4132 5532
2443 3280
1292 1713
4005 5604
2616 3523
982 1277
1990 2575
2214 2938
838 1096
3085 4187
2777 3736
1358 1799
1377 1814
2135 2830
3129 4883
3752 5109
212 200
1764 2335
807 1040
905 2919
2767 3717
3952 5346
1628 2149
1373 1813
2983 4751
3551 4822
353 2508
1800 2361
3714 5060
203 2310
2107 2788
1919 2537
1707 2230
2624 3538
2841 3856
3754 5114
3270 4447
1050 1363
1801 2362
3716 5338
1021 4230
903 1204
2306 3055
255 177
634 2734
3538 5189
3793 5170
1330 1764
2940 4004
86 135
70 2268
4074 5567
574 740
44 47
915 1171
454 581
1609 2137
164 2277
1930 3907
1420 1861
1386 3397
298 2381
3099 4218
3797 5406
3406 4621
1014 1356
124 173
1536 2010
3905 5498
3596 4892
225 327
213 213
1876 2468
1162 1515
3990 5430
2847 3869
2424 3246
3149 4895
2337 3090
3172 4314
1314 3330
816 1046
2568 3468
1735 2287
3734 5348
3530 4791
2201 2895
1316 3331
2958 3994
990 1299
3444 4651
2476 3332
230 279
2095 2755
3114 4853
205 255
3135 4261
483 624
2800 3786
923 1236
1592 3605
3635 5272
1986 3965
2147 4101
524 648
1968 2550
1123 1501
2215 2937
2077 2737
709 924
1475 1939
1516 2004
2693 3623
2887 3893
385 2516
1241 1635
1787 3775
3872 5468
3787 5159
4228 5779
2968 4022
987 3027
1654 3704
2665 3584
2094 2758
4165 5679
992 3012
3495 5169
1906 2445
589 749
578 660
372 492
1297 3305
1495 1960
4180 5750
151 2257
1653 2174
3102 4211
2508 3378
2226 2930
2339 3106
35 25
4182 5720
3131 4264
3228 4384
1132 1521
4152 5664
3292 4477
2766 3718
3263 4437
3004 4056
2194 1129
1858 2461
576 663
2848 3843
1523 2016
3761 5129
4056 5541
901 2918
53 75
37 53
3920 5315
1884 2471
3670 4996
3800 5177
1869 3867
2758 3709
1504 1983
988 3016
465 572
1797 2305
2567 3463
1477 1935
847 2896
1724 2242
434 534
2178 2884
3034 4786
1478 1936
2587 3489
3065 4155
3414 4634
1729 2294
2617 3520
484 592
1881 2429
501 615
3184 4322
2862 3865
1160 1536
3493 4735
19 20
2179 2885
150 158
3118 4240
190 214
3458 4691
1225 1619
3119 4242
1647 2156
2721 3640
3142 4887
3392 5111
3086 4188
1593 2098
254 334
1823 2341
1695 3741
2722 3641
1127 1507
1964 2598
4225 5777
3202 4346
4123 5635
1917 2551
3094 4196
2174 2840
2942 3984
395 467
2090 2751
2696 3608
1903 3892
3194 4924
2463 4364
953 1227
2389 3189
4150 5576
2070 2708
3027 4098
1349 1793
2524 3396
2938 3977
2957 4018
3849 5225
211 271
3934 5330
2530 3408
3782 5151
3705 5050
2238 2967
1091 1453
2533 4416
2176 2848
1463 1931
1662 3713
3346 4547
3651 4974
1961 2578
2521 4405
1842 2421
2531 3410
1182 1546
31 41
3436 4662
3375 3745
4145 5659
808 1052
1722 2237
3615 4915
185 2352
3338 3689
2404 4300
3539 5191
3359 4562
373 361
272 366
109 162
1154 1502
3301 4492
271 293
2990 4050
823 1072
1490 1968
1405 1849
4199 5739
4148 5703
3090 4836
1024 1369
1027 3057
2991 4051
824 1073
2267 2989
537 697
1850 2413
3517 4775
1423 1867
2370 4266
1500 1959
2818 3782
1898 2502
3002 4072
330 416
1931 2536
2203 2898
3521 4785
806 1028
3903 5497
2268 4191
1121 3137
2662 3578
228 2394
2931 4695
2272 3015
2037 2686
3759 5119
2998 4070
1497 1956
2801 3787
2575 3482
4064 5652
699 891
3488 4729
1031 1379
4133 5647
3533 4794
1938 2570
340 317
1102 1480
890 1176
2628 3535
3217 4368
2667 3587
4187 5753
444 454
2727 3655
2753 3693
290 2414
3862 5241
3127 4877
2695 3611
3912 5297
1621 2139
768 2834
2364 3136
3320 5055
1071 1435
432 2565
4209 5776
2724 3652
342 429
2771 4576
3826 5199
2292 4227
2256 2985
1774 2261
2835 3832
643 829
1243 3241
1563 2056
472 594
1600 2106
3591 4875
1381 1820
2314 3082
690 886
192 140
1210 1591
2547 3432
3660 4986
1685 2201
2518 4404
2494 3347
2264 2997
3275 4455
3151 4889
1781 2316
4154 5709
2097 2780
2820 4616
3448 4648
1928 2548
3618 4920
1833 2416
2466 3319
997 1339
1017 1358
3305 3581
3080 4174
135 160
3355 4560
268 291
115 54
78 50
970 1294
3024 4771
57 102
1669 3706
937 2935
1419 1860
641 817
3723 5080
2953 3987
65 2234
2400 3191
2148 2839
2250 2943
2937 3986
3251 4420
1763 3773
4077 5657
2431 3252
102 81
2446 3276
575 2680
2059 2712
94 2293
1205 1600
2652 3563
2060 2695
1552 2045
1206 1578
3192 4336
1977 2605
3677 5014
2129 2822
1430 1878
3015 4064
3044 4116
2265 2987
2234 4178
3497 4747
2211 2932
3757 5116
3816 5584
3389 3791
14 19
3993 5592
391 2530
1271 3267
2228 2955
3817 4804
1640 3673
964 1247
466 586
2614 3525
2644 3566
2849 3860
1167 1554
3649 4971
2769 3727
493 645
22 26
3374 4587
519 649
1633 3670
1437 3447
932 1235
3165 4901
321 419
3180 4913
2156 2859
1804 2383
1175 3178
2866 3883
1337 3343
1078 1446
2918 4704
471 599
1249 3254
2934 4692
2560 3452
1403 3414
2923 2647
3671 4999
1450 1904
3173 4310
603 2657
841 1119
2873 3898
1960 3915
2635 4487
1646 3685
791 1018
2884 3886
2604 3504
1998 2644
1845 2433
1254 1640
4080 5661
2610 3513
714 930
2872 3900
889 1149
1734 3772
862 1138
64 2232
2903 3960
4028 5487
1146 1524
2106 2778
802 1009
2553 1877
445 553
1754 2280
1501 1962
2654 3568
2663 3579
1085 1417
2763 3707
3996 5446
1194 3219
3881 5257
2356 1486
1616 2131
2251 2977
1487 1950
2648 3561
3681 5021
1531 2017
2629 3536
2710 3627
2691 3604
1250 1643
3204 4348
2651 3565
796 1023
1298 3300
223 2338
2010 3970
3892 5270
448 560
3012 4084
3687 5304
1957 2571
1029 1381
4231 5785
240 326
2140 2813
827 1086
3486 4737
518 2579
226 2384
653 2746
2261 2988
572 752
25 31
3332 4535
2041 2679
3410 4622
4072 5557
3856 5452
1779 218
1110 1494
897 1193
633 793
2294 4229
2702 3653
283 302
2232 1216
716 2772
2308 3075
3288 4474
571 734
2390 3197
3657 4979
3776 5145
2807 3807
87 2291
1661 3692
798 1019
1320 1753
3576 4862
864 1089
2397 3204
1671 2176
3381 4591
945 2969
2886 3911
725 2802
4070 5561
3577 4863
4156 5710
1374 3381
1941 2617
4149 5707
2 7
398 410
375 2497
219 2371
510 667
2928 3976
2574 3471
1864 3846
3914 5512
632 812
740 929
345 309
773 2829
88 49
216 176
951 1261
447 552
3137 4263
2703 3637
3606 4905
41 89
3641 4959
2384 3172
2774 4575
1703 2221
1742 2290
1751 2276
2051 2678
1360 1796
1028 3063
570 2669
1677 3725
1991 3968
1034 3047
3331 5062
2909 3962
3126 4256
236 242
2780 2216
3008 4769
3025 4092
3045 4117
1989 2572
1425 1872
4124 5637
3837 5438
1172 1552
1447 1914
831 1088
3964 5373
3842 5215
737 949
2967 4023
4125 5638
3508 5176
1116 1456
3904 5291
1001 1317
3925 5318
1589 2096
3536 4800
924 1223
3040 4115
89 133
179 128
1946 2564
880 2892
3608 5242
2139 2836
1185 3188
1356 3355
165 118
1011 1348
925 1224
1318 1750
2893 3910
3975 5396
561 717
1411 3420
4046 5526
2871 3889
1584 2112
1829 2435
3827 5200
1018 1353
2650 4495
2141 4105
2340 3114
3299 5036
1503 3519
2196 2904
2837 3817
837 1039
1077 1444
717 923
2576 3472
2960 4010
334 393
2562 3455
4143 5656
1687 2202
1757 3760
23 28
1817 2393
1211 1597
995 1335
3382 4597
3236 4961
2882 3930
3055 4143
1458 1916
15 15
1985 3958
833 1103
2796 4599
3265 5000
818 1068
2362 3142
303 394
54 48
2187 2873
552 711
2606 3506
656 855
1911 2511
4014 5608
1471 1929
1064 1416
3640 4958
100 125
4135 5696
3504 5171
1491 1953
4120 5632
2435 4929
1164 3184
996 1326
3870 5246
1668 2175
1329 1752
920 2950
2162 2856
3728 5343
683 840
3092 4193
1978 2610
58 39
1874 2454
497 620
1129 1492
3093 4197
1598 2104
2740 3682
893 2905
2064 2703
1204 3226
1496 1961
993 1325
1852 2405
3506 4760
3863 5240
4004 5603
3560 4829
2902 3942
700 865
994 1330
3980 5405
390 512
2549 3435
4041 5516
3046 4128
2218 4172
410 409
1883 3899
2930 3988
2527 4413
9 2214
1832 2392
1561 3557
3304 5038
4147 5662
1664 2182
436 458
980 1319
411 2472
2438 3255
2183 2863
1896 2488
3226 4383
3419 5118
0 14
3663 4990
2754 3700
3666 4994
981 1320
3744 5090
2184 2864
1486 1942
202 225
2082 2752
3449 4681
663 803
1214 1603
2411 3229
896 1200
2726 3663
2206 2901
1444 3460
2028 2675
1511 1990
3141 4884
3516 4776
2062 2711
1473 1927
2875 4658
3915 5513
1484 1944
1215 1604
131 183
2153 2867
1682 2192
3327 3648
2566 3466
4093 5593
2997 4058
2169 2855
2108 2800
3598 4896
3942 5070
1587 3583
2383 3169
2008 3982
1927 2483
1733 2284
2676 3591
1200 1574
3740 5352
460 575
3531 4792
3943 5071
4177 5706
1860 3842
972 1254
1925 2532
282 290
1553 2044
2101 2763
1765 2249
3875 5250
3648 4967
3146 4276
4038 5510
3205 4352
1169 3195
1251 1648
2330 3091
2638 2052
1526 2012
159 238
3780 5143
2230 2953
4185 5723
2534 4422
1086 1425
1113 3130
2079 2721
1656 2167
1788 2333
1887 2420
3750 4592
2505 3370
1554 2070
3786 5158
2301 3065
3694 5037
917 1212
105 58
4050 5645
749 962
3778 5141
1141 3165
1299 1704
1665 2183
550 2649
3314 3616
2757 4551
3781 5150
4212 5783
4206 5775
998 3026
1569 2095
1104 1424
2544 3428
3928 5320
3064 2915
587 712
149 150
3430 4646
1474 3484
1519 3539
1159 1527
402 523
2529 3407
1936 2553
2165 2865
2227 2957
3722 5067
2110 2791
3262 4436
2480 1755
1286 3290
1713 2243
1429 3442
263 187
2071 2719
1288 1691
1007 1328
3832 4828
485 508
2814 3774
2846 3863
3387 4605
2563 3456
103 121
2253 2965
2155 2866
1731 122
963 1283
1387 1827
886 1191
2598 3497
875 1173
2012 2640
2588 4463
3006 4046
1578 2064
3378 4593
4157 5711
955 1263
887 1192
2830 3836
357 460
3624 4935
582 2643
1220 1608
1294 3312
757 961
4134 5648
2276 4200
1750 2252
2029 2683
8 9
3344 3702
1492 1954
158 168
3017 4083
2864 3875
2735 3676
4126 5639
4233 5788
2420 3243
1170 3194
2686 3599
4111 5622
3563 5209
2073 2729
3882 5259
1923 2533
2318 3080
1493 1955
3363 5095
4217 5765
237 245
3388 3792
3895 5274
1690 2204
1181 3174
1758 3794
2681 3596
2775 3729
1924 2534
1971 2604
2564 4448
2539 3421
427 434
238 246
1089 1448
1135 3135
3125 4876
2947 2687
3896 5277
2523 3395
4137 5539
1782 2366
3193 4923
967 2991
289 2444
844 1113
2092 2740
1643 3694
873 1164
309 2403
2501 4387
3152 4288
2325 3094
3926 5323
3653 4976
2394 3200
1462 1930
3807 5179
971 3014
2050 2714
1384 1823
170 188
3153 4289
2668 3593
532 687
2286 3042
182 2347
2712 3661
1308 1719
3107 4219
3289 4473
3937 5533
1886 2501
452 2542
617 783
3822 5431
1332 1767
69 95
3298 5035
583 753
1046 1368
3997 5441
1421 1862
3887 4931
3587 4879
1825 3810
1844 2434
4002 5453
2030 2633
1010 1333
2374 3155
3058 4145
4198 5738
2935 4700
222 321
675 866
4069 5653
3043 4108
3638 4954
2779 3743
631 798
1632 2147
3621 4932
1401 1842
2842 3868
506 2609
3396 4611
2919 3971
364 443
1612 3630
2349 3109
2891 3920
4207 5749
3362 4572
2189 2876
3413 4617
2816 3801
2706 3642
1866 383
181 227
2057 2710
778 1017
1900 2506
668 861
3005 4049
3735 5349
2496 3358
1245 1639
3475 4716
3853 5224
3266 5003
954 1226
2996 4042
2705 3620
528 655
1219 1614
3209 4353
2995 4754
1235 1632
3089 4190
3524 4789
3035 4111
3553 4823
3544 4808
1101 1479
2507 3373
2034 2663
1229 1630
1075 1439
3219 4372
1877 3852
3684 5302
1594 2102
2602 4464
3883 5484
2899 3939
1070 1434
636 795
1778 219
834 1029
726 2797
809 1051
3480 4727
3829 5436
221 316
2355 3128
3019 4094
3123 4881
2545 3430
1606 3629
4059 5547
3340 4542
3364 4570
2843 3824
2546 3431
2054 2697
480 608
3145 4886
461 2531
204 201
1451 1905
1859 2462
2263 2996
1681 3723
1882 2469
3796 5400
1323 1760
4086 5582
2281 3020
1276 1684
657 851
3455 4687
930 1195
3617 4919
1771 2332
3801 5178
2810 4612
3992 5437
2255 2970
1012 1355
2360 3120
1943 2549
1278 3291
3010 4766
2144 2832
3963 5368
3507 4748
813 1065
2146 2837
1636 3680
2615 3518
316 403
1228 1625
4129 5644
3631 4949
1590 2107
3518 4779
696 2777
2421 3245
664 807
269 322
266 2353
2627 4485
1198 1572
3566 4199
622 2706
140 74
673 852
3739 4555
3067 4812
2128 2821
1620 2138
3581 4859
2212 2934
1894 2430
2791 3749
3540 5186
3255 4428
3973 5392
3087 4189
2600 1946
1610 2128
2236 1221
2994 4755
500 651
4179 5712
3911 5298
1520 1991
2516 3386
846 1116
3931 5321
1564 2054
1195 1579
2551 3438
2011 2630
2506 3374
1355 3359
476 571
1958 3950
3434 4656
2770 3730
2660 4502
1699 2228
1847 2426
2939 4003
2519 3392
2618 3532
3979 5403
396 518
662 849
2642 4489
1002 1338
4114 5683
3578 4864
1376 3383
1658 2179
1109 1476
612 2660
3922 5313
3655 4978
1004 3030
1026 1366
46 87
2254 2986
2398 3207
1435 1892
3037 4123
242 336
2026 2667
3938 5335
2154 4124
1895 2446
531 647
1111 1460
3408 3847
3936 5333
63 108
2716 3646
456 584
540 695
47 88
3498 4762
4 2212
1183 1569
1414 1857
2352 3108
2917 4703
1370 3379
1824 2356
2748 4550
354 450
1871 2463
934 1246
4096 5598
1766 2263
2898 3945
2593 3496
4016 5469
3186 4323
3747 5096
3627 4937
2186 2893
3770 5375
3187 4324
3370 4582
2867 3894
1409 1855
2579 1921
1293 1707
2649 4501
437 445
2497 3360
3242 4408
2671 3589
114 172
3879 5255
2489 3350
3441 5135
839 1124
2510 3376
871 1154
4131 5695
3719 4540
1854 395
3534 4795
3880 5256
3689 5028
2089 2731
2217 2939
156 2325
3582 5229
414 527
1551 2042
2338 3099
55 92
3464 4707
1247 1641
3859 5236
3546 4810
3442 3880
3686 5303
3348 5085
1579 2101
3970 5389
624 782
2242 2971
3485 4736
403 2515
691 835
4176 5736
3379 4588
3029 4103
2929 3989
2537 3418
2245 1239
2526 3403
1899 2512
3295 4482
512 664
715 2771
3961 5363
2328 4239
450 550
609 778
426 2494
2175 4134
3138 4275
3962 5364
2773 4571
1324 1761
703 904
1310 3322
111 127
3243 4966
317 2458
610 779
132 98
117 2327
1979 2600
1398 1836
1202 1592
724 908
118 2328
2485 4375
499 642
2590 3493
306 244
1344 1780
960 1269
2300 3058
1163 1539
4140 5649
3607 4907
2737 3675
2434 3258
4011 5606
1074 1432
2204 2903
3724 5081
2782 3748
3841 5213
1039 1388
1792 2292
787 1020
2453 3288
3479 4720
2113 913
4037 5506
383 448
1996 2626
2699 3634
3510 4756
3874 5251
2309 3072
1984 2614
544 673
2595 3503
912 1206
2653 3564
1691 3732
1432 1882
602 786
4173 5734
2124 2820
984 1281
538 666
625 811
1433 1883
3873 5472
1177 3206
502 653
1266 3265
1783 3781
3824 5429
3755 5113
3334 5072
3924 5317
68 34
2879 3918
4043 5517
1993 2631
4164 5680
3490 4739
944 1249
2790 3755
3159 3180
2798 4595
1893 2438
2150 2857
3053 4136
2645 3567
4075 5568
2750 3696
2976 4037
3274 4451
3665 4991
2039 2638
277 3844
406 483
3307 5049
2416 3233
233 331
195 257
2730 3666
3733 5083
3930 5327
2239 2928
1908 2527
267 259
3949 5350
1756 3759
3433 4663
1033 3062
1544 2025
1809 2322
2483 3338
1469 1922
2023 2674
3466 5154
1542 2020
323 2423
247 349
2197 1147
2948 4002
881 1159
2956 4008
1410 1856
1081 1437
1841 2431
187 111
3737 5092
2069 2742
1053 1399
2202 2916
3371 4583
486 628
28 33
220 296
3511 4773
1084 1440
3738 5093
2491 3352
1575 2063
4013 5607
3424 4631
2042 2696
189 192
404 516
287 325
4161 5717
197 268
3846 5220
92 132
2880 2538
3062 4801
2270 3001
141 94
1347 1790
558 705
2655 4493
590 750
579 661
2788 2229
3036 4110
2467 3310
3054 4796
3628 5268
1 4
2315 4222
3465 4709
976 3005
1186 3211
1748 2285
2126 4088
651 818
2708 3654
1193 3217
614 714
2240 4169
1652 2165
3132 4265
3944 5340
4054 5536
2283 3034
772 994
727 887
1173 1558
3096 4840
2063 2707
2689 3606
2344 4253
2464 3313
3662 4985
99 2244
1166 1553
2334 3083
3158 4293
1212 1596
3503 4761
348 470
2278 3031
3188 5249
2542 3427
2470 3324
125 91
3377 4589
2502 4389
1052 1390
168 229
2422 4330
1336 1771
108 163
3727 5075
3347 4549
3664 4992
2409 3225
3604 4898
3843 5440
2471 3325
2580 3474
2869 3890
183 203
1396 1834
2081 2736
2793 3753
3610 4908
3282 4468
1453 1909
3415 4614
638 2723
907 1211
299 384
1599 2125
3128 4252
1674 2185
2358 3121
2173 2878
1120 1472
1350 1785
2484 3339
2180 2886
477 2601
730 915
2943 3993
4018 5471
1042 1387
2343 3098
1483 1943
952 1264
1300 1721
676 854
4095 5670
2952 4006
4142 5651
3751 5106
1704 3744
835 1090
3768 5131
2104 4082
3354 4567
4010 5464
196 123
52 84
503 619
2877 3884
2385 3173
143 156
3567 4841
1732 2283
2247 2975
2963 4728
1431 1881
1218 1615
2072 2733
1133 1517
1438 1886
175 100
241 2336
1434 1884
3214 4361
680 859
2132 2824
733 2779
1688 3726
549 677
938 2979
3783 5149
1976 2584
692 839
2684 3621
4186 5725
935 1210
3139 4272
2311 3079
731 932
1794 2377
2273 4204
2697 4518
3326 4531
3009 4062
1305 1734
3179 4912
415 531
595 758
2333 3100
695 843
3197 4926
4210 5781
146 165
3918 5311
2138 4096
3483 5156
184 154
2503 4388
852 1078
4055 5540
2555 3443
4081 5571
3162 4900
654 845
307 365
1191 1577
1512 1987
407 514
3523 4774
859 1087
3136 4270
3810 4784
3390 5101
148 149
2778 3739
1449 1903
3229 4386
3391 5102
459 486
3721 5066
2815 3796
3030 4778
2897 3938
1585 2113
4200 5740
3742 5091
1303 3316
2980 4025
3452 4684
3502 4767
1510 3533
3166 4305
2747 3695
293 351
1289 1694
3454 4688
2482 3337
2357 3139
2900 3954
244 264
3148 4890
1897 2496
2279 3024
3437 4670
1482 1941
581 2641
4110 5621
739 946
1533 3537
2061 2717
3845 5218
3625 4939
2803 3768
2377 3160
1096 1452
3616 5253
419 428
1252 1647
3557 4820
4117 5627
1910 2459
462 451
2725 3649
1063 1419
1226 1622
430 543
2823 3833
3120 4244
4122 5636
3250 4421
3122 4247
1242 1638
4232 5787
3995 5595
4224 5792
2091 2768
166 155
2478 1740
1557 2074
275 359
3032 4106
3450 3932
2427 4327
3967 5378
1890 2473
1873 2479
1333 1763
3894 5273
2297 3064
1879 2485
1970 2603
3791 5160
386 455
2216 2924
3222 4376
1190 3193
1151 1497
2119 2799
3175 3220
2396 3199
3981 5408
1905 2544
3216 4371
3983 5577
2913 4693
751 947
4172 5731
1354 1801
3622 5485
557 694
3309 5048
2410 4306
868 1136
2511 4395
1480 1951
826 1070
2911 3956
4044 5642
850 1121
4057 5545
1596 2121
199 131
2049 2713
231 166
3954 5355
1684 2191
1285 1688
2014 2642
870 1139
4071 5563
1260 1667
3994 5435
2185 1120
3923 5520
479 583
1813 2358
3423 4625
1885 2432
1550 2051
1934 2482
2731 3668
720 890
1470 3488
822 1007
492 601
1605 2116
235 2418
2163 4131
2380 4279
1240 3248
3072 4817
3411 4629
312 2440
1499 1958
1424 1871
936 1251
1208 1601
5 8
1631 2146
2442 3274
1673 2186
1611 2127
2571 4450
1549 2058
3696 5040
3885 5262
1836 2407
2342 3105
898 1189
3268 5006
418 502
3644 4963
1426 1874
3215 4362
3525 4790
2219 4170
2874 4637
4197 5761
401 398
3463 4702
3886 5263
3474 4715
2854 4620
3820 5425
3001 4076
1739 3783
113 159
3098 4202
1508 3517
494 646
3401 4606
139 198
2970 4028
693 2781
1862 2397
335 425
2907 3905
3013 4087
1798 3812
48 35
1940 3929
753 968
333 407
3569 4846
128 70
359 338
899 1148
1079 1447
3809 5184
3590 4872
3276 4454
2084 2735
4073 5560
2415 3230
1363 3371
2561 3453
821 1003
2924 2648
1124 3129
3100 4215
1382 1824
511 590
1094 1464
3729 5077
379 391
3167 4308
892 1198
3052 4137
2329 3081
551 710
215 258
1335 1772
2581 3478
4204 5744
682 821
985 3002
3176 4315
3889 4936
171 193
1465 1920
3257 4988
2472 3328
3063 4151
3356 4564
3284 5017
1122 1454
548 707
2636 3545
819 1074
2608 3508
3104 4205
11 2222
1136 3133
3520 4782
2582 3486
438 476
563 729
1532 2018
4003 5458
2040 2670
1617 2134
3361 4574
3478 4721
3558 5205
3471 4708
3509 4757
1588 2093
1672 2187
743 911
931 2966
4039 5511
424 537
4234 5789
1022 1351
789 1006
535 665
3561 4832
327 381
647 2718
210 267
161 174
1808 2364
1180 1561
1013 1327
4235 5790
507 607
224 287
3562 4833
2043 2681
2233 1217
909 1181
38 52
2855 3866
1810 2372
1365 3372
3589 4874
593 678
2908 3951
2209 2917
1267 3275
384 2503
208 164
1106 1445
4158 5668
1939 2558
3658 4983
541 676
3929 5329
2454 3307
750 910
3074 4163
2894 4674
3317 5059
256 348
956 2982
3654 4977
3743 5089
3341 4545
1983 3972
1818 2402
2406 3222
592 759
2287 3043
1009 1347
2828 3827
2469 3326
1224 1611
130 182
2565 3461
2419 1621
1966 2587
3953 5354
2168 2854
2578 3476
42 66
792 1044
2986 4052
4020 5473
2927 3979
1821 329
3906 5503
1608 2124
4104 5610
3609 4909
1262 1652
2047 746
2375 3156
2936 4701
2910 3963
3945 5073
3758 5361
1888 2490
1059 1405
1815 3797
795 1049
2052 2658
3417 4624
1148 1529
1149 1509
3968 5379
554 722
3487 5157
116 77
172 126
180 129
1066 1426
3211 4357
3969 5384
2348 4255
417 482
2353 3122
4201 5768
2225 4157
3011 4066
1507 1976
781 2853
4168 5685
562 718
3927 5319
2904 3947
3828 5201
3400 5107
1746 3795
1626 2145
79 2251
2181 2880
989 1307
2252 2964
1038 1377
3394 4603
489 538
3446 4672
3717 5064
291 2373
280 307
2465 3320
2021 2664
265 313
1385 3394
90 2238
3971 5558
1769 2266
3143 4282
2109 2775
4084 5575
1452 1906
1342 3351
318 2415
4196 5733
515 544
2492 3349
2359 3141
2601 3500
2066 2716
2659 2091
239 286
2392 1560
1069 1398
1402 1845
1139 1516
1697 2220
3467 4697
473 610
2053 2705
958 1267
3271 5007
4088 5586
3185 4325
3909 5507
80 115
3940 5065
2103 2796
2346 3107
959 1268
4216 5764
422 2478
1092 1442
2838 3845
2623 4479
3311 4510
3155 4278
1518 3529
1935 2543
2692 3626
110 113
1253 1646
776 1013
4108 5619
3884 5261
2131 2825
1134 1474
21 18
1791 3803
2836 3848
4215 5760
1868 3859
2795 3765
3070 4175
2683 3622
1932 2567
3203 4933
1525 3541
1098 1436
2851 3861
529 631
1080 1441
3200 4349
3319 5056
3316 5053
3715 5057
3269 4446
2552 3440
1770 3790
1282 3282
2784 3747
856 1125
2536 3419
3007 4772
3813 5419
869 1110
1619 2141
2954 4000
2915 4696
3718 5063
1152 1496
1686 2200
1982 2622
2955 4001
2002 2623
1339 1774
1143 3150
3164 4301
2083 2753
586 713
1032 1374
297 2380
1524 1999
3602 4891
3592 4882
2473 3327
2797 3780
3987 5422
1058 3085
137 104
2586 3487
1128 1500
1515 1997
3238 4401
446 2568
1683 2193
2167 2874
3799 5407
2728 3667
1740 3771
1115 1490
1237 3244
3425 4649
3248 4415
1806 3808
1863 2389
918 2921
1999 2573
246 248
2621 3526
3059 4148
866 1145
4221 5769
1950 3934
3134 4260
2719 3632
939 1258
797 1050
3195 4340
1582 2079
2833 3838
2657 3574
3529 4793
2620 4480
2231 2954
4162 5722
349 323
2285 3036
983 1310
1627 3656
2863 3876
1440 1888
1427 1873
3111 4238
1505 1973
3079 4182
3764 5128
640 809
3198 4928
2776 3731
666 2754
1723 2271
3890 5486
3785 5153
3865 5245
3160 3179
1624 2144
1534 3548
3323 4527
234 2406
1131 1520
2787 3769
3459 4677
1711 2236
879 1169
3322 4530
2868 4638
883 1132
1256 1656
3440 4661
2249 2984
1975 2592
1222 3227
3951 5347
367 490
300 357
2036 2653
2350 1461
194 251
1265 1671
3571 4852
1604 2110
1657 2181
649 819
3353 4553
3280 4461
4099 5671
2354 3132
365 464
1189 1576
3472 4698
2393 3201
1720 2273
876 1174
1040 3068
2241 4177
366 465
857 1133
2210 1183
133 141
933 1201
2133 4100
468 2588
2160 2870
1460 1918
735 922
3183 4321
3636 4950
1061 1409
1921 2526
2426 3247
4031 5631
3051 4139
1407 1852
3365 4577
431 432
704 895
756 957
429 535
2609 3512
2895 2569
2591 3490
3420 5126
4090 5667
1802 2375
908 1214
801 986
1907 2504
975 1302
2371 4267
3421 4642
311 2441
698 2764
2115 2784
1944 2505
3555 5197
2687 3600
3095 4194
4112 5623
3081 4830
1099 1431
1576 2067
1951 2585
4012 5466
112 2264
4218 5766
3042 4109
829 2852
1054 1402
1570 2061
4141 5650
517 556
1952 2586
51 83
1567 2089
760 974
514 662
160 237
3756 5115
4181 5718
1259 3256
706 872
2114 914
2964 4731
3950 5538
1649 3703
1981 2591
138 199
3373 4586
3041 4119
3697 5041
3339 5079
4205 5772
2296 3046
1949 3897
4174 5735
1793 2376
163 223
2277 3028
3404 5112
533 688
2031 2672
1436 1895
2303 3051
2538 3422
440 507
3976 5397
3150 4290
10 13
3429 4645
542 696
3075 4167
2713 3662
144 109
860 1107
243 335
3703 5051
2243 2981
526 639
3661 4987
2032 2673
1368 1812
1454 1908
4083 5574
3076 4168
1192 1580
597 762
328 388
3308 4500
1743 2286
3244 4968
3189 4329
884 1188
3097 4214
2789 3761
1857 2385
2707 3639
1045 1367
3526 5182
2445 3272
1820 2387
799 1042
3237 4400
667 858
343 2489
1678 3724
3585 5228
2190 2877
1767 2288
3060 4149
1789 2365
1675 3722
2068 2724
961 2999
3133 4880
738 945
1428 1875
3839 5211
3083 4183
712 903
1006 3044
2666 4506
966 1262
4007 5461
2149 2845
178 252
777 943
3974 5386
3902 5287
101 146
2786 3764
3273 5011
1067 1404
3021 4777
2745 4541
1230 1631
1752 3793
2751 4544
1618 2135
3847 5221
2946 4705
2289 3021
3350 5087
3898 5283
2335 3097
1848 2447
4116 5493
3966 5377
2369 3161
626 724
3901 5286
3823 5194
3103 4212
207 217
2832 3826
3570 4849
4078 5565
308 261
3650 4972
1359 3363
3234 4392
555 706
2200 2881
1380 1818
4087 5579
1535 3549
1176 1563
2743 3674
2223 2956
3161 4298
3277 4456
948 1253
2332 3101
3736 5084
611 780
2402 3209
2017 2662
153 73
2490 4379
1390 3398
26 22
2827 3828
3505 4770
2428 4335
1408 3423
50 76
123 171
3109 4224
3300 4494
2925 3952
2078 4021
2978 4730
1019 1361
2819 3823
620 747
804 1008
350 2419
3646 5279
3310 4507
341 422
1062 1411
1112 1487
4021 5478
2016 2646
3416 4615
3115 4235
1641 2151
4138 5698
697 888
4094 5594
573 745
1015 1359
4015 5470
1008 3023
3878 5254
174 2334
2414 3224
1777 2339
3207 4347
4113 5624
655 802
3048 4120
3769 5376
2709 3624
2313 3076
376 438
2166 2860
523 618
1676 2189
1326 1744
1118 1495
2611 3516
1560 2047
588 728
1301 1722
2093 4073
2570 4449
1586 2088
1933 2491
2760 3708
2341 3104
1527 2040
872 1157
1747 3763
2979 4014
284 300
129 112
3206 4938
1150 1514
1679 2194
3978 5399
840 1127
1714 2241
1364 1805
2945 3985
3435 4657
344 414
62 99
6 11
397 519
3792 5163
2295 3045
421 496
947 1250
4115 5684
2634 3551
186 139
1922 3917
1361 1806
1273 1678
986 3011
2347 3115
2808 3785
3789 5161
598 764
1708 2223
1445 3457
4042 5643
1187 1575
2558 3448
2759 3710
2717 3647
2193 2899
2020 2665
505 2627
1481 1938
2912 3935
1383 3393
4098 5599
304 341
659 832
1325 1766
3168 4311
1179 1549
2291 3050
1995 2619
39 60
2626 3530
2365 3144
4203 5743
3999 5449
3297 4488
1851 3835
2423 4332
1545 2029
3745 5094
2914 3941
2379 3164
1331 1775
836 1114
2284 4210
566 733
2922 4690
2631 2015
2459 4350
2118 2809
2044 3995
3626 4940
3675 5010
3579 4854
1727 2274
1855 396
1629 2142
3016 2803
904 2912
2661 4498
270 375
3612 4316
1651 2162
3899 5284
3771 5134
828 2851
412 2522
82 144
2677 3595
478 569
2366 1522
3351 5088
2282 3033
1119 1504
389 506
3112 4237
652 792
1799 3829
147 208
2336 4241
3336 4538
1244 3239
4183 5677
209 266
3178 4309
155 190
3543 4813
1558 2075
1738 2318
686 2770
705 871
1891 2474
1967 2580
154 90
4049 5525
3071 4176
2134 985
76 2235
310 2424
4062 5548
613 2659
1083 3113
3223 4377
162 224
3588 4873
4068 5555
2495 4385
142 3779
3091 4835
3066 2925
1137 1484
3720 5068
3264 4445
2468 3318
3068 4161
3804 5410
3296 5032
97 151
1319 1757
377 456
790 995
3844 5443
3986 5423
1942 2492
1114 1511
3445 4671
1203 1593
457 559
3774 4673
3611 4910
1744 3756
2112 2801
1156 1530
3709 4509
3306 4499
2690 3615
810 1058
2248 2963
678 833
815 1064
2933 3983
1422 1865
1221 1613
752 2792
3948 5351
2486 3344
669 847
2772 3720
2700 3612
3 12
2577 3475
2785 3757
546 708
2831 3837
1717 2254
3290 4483
1466 1924
259 282
1338 1779
1234 1629
1140 3154
2805 3770
4106 5612
273 273
4009 5463
794 1048
946 2980
2440 3268
547 709
2006 2637
2584 3491
677 869
3245 4414
1261 1651
1577 2066
3385 4590
783 998
2038 2689
545 674
3672 5289
1737 3754
4052 5528
3124 4870
3321 4525
3022 4093
1625 2140
1648 3697
2633 3546
3673 5290
2086 2766
928 2962
3749 5103
708 876
3482 5155
3254 4426
451 2581
285 328
2733 3679
658 826
1547 3562
3584 4866
1805 2308
3056 4135
521 626
1307 1736
382 2451
1645 2161
2388 3190
2554 3441
4109 5678
608 774
1786 2355
2977 4038
3328 4533
3619 5264
3451 4679
3726 3681
2985 4044
1603 2111
2732 3665
2074 2741
2950 3996
250 269
4085 5578
713 920
3989 5426
2317 3067
2403 3213
66 116
347 471
1760 2299
758 984
2817 3818
2605 3505
2450 3278
1467 3481
3285 4472
3550 2931
1459 1912
72 2250
974 1280
991 1315
1107 1458
734 919
1056 3084
2612 1970
1830 3821
13 21
1761 2344
3241 4406
405 517
2673 4508
3443 4650
2878 3908
2613 1971
2804 3750
4222 5771
3386 4608
3564 5212
1016 1362
1345 1783
770 987
3620 4934
43 37
1948 2583
3208 4351
2192 2909
2386 3177
2821 3789
59 2233
104 2302
721 912
3762 5371
1302 1727
3405 5108
95 63
1213 1587
2137 2812
736 950
3020 4091
1090 1450
3500 4060
3049 4127
4051 5530
4061 5543
849 1092
3484 4732
599 757
755 969
1502 1972
1583 2092
2809 3805
1272 3271
232 320
3325 4529
262 295
301 355
1828 2408
1710 2248
780 1022
49 68
746 963
3811 5417
3147 4280
2323 3074
257 2350
169 107
3711 5054
4151 5663
2033 2651
3932 5325
4102 5675
2080 2748
3812 5418
32 44
1937 515
2844 3841
2739 3687
1277 1680
121 2307
3457 4683
1920 2464
650 775
3921 5515
475 576
1223 3231
2361 3138
2067 2738
399 411
2161 2846
106 67
3303 4497
2455 3308
639 800
2120 2810
2280 3038
1057 1397
2500 4391
1351 1786
900 1187
3972 5562
4024 5481
3342 4546
2599 3498
3528 5187
3383 4602
2583 3485
1514 1996
1268 1683
81 2314
1399 1840
621 2699
2658 3586
1020 1345
3267 5002
4159 5713
84 103
1843 2437
556 606
2488 3346
332 418
805 1053
2622 3527
4033 5500
1959 2541
1853 4635
2694 3603
2262 2983
2130 2818
1700 2227
2145 2841
2736 3677
1839 2411
865 1144
1807 2304
3552 4818
1565 2055
4000 5601
3965 5374
339 310
4121 5633
3699 5043
3190 4918
3512 4764
127 2337
152 2256
3708 5324
3462 5152
1574 3569
3130 4262
1568 2060
1366 1808
3833 5203
188 2368
3174 4904
605 2676
1947 3936
3700 5044
3293 4476
2368 3162
119 101
1872 2476
3763 5127
3253 4424
2783 3758
1367 1809
3144 4277
3409 4618
679 860
853 1079
1555 3577
2382 4292
4202 5770
2246 2978
2619 1988
3794 5167
3312 4517
17 2218
315 371
968 1286
1878 2486
3985 5583
145 145
1913 489
878 1168
120 148
1538 2034
1416 3426
1476 1945
296 250
4144 5655
536 2636
2418 3236
294 352
3984 5415
3352 4552
1404 1847
3438 4667
1785 2297
3456 4689
2152 4126
1929 2480
3732 5086
1566 3580
508 650
2597 3502
2159 2869
4089 5587
3565 5208
2436 3263
201 186
1334 1777
423 532
3366 4579
940 2945
3369 4581
623 776
2824 3834
3272 5008
3121 4245
3191 4337
718 927
2961 4724
4223 5773
2680 3613
4040 5514
1543 2050
1130 1513
2965 4020
742 2783
1580 2071
1693 2213
906 1199
2781 3746
3535 4798
3838 5210
744 936
3501 4061
1068 1430
4155 5580
2829 3800
3575 4850
374 2457
1795 2295
1776 2258
1309 1738
1246 1642
3692 5033
3047 4125
767 2833
1257 1659
3710 5052
2451 3293
2351 3118
2013 3955
2670 3594
2761 4566
1659 2177
3712 5334
3977 5398
3403 4610
811 1026
3825 5198
1258 1660
18 29
3073 4160
1772 3767
3473 4723
3788 5162
1562 2082
449 2513
1521 1993
1269 3277
4047 5527
723 926
2906 3906
2182 4140
4100 5672
2556 3445
4103 5465
3428 4644
227 270
2381 3159
249 197
1702 2217
3695 5047
2098 2785
882 1186
1456 1911
3368 5097
1178 1550
3633 4947
3998 5445
2076 2750
319 364
3221 4943
2430 3251
3470 4699
684 874
2992 4745
645 2728
107 2281
2569 3470
1400 1841
1749 2301
919 2923
509 2639
1155 4286
2320 4246
4136 5697
527 654
1065 1422
1591 2097
2993 4043
1718 2262
2865 4652
331 402
3014 4063
1892 2524
1044 1352
2499 3362
2457 4354
1572 3585
1644 2158
910 2936
369 462
3028 4099
3554 4819
2448 4344
3256 4429
177 236
1755 3752
3773 5139
1227 1607
3795 5168
370 463
458 2594
2550 3436
496 539
701 900
40 40
784 2861
3683 5308
3947 5345
329 387
1378 1816
702 901
3358 4558
1709 2224
4214 5786
3939 5337
1902 2517
3946 5344
2432 4338
67 69
3731 5078
4195 5732
2711 3664
1379 1817
1088 1459
710 917
1775 2346
3082 4826
4105 5676
2266 3003
3605 4903
914 1213
604 2704
2515 4399
1209 1598
1980 2599
3171 4313
1248 3253
1412 1853
490 597
3499 4763
3955 5357
2324 3078
2498 3356
2015 2645
1000 1342
1047 1392
888 1190
2207 2902
1479 1937
1706 2225
3110 4228
1161 1534
911 1172
2944 3999
1530 2035
387 499
2984 4047
2205 1179
3645 5278
1537 2019
1517 3528
1304 3323
2373 3157
1642 2152
2085 4033
2395 4295
1623 2136
2762 4561
2045 2698
361 2439
1602 3614
1622 3644
4032 5499
569 683
1352 1789
2639 3552
4119 5630
2858 3864
3860 5234
977 1274
7 17
338 423
2288 4216
2876 3909
1093 3111
1073 1410
3678 5015
1595 2117
1281 1674
2298 3060
2009 2593
629 788
2901 3895
1796 2296
3399 4598
1055 1403
488 580
1315 1741
1372 1810
3702 5322
1721 3778
1341 1784
2441 4341
630 789
644 813
2447 3284
1522 1994
3154 4287
943 1244
1312 1743
2172 2872
661 828
2142 2849
3101 4213
3818 4807
4058 5544
1348 3354
4190 5758
12 24
2143 2850
2522 4407
2557 3446
1255 3257
439 561
2806 3806
2715 3645
1660 3691
3586 4871
600 725
3235 4396
1145 3152
3730 5076
2926 3946
2859 4647
3798 5404
1108 1477
1284 1692
378 412
322 405
1909 2528
3907 5501
3601 4897
2417 3235
2158 2843
2000 3943
1388 1828
3958 5365
2102 4077
1287 3273
1768 2267
2822 3784
779 965
950 1260
885 2908
4017 5613
1822 2340
1126 1506
3908 5509
3260 4995
408 2539
4107 5614
3201 4345
61 2245
1117 1475
913 1219
4127 5640
3676 5013
3897 5492
3772 5136
3031 4102
825 1082
2088 2730
393 485
3105 4208
2065 4017
325 2409
27 27
1239 1633
3690 5026
3919 5307
2585 3494
3545 4809
2988 4040
326 2410
2312 3077
2136 2831
495 2606
2966 4026
4169 5686
3835 5207
4191 5727
728 2776
2035 2650
2969 4012
3775 5142
1051 1364
1945 2563
3802 5174
855 1126
3335 4537
3294 4481
4192 5728
2307 3056
2861 3870
926 1231
745 964
1188 1570
3018 4078
1317 1749
1670 2171
360 2427
2326 3095
355 472
2121 2804
3395 4604
45 85
455 582
464 593
2870 3888
775 999
1100 1466
2738 3688
3855 5456
3594 4885
346 399
3803 5180
3574 4860
351 332
1082 3112
2018 2666
77 64
2981 4041
482 613
2543 1859
516 545
2260 2972
1413 1854
491 598
1918 3879
3597 4893
1391 3400
2941 4011
560 684
3258 4984
2688 4512
1546 2028
1041 1382
1328 1768
1581 3588
4175 5701
1816 2343
2752 4559
392 478
616 744
2481 3336
1826 3809
642 820
2477 3333
1174 1547
1290 1699
867 1143
3632 4946
1446 3464
3349 5082
1030 1378
2439 3266
4130 5524
3840 5204
2363 3148
443 453
1926 2557
2714 3631
2452 3287
1987 3967
2001 2608
1233 1628
530 675
568 738
1716 106
2840 3849
2641 3554
3537 4799
2111 2808
793 1047
2299 3061
193 2351
1573 3570
1168 3196
2746 3686
3784 5147
1283 3279
3318 4521
646 765
4166 5681
3893 5271
2962 4024
3542 4805
2656 3575
1556 2072
1498 3510
922 1215
1861 2398
3461 4675
1680 2195
3548 4816
1916 2552
3933 5326
1736 2298
2105 2786
20 45
1694 2215
2548 3434
252 263
3583 4865
2742 3671
520 625
3116 4869
214 2357
672 2726
3402 5110
4076 5564
1443 1898
2860 3872
469 570
2723 3657
2188 2889
565 704
2027 2668
2664 3590
1394 1831
1097 1467
861 1134
1666 2166
1264 1672
2271 3010
3614 4916
2493 3348
3182 4318
3600 4894
2275 3017
3866 4911
33 32
957 1248
261 210
474 609
1540 2026
2127 966
1036 1383
60 55
1915 3878
3240 4402
4026 5483
2999 4068
4211 5756
1023 1370
3527 4788
1634 2148
894 1182
1541 2027
83 2239
1279 3294
1037 1384
2003 2634
2881 3914
1655 3701
2302 4223
2834 3839
3000 4069
1613 2130
1025 3041
295 389
748 918
34 2231
4229 5780
4118 5629
3674 5292
3680 5020
3210 3299
3580 4855
3753 5358
580 2693
3573 5223
29 38
1280 1675
2972 4031
3460 4678
3900 5285
91 61
2682 4522
3704 5046
729 944
2327 3096
2087 2769
2305 3054
2541 3424
413 2523
2528 3406
3652 4975
1667 3715
1263 1664
4193 5729
305 401
2672 4514
1295 1701
433 2519
2096 4057
564 638
381 504
969 1287
1867 2475
4194 5730
2744 3690
3360 4563
2755 4556
3941 5342
206 2317
741 2814
2559 3449
1834 382
3422 5125
1461 3469
3033 4113
3876 4917
2304 4220
3233 4394
929 1233
2729 3660
2100 2789
1468 3480
3281 4467
71 137
891 1197
1270 1677
2640 3572
711 916
3380 4594
4022 5479
2932 3978
4030 5491
