2017 856
725 1192
4052 6442
1166 1887
2120 3533
113 222
2554 4287
995 1661
1782 297
1207 6780
809 1286
3010 6564
1344 4195
3608 6281
3120 5371
685 932
527 634
395 2926
3851 6740
3184 4062
3596 5412
2509 4179
1354 2132
3022 5140
3852 6741
1943 3007
3236 6851
619 4727
2861 4812
2773 2538
3777 7197
4044 7145
2832 4718
3383 5855
1600 2446
1275 4132
490 565
2801 4731
830 6616
18 71
155 185
3172 4043
1333 5545
2112 3563
3006 6555
3797 6650
2077 6015
1867 517
4191 7415
3547 5243
1837 3097
3337 2482
4192 7416
3611 5445
3336 5722
2114 3489
3429 5905
270 563
1817 2967
3079 5274
1804 378
2786 2826
498 801
2016 4948
744 1059
1282 6320
123 278
28 23
2285 1620
1105 1774
3433 6557
971 1613
2695 4453
1842 2961
302 4791
4071 7216
2228 1480
240 435
2971 1044
447 595
2144 3574
1493 2335
2864 4759
574 864
1643 4661
3051 5219
2916 5926
811 3544
3256 4273
2297 3885
2105 3478
4166 7388
2583 2307
3867 6787
670 3461
2711 6525
2662 2404
620 502
2859 3163
1090 1778
570 781
421 359
3318 4451
742 5901
666 3464
2227 1496
3998 6737
914 1469
3472 6565
2057 3373
430 643
2037 3376
2719 2439
3796 7344
3276 4342
3755 6964
3207 6316
2058 3374
3498 6075
3517 6072
3659 5578
1924 346
3711 5683
1798 5827
1985 4848
2787 4753
997 1659
2277 5320
2921 5950
1998 857
1422 2239
2710 4436
1316 2078
3901 6361
2847 4904
117 144
3196 4096
303 425
1574 2391
1741 164
530 807
648 866
2845 3037
994 1619
2531 4255
2072 882
3247 4232
1224 4061
1533 2370
2782 2866
2515 5569
1376 4244
1645 2686
1045 3781
2866 5931
2407 6775
2922 5922
2406 1924
3650 5570
3827 6690
457 553
2676 2412
1752 2841
2947 3375
2475 2069
2209 1318
637 780
2570 5608
1057 1703
2930 5035
982 5177
2831 4813
2221 5203
3631 5498
3029 1294
3816 7228
1374 6359
2249 3780
2816 4712
3818 5214
2250 6658
3872 7453
2160 1335
1343 6357
3248 4233
472 705
1948 687
3875 6301
779 3418
2647 4413
300 167
4028 7116
258 2837
1905 721
1739 2815
3332 2458
1889 3237
3935 6901
4186 7458
3612 4053
2533 4231
3451 5938
3701 4401
3906 7315
2338 3914
2613 2352
465 562
3040 5144
1932 728
668 1040
1549 4567
3862 6278
3055 5220
3585 6184
3122 5366
2377 1860
4030 6823
4153 7237
1168 4025
4086 7034
2472 4128
63 202
2050 976
1844 4805
244 2793
3539 6124
3877 7455
3465 5988
2265 1411
1368 2146
568 913
1657 2691
1900 377
1386 6379
3648 6347
1946 543
2181 1356
3414 5885
634 1028
4112 7395
2372 3977
4108 7294
3931 6419
197 436
3552 7041
2881 4890
1273 2051
487 626
3146 5373
1458 2295
3716 7340
1136 6222
2838 4729
2028 3407
2667 4433
1858 4915
1624 2552
1308 4177
3616 7108
1848 451
3081 5272
1146 1840
3730 5713
2508 4171
622 3299
1076 1786
2495 6353
4067 7202
917 1439
178 426
252 2755
654 1018
439 699
1011 1667
781 1314
3301 4412
1983 3335
2333 1767
3325 4449
673 903
314 2871
649 896
3346 4491
2334 6709
706 4816
2962 5082
3603 5425
2128 1278
1907 2941
2598 2339
3710 5660
1957 3148
4118 7403
823 1320
446 3158
4140 7169
2069 1060
2182 3670
2067 1038
228 219
3959 6966
2527 5550
859 6034
1833 2944
1759 2830
2440 2015
3609 5444
294 204
2005 4937
841 1353
480 771
764 1269
3007 3562
2173 1348
2938 6566
4075 7219
3201 5492
715 6560
3037 3641
2048 6537
3279 5621
2421 4076
1099 1646
2424 4080
2083 3455
2266 1524
3561 5282
3339 6956
1938 3270
1879 3086
2700 2425
3562 5283
338 450
342 498
2629 4399
3515 5098
1330 2178
2618 5755
743 5021
4046 7331
3412 5874
1573 2392
86 173
551 852
2193 3650
3815 7015
3142 6261
3108 6718
1277 5494
3330 4446
2610 2342
4101 7493
847 1359
2172 3608
650 6546
3197 7110
2236 1481
2899 664
3592 5383
1975 3100
3728 6473
1786 2891
1886 3113
2393 4031
3239 4191
2018 877
2518 6363
347 658
3179 5447
364 372
1546 2396
3645 4197
2574 2319
3104 7053
1462 4461
1060 6157
3071 3748
2836 5875
3062 6026
3026 5123
2482 4147
553 726
2519 4291
4020 7104
234 328
2541 2243
3490 6018
1843 386
3462 5989
4021 6797
1006 3854
2282 1618
2927 3207
2456 5495
4113 7118
3543 6146
1793 2981
2882 4960
2628 2373
2461 2058
2347 3948
2142 1295
2776 2599
2903 3290
3574 6230
1859 4914
3623 7297
2557 2281
3358 4490
2512 2155
3980 7347
2974 3401
870 1373
2007 4951
3642 6830
3175 1923
1738 274
4129 7149
1839 4742
2714 4447
1270 4110
897 1444
3792 7212
333 2980
675 1043
1945 544
4158 7484
1240 1975
3191 5470
3954 6931
3754 5893
3524 6092
1295 5521
2203 3582
2154 3600
1966 3144
2566 2301
2341 3921
3133 7084
75 73
3605 5429
2963 6587
3569 3857
2880 648
2562 2282
1996 3234
788 5986
2567 2289
3990 7058
1018 1666
1298 6337
1004 3790
967 3708
1474 2321
3791 7211
3058 3661
3803 6094
2627 4382
2046 5870
4016 6788
955 1511
954 3602
3570 5333
3888 7387
3119 3896
599 817
3177 7278
3890 7114
2343 1709
2958 5833
1698 119
2258 1508
3231 4159
2220 1502
2396 4023
2800 2817
312 2849
1995 3159
2945 6563
3254 4271
2378 1869
1984 659
2386 1877
1079 1788
949 1405
2242 3774
1974 3164
3127 6739
1978 4964
1899 3096
1911 3014
651 862
2849 5872
2986 5109
1123 1817
3323 5688
765 1215
2061 3408
474 824
412 2939
2846 3038
3439 5903
3183 4063
2722 2443
2200 6632
1884 267
2783 2893
535 653
2500 5522
972 6089
3294 5649
1200 4021
321 499
2823 4799
958 1525
1309 2065
2254 3776
464 742
477 600
2685 2453
1696 2822
2665 2431
1845 4804
1274 4133
3464 6006
2968 3442
3559 5279
524 3195
2473 4157
1356 6365
2152 3625
1964 3277
2003 3247
3501 5108
4128 7142
3494 6025
3684 6399
80 72
2827 4766
130 281
2443 2019
2983 5040
3964 6594
448 624
3335 5723
34 4686
3437 5942
1516 4523
3065 3684
344 253
4012 6778
3473 5011
3297 5653
2892 4899
2104 5102
3558 6168
1112 1814
194 337
4147 7231
2429 1988
3173 5439
3212 6820
3506 6032
2230 1461
3147 5393
759 1252
1491 2336
2218 5249
3812 7029
3440 5844
1784 261
2066 3318
3480 5030
3607 6283
4003 6762
4231 7504
672 5836
4031 7463
3741 6479
1926 685
1758 2829
1349 2127
1434 2254
1576 2400
1715 2953
3894 6822
2395 6269
3849 6734
386 2914
3306 4416
3953 6493
1840 4741
3941 7190
3233 5554
589 805
4114 7459
2608 4361
4018 6791
590 806
4115 7460
1664 2683
792 1326
2560 4335
669 3351
120 65
1335 2175
2933 4944
1684 2531
2561 4336
3489 6590
3913 6868
2639 4417
2445 5489
3164 5434
2292 3853
220 3062
814 5078
38 39
2267 1354
3046 3616
3329 4456
2534 4260
2855 4838
2260 3700
2535 4261
1535 4610
2109 6578
2233 1471
3070 3732
2641 2410
2671 4442
4151 7509
1080 1766
2388 1888
3474 6607
190 91
3505 5114
2237 1484
3773 5947
2073 3333
230 269
1814 2844
659 3395
2303 3834
3077 3772
2760 2539
1818 2955
3078 3773
418 494
2355 3958
2015 3252
3455 5990
3106 3845
2370 6226
2924 885
31 60
2208 5233
4039 6864
3706 5658
3655 2229
1719 4738
4103 6777
2248 3686
4026 7383
1904 3095
2607 4376
3887 6309
2989 5036
2909 3272
4141 7170
902 1490
977 5174
4234 7468
2327 1750
919 5125
2477 4139
2165 1292
2255 3701
1650 4657
2349 1757
3251 4270
3715 5677
1800 2846
1849 2860
3392 5900
2317 1648
3486 6019
2225 6660
2059 867
828 5992
3548 6148
2867 4918
561 3307
2022 4953
393 453
2998 5106
3828 6691
316 424
739 1198
1202 4048
3308 4402
2404 6773
682 5840
3520 6099
1195 1914
983 1583
4168 7302
470 3013
3904 7317
3823 6655
2833 4792
2932 4929
1448 2309
2553 2246
1322 2198
1395 2245
2834 4793
1028 3864
3874 6793
2298 5342
3023 5137
3781 6608
2049 977
1521 2380
2981 5057
2150 1283
2062 3319
1327 2211
550 701
2580 2312
2523 4321
4148 7357
4215 7467
2601 4355
3788 6629
3066 3730
39 85
3206 6811
2701 2447
3649 6351
3542 6684
1599 4634
2976 5064
2068 3337
3131 3961
950 1515
409 471
2311 3894
1041 1687
3171 4042
1778 331
2571 5607
501 707
2453 5504
810 1327
2648 2408
1066 1744
1127 1813
2678 2426
3910 5612
3352 5736
1177 1899
2517 2224
3865 6291
1880 3025
36 128
62 2865
3936 6902
2223 1512
537 891
4070 7215
256 484
1953 789
1044 6150
2775 2585
960 1527
3876 5465
3687 6409
1010 3766
372 665
2246 1501
1512 2361
1718 2767
631 881
1169 4024
1828 220
335 513
1505 2358
3817 5218
763 3588
3551 5256
1873 3116
822 4990
2559 2261
2602 5627
4066 7204
3597 5413
789 1178
280 2818
699 1034
2966 3459
3149 5418
2162 1205
2433 4089
2224 7025
3628 7396
2806 4807
3162 6774
2457 5501
2373 1855
567 844
2124 1273
824 1321
1935 4829
3970 7000
686 3499
2807 4808
3677 5622
11 197
2027 3344
2214 3743
2902 4897
3514 6965
1663 4659
704 3456
664 478
171 100
3528 6675
1898 4840
1508 2355
2076 1050
1198 5427
2606 2328
4172 7475
646 4709
1007 3729
387 644
3157 6755
1710 2831
1013 6137
680 3384
2994 5047
2080 3409
2869 3042
944 1497
3152 5415
205 246
3357 4497
4060 6961
2990 3462
584 924
1660 2541
756 1097
4032 7134
801 3367
644 895
2991 3463
2904 4923
2411 1940
2174 5995
2325 1737
1982 798
2621 2340
2463 5493
601 829
1954 5887
2551 2247
3340 5721
3017 3501
507 539
2828 4765
1854 462
2012 620
471 759
2296 3820
3613 5455
3316 5676
12 81
2146 3566
3927 6893
2095 5882
3601 5422
413 2940
716 6559
2410 6779
1896 4763
3031 3575
3602 5397
211 336
2842 3139
1753 355
3109 3819
3431 6556
1137 6225
2389 4018
4120 6845
4041 7147
848 1285
2858 4772
2272 3759
250 2777
2403 4037
4185 7382
2485 6838
2145 3585
3850 6733
2486 2102
353 560
1385 4307
721 1124
181 259
2070 5915
3696 5664
1777 2832
1093 3944
2984 3497
2526 4277
1260 2001
2031 813
3377 4733
611 874
1134 5334
3564 6174
2293 3852
3481 6022
2875 4837
3013 1195
2940 3389
2720 6523
2143 1296
2226 5202
1336 2180
1160 1851
3525 6103
880 6023
3174 7101
1031 1701
2781 188
3576 5349
3054 7003
3654 2228
85 235
1959 4726
3697 6433
2762 2535
4126 7141
2544 2240
2476 4138
2694 2423
1693 3
2520 4290
2353 3951
4011 7276
1991 5953
368 277
4015 6789
3223 4145
2970 3469
499 812
2785 4706
3787 5975
1065 1736
2545 4267
3950 6474
2179 1378
3170 5438
1194 1920
1875 3082
3829 6161
4094 7070
3500 5107
2999 5096
615 473
1342 5528
1190 6260
3144 5400
3617 7109
3647 5549
2014 3211
2159 1334
3973 6992
3587 6751
3252 4268
3743 4505
391 3117
29 52
1205 1930
2851 4794
4149 7362
3200 5485
1369 2147
3653 5566
2156 3592
2170 6615
1050 5259
2328 6208
3382 5846
2002 3155
2197 1429
3150 4011
2119 3496
4104 7102
1876 3009
331 304
2982 1071
3806 7032
2876 4909
1506 2343
3993 7245
2259 1509
2469 2068
3060 3679
2431 4087
441 567
909 5191
804 1104
1280 5506
2041 725
1775 2920
1688 2566
1866 2878
1712 2852
3619 7113
3082 6142
1311 2077
647 4943
1355 5552
3666 6879
2820 2928
3386 5845
2140 6606
3748 5849
3886 6810
4088 7048
1229 1966
3756 5854
1107 5372
3002 6066
3141 7086
2977 5063
3003 6067
1413 2242
2023 3426
2074 990
2308 1700
2824 4800
4130 6895
959 1526
3014 6973
3686 6408
1925 2989
3790 6634
2205 1452
3015 6974
2129 1279
2709 2434
3099 3858
1676 2644
689 1069
1375 5573
3309 5657
2315 7066
2367 1831
1965 3278
2234 3756
469 3133
3538 6125
2409 4047
987 1650
2340 1795
1361 2139
3428 5906
3364 4584
4084 7353
2188 5215
3407 5895
3227 6336
2198 1430
1968 2796
2919 3248
783 1176
1522 4385
2599 2313
3295 5648
3688 6407
834 5979
1731 2813
4087 7479
3274 4343
2238 3753
3521 5161
3722 5720
202 2762
1293 2067
752 6584
1281 5507
1121 1802
2313 3876
2863 4760
2375 1858
1002 1616
3421 4930
259 2858
1380 4239
2965 3414
938 1510
3944 6475
1994 3188
3129 6241
405 661
2975 5004
2556 2283
2091 3460
1108 1799
2532 4256
2937 703
657 3503
2190 6039
3466 5969
2910 4978
2521 5546
3571 5337
376 2906
2490 6356
3835 5273
2363 1842
4138 7163
4139 7164
1626 2549
3148 6259
3834 7438
2460 6330
13 2754
1658 2687
429 561
504 583
3947 6477
3856 7369
3606 5437
2691 2442
2879 3243
2964 4989
1193 1916
366 3129
1726 333
543 631
4152 7510
3870 6298
406 3010
707 1017
2860 4846
1371 4265
3019 3590
1928 3128
3396 4752
30 51
2217 1463
1262 2028
1836 2799
924 1457
4110 7389
392 375
2417 4064
3456 4972
2686 2419
3253 4280
1936 3137
3445 5907
1736 2774
4119 7402
3016 3576
2972 5065
1165 5420
3020 5151
1923 345
2187 5044
2151 3622
1811 4720
2042 3394
1682 2652
937 5120
608 878
825 1343
2997 3481
2536 2225
3629 5497
497 734
2382 4010
468 490
334 192
2398 1902
1801 2847
1314 2114
2365 1832
2941 3444
1353 4275
525 670
2075 841
2985 6016
495 3151
1084 1751
1246 1990
1267 2018
3853 7072
1289 2060
1672 2630
2379 3998
1921 2990
3292 4373
2318 3882
1961 3146
2102 3491
3168 4041
49 2783
3226 4158
2374 3993
1517 4392
2929 5034
253 279
2746 4494
143 2756
2202 1425
2435 5479
3216 4121
640 899
3134 3908
3033 3628
466 696
1891 4767
2186 1374
4065 7203
3809 6668
2493 6355
2099 5062
328 172
108 285
826 1291
1919 3046
4090 7440
1064 1749
1519 6933
3556 5269
3367 2594
2316 1726
189 9
2086 3526
3059 3676
2092 5841
1593 4405
3553 5266
3855 6754
869 1154
2612 2351
3208 6318
3541 5200
3123 5391
3895 5516
1443 2300
476 460
1779 332
3166 4038
2215 1476
2324 1647
1313 5558
3116 5360
617 873
3986 6683
981 1641
1888 3034
301 2870
4159 7447
3047 1216
3740 2707
3549 6140
2137 6630
423 610
945 5228
3368 6496
4164 7391
2034 4959
226 2784
3690 5632
1967 3072
1256 1999
337 524
3198 7111
3526 6097
1799 3028
2430 4082
2138 6033
957 3699
2753 2526
1695 4701
2291 3865
947 1487
2896 5894
747 5940
3053 5190
3176 4045
215 244
899 3549
3860 6236
1950 4822
1892 3251
2886 5908
1518 4393
3073 6100
2383 1868
4193 7413
3942 5718
988 5275
3694 6906
3808 6096
2087 1111
2498 5571
2487 2096
3411 5828
3705 5665
3738 2688
1054 1725
790 1102
2397 1897
726 1039
2540 4246
502 847
420 2845
903 1448
993 1592
829 5997
1582 2414
2320 1732
1255 4094
2802 2789
3491 4987
565 3240
1227 5453
984 6674
1649 5806
3994 7244
2830 4758
146 64
1509 2346
1986 4928
2117 6577
2841 2919
969 1545
2364 5390
3425 4878
2663 5668
1878 3087
1437 2277
57 169
1303 5515
1838 3098
484 3169
1869 4748
1340 2103
1730 2824
2020 3381
780 1311
2908 5945
2257 1495
3153 5416
3854 6745
3370 4577
1040 3866
1661 2542
4074 7218
2939 3388
885 3598
1723 2778
2082 3454
2273 3805
544 3241
1170 1884
3699 5652
2626 2347
229 218
3064 3690
545 3242
1841 373
1764 2883
451 3210
3321 2481
2336 6715
3578 5350
864 5037
1855 463
3873 6792
2488 2097
3406 5859
2514 4184
662 975
1379 4238
661 3355
3685 5626
2683 5803
2623 4374
3934 6905
2894 5954
2088 4728
3039 3620
377 368
3499 6076
1173 1885
2507 2137
2428 1985
3625 6821
320 500
679 916
2206 5075
272 509
37 68
2371 6227
1069 3817
3698 5655
3169 4044
3088 7028
1871 2991
1348 5538
2300 1673
2444 6314
2605 4371
2516 4185
722 5873
2642 4404
3025 5122
920 3722
1746 4761
1771 2821
3118 3890
3965 6595
1370 4264
2032 814
3624 6317
705 399
1917 3263
1036 1694
188 210
2897 3265
287 132
158 24
3502 5115
3453 5937
2733 5782
1143 1823
3662 6364
3820 7223
782 1250
4111 7393
2817 4814
2900 3280
3761 6569
1022 1631
652 3058
1276 2050
2949 5007
3604 6266
1328 2085
500 835
369 432
1846 2952
1627 2465
3449 4974
2130 3580
904 7012
677 1035
370 433
777 5932
3375 4745
4207 7449
400 556
688 3502
2199 3677
2399 4029
3272 6383
2745 4498
1501 2353
3523 7350
3681 5634
2135 1288
315 157
4009 6771
3866 6290
3560 5264
260 2859
575 830
3776 5996
2133 3568
3093 5296
930 6080
1802 2956
2870 4826
3484 6020
2216 3645
3713 5684
1241 1983
3643 6849
491 564
3277 4348
2116 1231
3180 5448
2957 5024
2026 3343
1302 2090
3469 5963
96 163
3590 6725
3000 5097
1358 2232
3864 6783
633 797
697 1023
2229 1492
3353 5737
3599 6272
1874 2869
741 1262
3799 7019
1548 2387
2878 4900
1043 1680
3012 5132
4091 7442
135 103
3347 4489
2361 3964
953 3601
322 361
3028 5155
629 3322
3057 3648
4167 7502
1429 2265
3946 6472
2973 5066
1646 2533
2004 4870
488 408
703 1165
604 3357
1147 1841
3036 5148
844 1330
2053 3326
3084 3767
408 496
3621 7117
1053 1723
3085 3768
2522 6856
2752 5808
329 171
2468 4124
2928 4933
773 1179
655 541
755 1251
2872 4894
2176 6617
2631 2371
2177 1282
3365 4591
293 205
3508 6649
122 47
3573 6211
3793 6062
1819 3079
514 837
645 3347
1122 5328
835 1324
2513 2143
3510 6978
3311 4434
3826 6153
3209 5500
3126 3935
101 127
3038 3603
1977 621
1030 1697
3052 5211
1184 1901
2915 4973
285 177
3270 4315
