2477 863
2827 1346
2892 1454
2977 1649
663 2508
2514 888
2242 662
2917 411
3451 2712
1060 3690
3118 1923
3031 1704
2973 1652
2187 2742
3377 1314
2902 2703
3437 3539
4067 4422
3157 4489
3174 4653
3799 3630
3499 2865
3406 2618
1921 1360
3551 1820
3414 1381
3019 565
3524 2889
1871 201
1907 149
1200 2022
1165 2000
3993 4468
2965 442
2053 1550
3060 608
644 428
49 104
4112 4668
1782 212
3070 634
1168 799
4012 3808
3073 3646
2031 393
1358 2191
2120 503
1281 3862
2851 1377
3825 1821
3046 579
1928 1462
3578 1922
919 3598
3520 2906
1028 1911
1195 813
2277 1895
1959 2530
408 265
629 366
3558 2982
3161 796
1873 279
3521 1723
3168 812
937 3578
1957 277
2809 1410
3204 2082
1352 3205
3606 805
1099 703
3104 4631
3959 3486
3817 2945
3016 1713
830 4418
2236 640
1375 2158
2981 1639
1698 154
1385 3202
2846 1426
3775 2736
670 471
3372 3442
3028 1714
1794 1398
2068 384
4164 4667
2023 464
671 472
3556 1834
3052 1771
484 291
1386 3208
3079 1840
930 3582
3862 3092
3059 607
3864 3813
2800 1280
2540 907
659 1600
1925 1358
3547 1809
829 3492
2249 670
822 2665
788 4080
1793 1397
1285 865
3382 2592
4118 4772
2453 3147
2026 406
1736 92
2199 606
1778 226
3616 4659
645 386
3421 315
2355 768
828 4070
3906 4543
2786 124
893 4429
1549 3290
2881 1450
2080 418
1695 1256
1719 1316
3561 1854
1898 1402
215 172
2929 1631
2861 1391
3803 2897
1936 276
1771 1278
2133 540
1306 879
2842 308
2982 512
1955 1432
3515 2848
3198 4664
2974 420
1356 3892
1843 1428
3788 3602
3207 3849
3020 1716
1786 158
3387 2497
331 184
3169 2023
1833 175
2468 858
3865 3106
3570 3032
3129 1953
4148 4623
4074 4432
2421 833
2828 1347
2882 1536
4019 3113
721 517
1803 206
763 555
2870 1393
1143 777
2356 775
1370 947
2518 3877
3480 2817
3002 2851
2217 637
859 4099
2082 468
2927 1480
2457 3139
2396 801
1044 4177
2083 469
1207 4502
3132 770
3142 3077
864 3520
1277 2098
2983 1602
1968 2523
1343 3882
1996 335
4158 4840
4066 4424
3495 3592
3248 902
1519 3960
2554 931
2545 917
1093 762
2435 2060
3638 4292
2801 1295
544 332
1802 205
2711 3384
1979 278
4014 4748
1902 264
2057 412
3486 2802
1730 117
3776 2786
2403 809
2534 923
2908 2727
1270 860
2904 1467
2997 1665
2894 2745
2683 4003
2289 4168
3797 2854
1814 109
2401 3805
3334 4377
2225 4443
2248 1781
3152 1996
34 1222
2254 1856
1004 674
220 266
3236 3874
2720 3373
3814 2929
3447 343
3790 3606
1273 861
3456 1539
3716 4584
1818 196
3650 2143
3870 3110
2091 467
1775 187
2255 1793
1777 1287
3149 1995
2858 1341
3412 2647
3484 2808
885 551
3608 3811
1376 2159
2986 1683
648 407
982 3621
302 198
1919 224
2311 729
2975 1560
2515 2154
2206 4110
1891 1310
1322 949
1190 3798
3887 3122
2919 340
2523 3213
3162 3809
2190 3556
2811 223
4065 4423
2228 642
2472 857
3548 1805
4111 4670
2878 2730
3396 1331
2176 4420
366 283
3051 1777
3866 3107
3026 2861
1169 798
1335 914
2998 1678
3088 4613
2806 1424
2836 2653
3477 4050
1718 93
1739 111
3597 1990
2364 3062
3439 3496
2334 4475
527 320
2130 550
1137 3749
4090 4794
2817 1423
2860 1430
2164 593
1810 1248
4088 3689
1939 1485
3126 755
1901 192
3055 1780
3543 1806
2957 2809
446 289
3562 1855
3481 2813
2258 656
3596 1989
2872 1464
2086 1686
3084 1848
1599 1082
2559 939
451 328
4149 4629
1372 942
852 2735
2259 657
4011 4652
3085 1849
1758 1293
706 3410
13 89
3339 3982
575 404
1932 371
4016 3815
3197 4663
4167 4806
1663 2415
2374 787
1994 298
469 263
3494 3599
3874 3821
2903 378
3122 738
754 1542
3519 2876
2994 1609
3806 3649
1353 3204
239 173
3875 3822
1371 948
601 398
1198 3099
391 270
3407 1413
3523 4781
3628 4804
524 300
769 542
3603 2012
2027 405
1649 2414
1812 1242
3756 1302
3852 3034
2949 1588
1122 3739
3429 2676
3022 546
3877 4830
1330 930
3898 3170
2990 473
4094 4191
3247 904
2216 580
3748 3473
2859 314
2007 1502
2991 474
2456 2085
1799 251
2855 1421
1374 3184
3099 718
3003 2852
1170 797
3445 1380
1336 929
977 3622
3490 2801
773 532
2782 153
3375 1328
1978 1527
1811 1241
1050 3683
3573 3018
3574 3038
3081 1839
2272 644
2873 1445
2294 719
1384 3890
2404 4499
3986 3686
1259 3137
4147 4452
2476 862
3525 2912
1846 185
4083 4717
2845 1427
2058 413
4086 4170
3184 825
3141 4647
2405 814
1013 4169
1879 268
1801 114
2003 1509
421 194
747 4049
3631 2079
3498 2864
2972 1651
3452 377
2445 3140
1731 112
3449 1552
3383 3479
253 186
2260 1788
3246 4531
4172 4785
927 1768
3151 4231
3808 2898
2163 594
2042 431
2519 2197
3093 677
2154 567
1911 1376
2370 4221
3609 2024
4207 4739
752 4405
4075 4431
3816 4139
3243 4528
1295 2152
1107 3051
3508 3626
3183 827
1935 1378
1462 1009
2823 2672
2104 495
4021 3825
3023 535
2156 554
4030 3843
535 327
3624 3145
2790 2500
2400 1998
259 106
1712 144
2807 1425
3462 2774
2417 828
2785 1237
2939 434
2145 547
2831 1414
2847 301
3904 4682
2853 313
1383 933
2787 1352
2140 4077
2866 2704
604 403
4070 4430
1889 357
2424 834
3233 3167
3428 2677
1280 3861
3590 4200
2173 595
4110 4669
3455 2778
2900 1546
2833 1382
3625 3848
2535 922
1966 271
779 1559
1817 208
1134 3744
2015 337
2910 1551
3623 4518
2834 1383
1721 225
2315 4731
429 297
2170 4417
1946 284
86 159
2527 895
2410 4656
4166 4515
2045 440
1303 2105
3201 3138
3148 3078
2112 537
3970 3573
472 356
1859 1482
3505 1685
1710 133
1051 3684
1842 1368
2296 1886
3791 4081
1308 916
3526 1719
2852 312
3502 1689
406 197
3854 3039
3041 1722
3643 3871
633 368
1886 273
2444 3859
3754 2685
1650 1115
2984 505
