2533 4444
2892 5077
3047 3756
3437 6152
3029 3780
3571 6429
2975 5230
2775 4810
2200 6263
2997 3621
2665 2654
1646 2768
651 3533
284 84
2768 4750
1058 4064
1632 2701
273 2938
3797 6850
2338 4096
3097 4021
2893 6100
2688 4663
4166 7602
2472 4343
1884 3137
3790 6242
1661 4747
662 1036
1053 1831
957 3886
3655 4457
2137 6253
130 261
465 601
1413 2390
2300 4036
408 3253
2609 4565
773 1241
920 3896
3834 7573
1541 2601
934 1602
50 82
3340 5961
3336 5958
3521 6315
495 3292
56 88
686 3645
4088 7234
1845 5013
4147 7565
3974 7395
786 1410
1752 3029
2943 5169
2543 2403
2990 5299
2816 4907
3023 5370
406 3187
1559 2580
3184 4257
1311 2198
3864 6996
2851 5005
3492 5146
2567 2443
1059 1830
1512 2558
3551 6367
3350 4864
764 1323
391 3257
3589 5562
2571 5837
3491 5211
1548 2574
1935 5039
4193 7629
712 1115
229 3085
3926 7135
3169 4238
3594 7270
1397 2336
1456 2485
2190 5312
1932 3400
1298 6542
3095 6364
1398 2337
1761 3156
2246 3937
1549 4770
2583 2471
178 409
4151 7686
3691 6646
395 3136
2306 1737
3447 6181
2831 6109
1394 2343
2604 4568
2172 3782
331 331
615 576
2226 6343
3325 5925
2500 5747
1643 4874
2291 4041
1375 5788
3130 5616
2133 3725
2946 7392
2277 5550
2341 4097
1348 6553
2178 1450
2372 4162
2924 3508
3134 4094
2374 4171
2155 3799
3684 7086
466 715
475 600
3550 5488
3378 4955
2061 3540
572 1006
3793 6845
2579 2489
1891 4978
819 1413
3065 5458
4076 7413
524 3345
1653 2875
1460 2491
2421 4280
2930 5237
3149 6486
3561 5511
3370 4817
2315 6917
2909 3412
3694 7113
2264 1623
329 3083
3352 5977
1657 2886
1434 2417
2580 2474
2621 2532
3531 6854
3536 5409
792 1398
889 5408
776 1357
2698 5984
1938 3399
1974 3301
1437 2429
2149 3750
1328 2218
2308 1807
3005 6202
2746 5955
1105 1892
364 394
3310 5920
785 1400
1054 1834
2663 5904
3884 7309
2468 4340
1919 3213
2998 5338
3629 5721
880 6261
1032 1792
3610 6496
447 627
3440 6075
3661 6596
2138 6257
2834 4996
2629 4588
1951 3405
2515 5790
2273 3984
73 57
1494 2517
1481 2469
885 3784
1952 3406
698 5192
4149 7568
3650 5791
927 3857
1635 2832
3230 4364
2860 5033
3120 5595
3239 4403
2361 4148
1746 4957
3121 5596
85 188
3019 3752
2208 5463
157 3038
3297 5888
3164 5655
3950 7131
1946 3280
301 165
2965 3548
439 709
970 1643
1224 4256
2266 3952
4129 7521
2316 1841
2601 4548
847 1443
4028 7316
176 320
841 1435
338 3220
2749 4863
782 1304
2507 4383
1217 2056
637 840
3994 7443
3734 6032
1555 2782
3883 7025
2610 4564
3185 5682
430 666
3631 5722
1560 2569
265 274
3432 7167
3855 7277
2718 4739
1007 3934
1327 2317
3525 6319
3653 5792
1209 2048
3886 7029
744 3670
3223 5728
1117 4129
122 52
1914 2939
1871 3163
3494 6836
1225 2069
3602 6466
1309 2179
2018 916
3875 6512
1647 2763
3229 5746
2720 6727
753 1305
123 237
2252 5468
887 1554
355 618
453 3264
120 73
2026 5220
3579 6922
2957 5242
2411 4252
1959 4951
1846 3131
3362 4872
3046 3785
2429 2100
2444 5713
544 3391
780 3800
1991 6174
2867 5094
2371 6446
2177 1367
739 1251
3688 7095
4101 7704
631 947
2899 687
3253 4482
2434 2113
1386 6589
2112 3713
3346 4724
2608 4561
4016 7001
1121 1919
2153 3808
2733 6009
3949 6733
825 1423
1738 220
3860 6975
1069 4016
1844 5014
3893 6527
3966 7173
2128 1334
3036 5384
2921 6169
405 671
2605 4567
3850 6960
2941 3566
1356 5795
2120 5351
2020 3499
3619 7312
372 667
2501 7063
924 1551
3081 5498
3789 6830
487 681
1060 5527
1786 3073
3658 5830
3001 3707
663 5053
3666 7083
2875 6131
757 1230
1030 1804
2599 2481
1996 3379
1778 325
3093 5528
3964 6781
1418 5828
3518 6301
2932 5139
1402 2368
962 1632
2757 5991
1800 3040
3983 7640
2463 5712
1273 4321
2031 3468
3010 6783
1199 2035
1801 3041
1449 2479
546 911
1535 4808
2670 2725
2303 4011
1194 2033
2409 4245
2760 4748
1313 5763
2770 4879
1072 1864
2589 4549
2067 3628
2070 5090
3910 5843
2873 5050
3866 6502
1873 3244
4041 7349
2105 3635
3570 6428
625 1071
3330 4660
1849 3063
629 3466
370 457
1658 4867
1986 5133
3854 6968
3560 6371
4025 7306
3831 7440
1794 3143
1461 4542
1173 1998
1227 5678
2497 2290
1902 505
648 3534
722 5093
3156 5648
2786 4917
2772 4792
3108 6945
2086 5339
3305 4634
2325 1851
1645 2882
259 3059
823 1396
2028 3525
2052 6045
3526 6316
1522 4579
4234 7715
3143 4174
3986 7233
1599 4840
2233 1557
824 1397
234 334
2179 3844
276 497
2847 5069
4031 7614
1943 3194
3388 6069
3508 6849
1593 4599
3196 5699
2083 3592
3421 5096
2077 6227
955 1604
4112 7608
335 528
4186 7664
3272 6606
781 1381
2405 4244
1529 2726
3500 5331
1516 4719
1036 1803
2933 5153
3876 5688
1143 1930
3429 6122
1947 5127
1836 3026
1314 4359
1080 1885
654 1067
3480 5239
1687 2911
2104 5336
848 1370
4142 7379
548 906
1533 4584
3505 5346
1960 6043
2544 2392
1508 2551
779 3584
4141 7534
253 279
2399 4213
2401 6484
4124 7514
3677 5859
552 891
2037 3502
2311 4074
3308 5890
2373 4180
1995 3304
2919 3387
1361 2267
759 1300
4074 7414
2710 2672
2395 6483
3066 3906
1726 300
467 832
4075 7415
917 1531
412 3151
2612 2543
1113 5619
1473 2484
3329 4684
1436 2534
2613 2544
2499 4385
4146 7688
3567 6926
2278 1760
3851 6963
3913 7078
2769 2906
3152 5639
2213 3917
2055 5201
2069 1100
2282 4001
1478 2472
1841 3178
3528 6876
680 3543
92 67
2022 5175
3316 5919
3715 5923
1945 3281
1896 4980
3099 5557
2863 4972
3931 6656
2982 3648
2389 4203
1041 1799
725 1226
2267 1472
2203 3767
4191 7631
2433 4294
4159 7655
2072 964
3812 7432
3332 4679
146 77
3445 6134
3607 6493
1002 1724
2947 3501
2902 5091
1718 2954
4020 7294
1046 3986
2102 5323
3200 5702
3711 6681
222 498
1432 2415
2490 6560
3777 7393
593 4911
2566 4527
1433 2416
4052 7110
1626 2787
1290 2163
1498 4591
982 5427
3141 6966
737 1269
1234 2088
1936 3273
2413 6500
307 198
670 3608
2514 4392
2823 4997
3016 3728
3359 4733
1730 3019
671 3609
1200 2013
2383 4192
2904 5115
3740 6036
1469 2467
1374 6570
3890 7314
1368 2273
1507 2531
4032 7337
49 2967
2682 5980
2880 3343
202 2979
4153 7570
3236 7061
2080 3554
2396 5652
3728 6695
2773 4751
1961 3283
3660 6595
1892 3359
217 227
2927 3348
3270 4519
1493 2516
2002 3298
1838 3226
656 1122
2983 6246
2174 6244
1045 1659
2390 2009
1195 4229
4136 7636
2876 5089
3147 6463
2357 1939
3318 4671
3206 7032
3924 6672
3648 6563
2015 3403
1033 4035
2714 2693
2377 1967
3741 6702
275 431
3012 5358
2256 3938
2971 3629
2966 3585
3054 7210
2431 2102
1395 2381
1904 3243
1889 3347
320 511
1166 2000
3723 4865
3347 4725
1611 2656
3255 5809
752 6185
2394 4215
2270 5455
303 429
2527 5784
3092 5510
420 3070
2958 6096
299 430
716 6150
4161 7702
1536 2572
1429 4506
664 3307
2050 1026
653 3596
2170 6243
1044 5503
2894 6166
2534 4460
1154 6450
1811 4922
3604 6478
4172 7681
1303 5735
3207 6525
919 5381
3935 7114
2017 894
4108 7493
3923 7128
1810 3018
4138 7528
2595 4617
3592 5604
3829 6913
2476 4346
2556 2431
1631 2702
57 131
484 3318
3868 7005
2146 3727
1880 3190
75 68
2333 4122
2370 6445
3337 4685
2384 1988
3549 6350
1784 236
1358 2349
581 6051
3037 3810
1370 4447
2937 3417
1416 4489
3887 6521
455 793
435 3258
3476 6186
3693 7112
483 850
3348 5994
1977 3349
3335 5959
7 47
2586 2486
55 89
877 5324
1984 700
2858 4981
647 3371
2173 1424
863 1449
477 644
902 1573
1380 4440
38 28
3799 7214
1249 2107
1366 2351
2861 5018
1664 2876
1207 6993
1367 2352
3453 6154
1165 5643
3109 5549
626 4912
2475 4347
2336 6406
1601 4658
37 46
2570 5838
1428 2430
2403 4228
3024 7412
2428 4289
228 3086
555 849
3817 6344
1874 3069
1191 2029
2007 5170
3452 5185
3735 6033
2162 3746
2716 4737
527 693
2095 5083
464 760
3548 6356
2470 2185
3574 6965
4114 7669
171 120
3375 4924
2647 4602
707 1095
968 1636
2532 4450
1610 2716
1793 3142
685 1011
864 5309
3286 5865
3326 2718
1876 3175
1317 2209
97 169
2637 4650
3041 5393
3954 7141
2073 3491
1654 4862
3089 5522
3116 5585
3710 5903
2152 5414
2481 4360
1232 4279
4152 7687
3733 4714
507 594
3086 3964
1259 4308
1028 4043
498 815
3062 6262
1468 2537
1605 2679
3013 1231
799 1379
592 945
2412 6501
1040 4048
746 1328
800 1380
2879 3358
2686 2630
3524 6305
2347 4134
1084 1870
3541 5419
1031 1805
861 1431
1353 4446
2005 5141
2695 4675
1127 4151
614 6062
993 1686
3965 6782
2364 5615
468 3263
1004 3978
3933 7120
321 510
3562 5512
2378 4191
451 3336
4094 7453
2976 5278
1021 5559
3781 6808
2545 4466
2491 2241
839 1462
2187 3619
501 742
1443 2456
3150 4196
2696 2688
2224 6865
997 1752
4026 7495
4179 7436
71 310
2214 3920
2241 5486
3279 5855
1294 4336
804 1171
1905 3382
1167 1995
282 2950
2430 5689
2859 5098
1074 1854
3699 6651
2801 4925
2025 5156
1526 2659
860 1294
3345 2873
1975 3270
441 595
1649 6028
480 785
3088 6873
3008 7205
666 3604
1013 6362
3040 5382
2127 3757
3033 3802
260 3060
3818 6341
2973 6256
2166 3748
3411 6056
4178 7723
2607 4569
3475 6811
1998 881
488 485
4119 7613
1939 5136
1771 3022
312 3064
1624 2786
3899 6581
1814 3045
117 3046
2285 1725
3632 7045
3465 6206
3814 6882
421 397
1022 1734
1372 2347
101 3037
2234 3933
2142 1356
3173 5662
2568 2448
469 3276
2004 5076
2627 4574
1799 5017
3816 7431
3237 5768
3873 7007
3597 6476
3826 6911
194 333
1598 2626
1858 3268
1866 3076
3980 7555
2165 1360
697 1091
2124 1327
1565 2581
2305 1733
2591 5844
3361 6038
2099 5288
2331 4101
2956 5184
4015 7002
2091 5300
2147 5293
490 3309
2815 4896
3209 5716
3254 4470
1278 2151
1319 2202
981 1728
1950 6132
20 129
657 3643
1419 2408
3317 6718
376 3120
1316 2199
2453 5718
1847 3132
2827 6092
2295 1712
2435 5697
3002 6272
1248 2108
2828 6093
545 3392
689 1116
3936 7117
2460 6534
3183 4260
985 6891
1010 3959
81 218
3166 4230
1818 3128
1673 2840
1156 1958
3020 5378
3433 6763
39 2996
971 1706
3606 5659
1085 4034
2963 6794
3058 5446
3697 6660
2393 4214
3469 6180
4167 7667
954 3816
3973 7187
3522 6317
2339 4107
3430 6759
2254 3945
3675 5840
3124 6958
945 5467
3523 7559
3126 5605
3377 6057
3946 6694
608 935
3901 6583
155 163
242 495
688 1108
2049 1025
2845 5025
1978 5174
2212 1575
2151 3794
2048 6083
3806 7224
499 823
1966 572
3498 6278
2913 5186
3853 7261
2087 3674
1779 326
3071 3929
551 890
2662 2592
470 3202
3472 6770
2032 3469
2694 4615
1385 4492
2865 6126
500 860
1616 2683
2881 5062
429 588
3129 6454
344 290
594 3498
1079 1902
23 6
4018 7292
1517 5880
491 3310
2220 1585
1467 2538
3137 6447
416 322
4023 7303
2353 4135
3941 7383
506 535
3321 4676
387 651
283 3020
4034 7510
3995 7451
1019 4038
1330 2296
2225 6864
2766 5998
1090 1894
1112 1924
2836 6102
1741 136
745 1329
3585 6405
1379 4439
1239 2092
1827 4893
899 3742
471 772
258 3049
2981 5273
197 420
1521 2567
655 652
1574 2582
2122 1296
3984 7423
983 1666
650 6105
3216 4333
3713 5928
719 1222
3920 7374
3294 6633
2903 3428
3473 6224
1136 6443
1698 3011
835 1408
2783 3061
2382 4195
2479 5736
1062 1848
418 537
668 1097
2163 5420
3389 6070
2519 4474
3559 5508
1648 4860
2216 3836
2781 3051
3959 7165
2536 2363
3820 7421
3455 6813
127 3077
2328 6423
3609 6497
1688 2824
3748 6745
994 1717
525 717
13 2935
1582 2608
1900 412
2074 1048
2764 4812
353 570
2398 2022
314 3068
963 1651
1588 2632
3301 5892
3908 7352
1911 3184
195 390
448 657
4126 7513
3670 7066
2648 2596
687 1088
3084 5506
1448 2464
675 1099
1332 4384
1883 5078
2097 1096
1712 3023
2154 3777
3738 6027
2334 6402
3775 6791
1650 4873
3032 6312
181 3096
3451 6155
2559 4507
2221 5441
1682 2869
3927 7105
2485 7053
1888 3198
1859 3267
3993 7446
771 1366
2600 2525
765 3740
2359 1929
561 3452
2062 3464
2298 5566
2176 6838
1354 2260
4209 7747
1065 1855
4012 6989
1926 691
1518 5881
3 43
210 319
1764 4945
225 474
2186 1451
1907 3147
1118 1923
3153 5640
3724 6024
3838 7259
348 631
960 1617
909 5421
1666 2861
601 882
961 3953
2202 1505
2045 3538
1229 2083
3174 7289
1983 3460
3972 7397
1122 5567
535 712
302 3154
1193 4232
790 1163
2281 3910
4086 7227
1839 4944
4222 7742
1576 2588
4192 7632
2293 5555
18 2968
1289 2168
829 6247
3007 5363
2443 4307
1237 4282
2324 1758
1505 2555
897 1527
393 487
2469 2177
2141 5364
731 1185
611 928
2263 1622
3796 7551
3383 6065
930 5385
2251 3924
4110 7604
2238 3932
582 4919
903 1542
677 1092
433 6050
1869 6086
984 6340
2896 6123
4090 7571
1898 5037
3552 6880
63 156
652 3278
220 3205
2761 5996
2574 4537
440 344
1532 2657
2289 6360
1878 3233
604 3494
1798 6047
1791 4898
4225 7732
2762 4744
2280 4032
4030 7040
3485 6235
3787 6815
3022 5374
1247 2105
2541 2391
2824 4998
3171 4236
2606 4556
3774 5007
2900 5179
135 116
215 248
1364 2350
3281 2647
3277 4538
1373 2275
2577 2461
704 3613
3803 6862
2386 1991
3274 4536
3068 6332
2542 4462
2523 4505
2320 4091
2150 1354
2437 4302
953 3817
2408 4243
3894 7038
3204 5708
1867 533
3157 6977
4113 7323
233 516
2014 3365
3087 3965
4070 7191
2652 2598
3474 6810
2416 4258
1093 4125
766 1344
3364 4814
277 4914
570 816
995 1749
3776 6209
2872 5063
1108 1915
2205 1534
3681 6624
2406 2036
2215 1558
947 1578
828 5254
838 1426
3369 4824
543 698
844 1417
3148 6470
358 624
646 4973
3261 4484
2196 3841
2041 3436
1923 3182
3553 5491
3934 7116
1256 2115
3709 6665
4093 7252
3168 5663
2940 3505
2938 6771
512 887
1924 3183
2375 1964
3131 5623
3596 6475
2482 4354
2970 3597
1833 3124
4067 7401
3928 7109
3462 6816
3449 6203
457 586
377 392
3053 5415
2066 3465
3730 5952
642 1044
2691 4648
869 1260
2314 1826
2598 2524
3624 5719
1474 2487
3104 6909
1134 5573
1284 2152
1466 4570
788 6229
2391 2008
3870 6509
659 3542
4011 7479
2616 4605
950 1605
735 3644
34 4891
2211 3913
717 1237
3947 6700
3925 6671
2223 1594
2560 4524
2949 5223
2676 2612
633 3476
1344 4393
2866 6136
270 558
3827 6907
2666 6677
4071 7197
2785 4903
2561 4525
3307 6678
4139 7529
3842 6930
3246 7067
3828 6908
1231 5684
1107 4100
1573 2583
1982 809
4140 7533
3386 6064
1685 2913
2495 6561
1546 2575
3654 4458
3167 4235
2237 3928
3808 6870
2474 4348
809 1359
3791 7407
1994 3335
2962 5291
2488 2235
4130 7107
2731 2756
3895 6533
3705 5905
3516 6288
2053 5219
530 3459
3127 6964
636 822
3613 5680
721 1149
2228 3926
3228 5743
1568 2622
1954 5023
3226 4363
1423 2388
682 6110
3900 6582
287 159
870 1453
1819 5041
1502 2589
1190 5636
1240 2093
2596 4616
789 1255
1948 702
3823 6857
2477 4345
29 40
3006 6774
857 1432
158 38
1917 3380
695 5030
2439 2138
4089 7445
2928 5140
2756 4828
966 1511
3874 7008
1840 4943
1660 4746
1705 3015
1335 2292
2985 6237
2440 4304
624 3472
2631 2563
1540 2600
2717 4738
3038 5398
584 980
2057 3513
2388 2001
1782 3117
2832 4920
1323 2233
1509 2535
2191 1440
2058 3514
3773 6156
3998 7265
3535 6878
4115 7670
2046 6128
2628 2561
3055 5449
3990 7444
3073 6321
2521 5777
113 177
2667 4627
2193 3832
2806 4999
3539 6887
672 5009
3231 4366
2027 5221
1091 1901
3365 4816
1622 2707
703 1186
2807 5000
4168 7504
3170 5661
1715 3090
188 3078
3515 6277
4169 7505
2145 3751
619 3138
2722 2686
504 632
3252 5800
1955 5061
1899 3239
1255 4300
1580 2599
2327 1860
2126 6841
3100 5544
2877 6095
1146 1951
31 45
1674 2777
3052 5437
3865 6503
3587 6974
1697 2989
1384 2404
2518 6575
3593 5627
2317 1755
2483 2200
3428 6121
1292 2166
2878 6146
2261 3936
2135 1349
1848 451
1531 2658
2132 1346
3014 6784
2846 5026
2700 2652
2820 4963
2701 2682
1096 1884
3015 6785
4060 7391
3177 7486
898 1494
3179 6505
1293 2176
2367 1938
3080 6886
2977 5279
2098 3696
2307 1736
2546 4467
2016 5158
3616 7305
977 3824
2657 4626
2929 5236
1853 6084
3792 7409
2209 1416
280 3039
423 635
914 1553
3573 6957
583 954
1363 2359
1377 2291
1777 3032
209 318
4084 7562
3628 7605
2456 5714
1280 5723
86 146
1043 1790
3912 7079
959 1616
1228 2078
987 1738
2271 3931
2531 4449
575 876
2562 2436
2275 3943
2258 1601
1260 2118
4103 6988
4092 7253
2787 4940
2188 5440
3953 7140
1266 2131
3608 6994
3698 5891
3056 6295
2230 3919
3464 6215
143 2959
2830 4958
741 1306
2227 1582
622 3453
834 5250
476 3249
3603 6490
2911 5043
1369 2274
240 427
2964 6218
3313 5927
2833 4995
3431 6760
2310 4058
226 3005
699 1102
3360 4715
1205 2049
620 599
2742 2722
2110 5307
1570 2595
2034 3416
2012 689
1802 3116
4087 7689
679 1001
11 132
3079 5499
990 3877
3676 5853
1233 2087
4091 7574
1262 2143
69 59
1051 5515
3564 6378
124 267
1501 2542
777 5178
3867 6999
3057 5436
2512 2279
3502 5340
3118 5579
2551 2402
45 137
859 5310
1390 4436
3064 3861
30 39
937 5386
523 3247
3180 6506
1184 2021
2516 4396
3309 5896
3872 7663
2318 4065
1511 2625
533 900
649 981
644 977
413 3152
1837 3225
2630 4595
3896 7047
3917 6628
1281 5724
2999 5316
742 5137
189 2946
502 870
4073 7398
1282 5725
2968 5280
3070 5487
2182 3840
3003 6273
1276 2155
3543 6905
2671 4638
2641 4601
2351 1907
1600 2678
2335 4088
1198 4210
478 3208
617 927
2355 4145
3825 6365
315 178
2709 2669
3456 5182
3756 6068
3489 6799
2349 4121
3363 6039
2217 1546
1477 2520
28 12
3144 5629
4120 7331
730 3655
2218 5476
3555 7225
1855 460
3617 7022
3407 6108
2711 6026
2250 6866
3849 6959
2144 3736
2838 4933
568 956
540 886
890 1478
3227 6546
3754 6103
205 249
3877 7595
3788 6829
2642 4596
907 1581
904 6855
2984 3636
726 3658
756 1145
1130 4155
2882 5159
743 5265
1343 5787
1422 2393
3649 6568
2076 1093
4231 7713
458 3422
3757 7155
2917 5218
3172 4237
1672 2859
2240 6323
822 5261
599 869
574 910
4003 6978
3642 7049
1006 1753
1957 3279
2340 1904
2450 6528
3106 4015
2343 1828
2068 3493
446 3288
4104 7290
2424 4283
2948 6198
3247 4443
2189 5313
290 3025
3392 6107
369 456
1710 3009
801 3572
674 1065
392 411
2249 3951
1277 4338
1491 2521
3146 5609
3685 5866
862 1448
3288 5871
332 447
3987 6883
2119 3660
41 200
661 3517
1886 3246
1842 4991
938 1598
3944 6698
851 1488
2517 2346
274 93
1329 5767
1342 5748
3027 5379
826 1368
784 1399
3176 4241
3406 6758
235 475
908 1589
324 272
1719 4927
2486 4362
763 1279
1739 3006
2625 4578
3919 7100
2849 6101
3970 7198
2539 4455
293 210
3211 5709
2297 4062
3605 6492
2618 5973
294 211
3396 6078
2222 3892
2972 6255
3520 6313
3490 5246
1804 3170
4001 7267
2082 3591
2156 3766
522 585
627 6060
2922 6144
3302 5893
967 3893
2260 3881
2945 6769
1736 2972
640 978
328 3084
1295 4367
3623 7318
2753 2764
1153 1969
3085 5507
1775 3087
1669 4847
2752 6029
3425 6139
3285 5864
2363 1947
1067 1769
2526 4469
2659 2721
272 506
2445 5707
1928 3266
1882 4990
3060 3850
1684 2780
3198 7311
3466 6191
3951 5963
3835 6373
1322 2302
3484 6231
2953 7160
3517 6279
3503 6265
62 3030
1171 2003
3295 6632
472 727
1057 1811
3706 5898
4205 7749
2385 1989
2520 4473
4134 7537
1641 2775
2265 1522
2639 4609
3601 6489
3353 5978
2042 3521
2158 3690
2206 5350
842 1409
4148 7564
2557 4511
1696 2988
969 1634
2991 5298
1817 3135
705 612
1222 7003
167 173
2118 1213
2255 3882
2908 6161
3051 5442
3547 6357
2513 2271
342 515
1985 5052
2553 4490
1267 4306
1170 1994
2626 4571
2986 5333
3311 5912
2554 4491
1663 4876
3538 6889
3862 6992
2939 3504
1472 2468
1246 2106
3323 5931
3558 6375
3668 6592
80 71
2247 1574
1476 4643
3701 5889
2508 4381
1967 3238
1828 212
3382 6059
2109 6798
1349 2250
3017 3661
1405 2358
2288 5535
2987 7417
4065 7402
2008 5171
2759 4851
2656 4625
676 993
3025 6290
104 2932
3026 6291
3590 6951
3651 5793
481 825
3094 5519
3212 7036
2114 3649
872 1506
3501 5332
4038 7353
3686 6631
3659 5804
1202 4246
589 847
2528 2331
673 997
2864 4971
590 848
988 5513
886 1555
1452 2452
2427 7295
333 3162
508 810
3334 7385
177 321
505 3443
811 3708
567 893
3690 5875
713 1215
949 1512
3414 6106
2397 4216
2236 3927
3942 5957
2344 6441
2487 2234
244 3021
2130 3737
549 722
1627 2705
4158 7695
715 6151
3707 6673
386 293
755 1298
1854 461
250 3004
509 874
3621 7317
286 462
3251 4465
634 1066
1921 3176
3696 5902
2259 1600
1879 3232
2944 5177
3841 6927
2379 4179
2006 703
1050 5514
3542 6893
3486 6234
1758 4928
3315 2650
2023 982
3276 4532
2623 2545
3119 4076
1968 3062
3197 7310
2989 5259
3963 7390
2313 4053
3339 7148
2573 5845
2725 2696
4046 7633
368 315
550 748
3514 6778
1964 3414
2771 4878
706 5111
2030 6752
3082 6352
669 3520
3067 7430
4111 7606
3233 5781
2129 1335
1965 3415
1011 1766
2994 6252
454 794
3031 3735
2817 5006
1731 3002
2296 5548
190 113
1123 1927
3140 5625
3256 4471
2602 5863
972 5410
3367 2841
1064 1859
2473 4358
334 215
1925 3177
3162 6987
300 181
3904 7517
322 378
2417 4261
1271 6524
3716 7544
2498 5785
2117 6172
3569 5556
1376 4438
565 734
1355 5775
337 547
4118 7623
2730 4718
2685 4655
230 3108
1099 1782
684 1087
810 1403
2842 3254
3142 6471
571 878
252 2978
694 5031
12 53
108 268
1177 2015
366 3259
211 3157
3510 7182
4215 7677
2870 5024
3059 5453
3722 6697
3636 6536
