1997 4469
537 636
1123 1514
1361 1836
1662 4213
1971 4492
477 2814
2517 3789
505 2847
153 2386
3256 5063
4000 6663
4049 6479
548 2891
3677 5806
1353 3774
1120 3499
707 878
2522 5051
47 41
2016 4519
3204 4964
4034 6610
3130 5657
2843 5326
1512 3962
2499 3741
2397 3567
3269 5083
4143 6712
3458 5434
3575 5628
910 3243
2635 5141
3914 6461
1515 2086
3749 5911
1165 4888
94 2436
267 179
2291 3382
3589 5647
3802 6325
3763 5940
44 14
2982 4596
1337 3734
2495 5027
174 2483
2161 3139
2827 5332
3632 5742
3796 6318
4085 6536
4140 6632
2089 4586
1445 3875
4172 6746
2251 3287
1829 2617
2595 3970
1678 4221
1354 3732
3665 5780
3894 6432
2305 3401
1388 3777
1305 1767
3668 6188
1178 1598
89 64
902 3244
1089 1477
845 1126
2443 3650
2801 4282
3733 5883
1527 2163
497 558
2011 2851
1918 4385
716 4618
299 310
2668 4081
675 834
731 914
4203 6797
1739 4273
1245 1690
2643 3991
2750 4195
3600 5677
2484 3706
3195 4953
385 2712
3550 5590
53 29
1579 4111
2971 2971
3945 5215
1738 2469
2627 5126
1645 2313
3254 5061
2631 3980
2067 2984
2818 5299
1822 4289
1209 1642
3892 5733
2841 4359
1408 3858
3338 4165
3475 5985
3645 5755
627 2905
456 515
1862 4331
4166 6681
2562 3866
3071 4751
2932 4511
3505 5523
3098 4786
368 354
3120 5642
944 1263
1256 3635
2736 4164
2586 3904
1087 1468
1081 1465
740 912
434 455
4077 6713
1986 4497
1020 1371
169 2407
1417 1935
436 2693
3455 5968
3772 5956
1902 2714
2216 3229
817 1064
126 2394
999 1356
3074 5589
821 1022
1269 4957
2894 5414
603 4529
81 70
1943 2749
3108 6097
1934 4401
1758 4286
2934 5432
3767 6291
302 2629
3693 6223
4099 6664
1007 3378
3876 6129
736 937
1151 1561
2796 5289
3004 4607
2333 3442
2410 4925
2656 4031
2700 4068
3714 5866
1681 4218
1182 1607
3250 5772
521 2841
291 4305
2235 4753
1857 4315
293 274
1496 2056
175 26
3429 5369
1596 4114
1128 1530
2033 2878
1560 3986
294 275
1786 2508
1976 4478
549 612
3296 5839
699 868
3299 5847
140 20
1839 4354
3993 6554
1539 4019
2928 4508
1517 3966
2914 4472
614 2893
4076 6528
1854 2647
2493 3766
3715 5857
108 2489
390 437
1220 1658
1978 2824
2712 5230
3771 5952
3171 4914
2961 5467
4136 6706
460 2808
3912 6205
3708 6237
1855 2648
2044 4532
3082 5601
2361 3496
3917 6209
4233 6813
911 1213
3807 6328
918 1219
2692 4136
154 2393
923 1248
3051 5570
2569 3964
3835 6065
680 3023
2909 4495
4115 6686
2891 4450
3580 6099
1018 1376
1549 2201
2857 4357
3394 5913
893 3216
1718 2401
4195 6784
3056 4711
1335 3744
1306 1793
311 2616
2728 4143
2957 4566
4088 6541
3582 6103
4089 6544
556 2825
3430 5946
1439 1961
2452 3689
3067 5580
1994 556
296 2529
2760 5232
969 1296
2023 2909
1232 3618
466 517
623 2943
3615 6132
691 2993
3795 5999
365 380
1555 4088
2201 3195
2081 2977
802 1006
3189 4948
3636 5737
2632 4059
3838 6367
158 95
760 966
1356 3779
3735 6272
3611 5695
266 2492
609 732
3127 5651
796 1027
4061 6634
4155 6538
2147 4667
3273 5805
544 2876
45 36
1516 4048
2714 4096
3690 5821
610 733
2173 3169
3969 6307
228 2552
1389 1892
3297 5142
1308 3729
4162 6735
545 2877
1001 1351
2962 5489
2847 4383
661 2988
2958 5464
559 676
586 645
791 3140
403 2709
3750 5276
920 3251
1320 1801
3258 5069
4074 6529
750 901
3976 6313
3554 6054
83 2349
3937 6488
1070 1449
2233 3257
2072 2974
3469 5455
4113 6598
4075 6530
1955 4464
772 990
732 925
1529 2160
3704 5168
2240 4752
1754 4259
300 272
1330 1838
419 342
183 2507
708 3041
3858 6390
2243 3279
3527 6025
3916 6472
1927 2664
3261 5776
2170 4677
1192 1608
698 3027
1043 1405
1249 3634
656 813
3288 5117
2854 5320
423 454
874 1175
1959 2735
3350 5895
3774 5412
3011 5530
3667 5781
1045 1408
1132 1529
1264 1707
2179 4708
3105 4799
3433 5954
1399 1894
2332 3438
3192 4945
757 959
4116 6439
1601 4066
908 3248
2418 3613
2598 3926
378 2643
3669 6195
30 2364
2776 4214
4189 6779
1186 3574
3020 4649
49 2396
1671 2278
3765 6290
3021 5542
3441 6301
1807 4267
4018 6409
1221 3609
2844 5336
3603 5683
2833 4338
339 2568
2467 5006
2570 5086
3818 5573
3609 5692
643 790
264 2490
1740 4256
2950 4533
856 1140
592 716
2217 3238
1877 4348
3753 6277
574 2915
1466 3918
3214 5725
4160 6729
2348 4853
1268 1719
147 142
243 265
1034 3395
3468 5450
1518 3967
3479 5988
3425 5371
2245 1254
2559 3861
1013 1365
3557 6059
1585 2254
2497 1853
2763 4153
2205 1190
392 393
924 1245
3185 4928
3684 6208
3459 5415
3530 6029
1941 2845
499 580
1789 2518
230 2560
3493 5484
4161 6771
3911 6466
327 2628
2792 4250
739 935
1546 3983
2892 4451
1580 2116
3723 5893
1322 1832
2865 5373
1281 3696
3586 5645
795 3155
3846 6090
2440 3646
3509 5511
2246 3284
2626 3960
2469 3685
3323 5194
4183 6582
1777 2493
3017 4641
3510 5512
850 1131
606 725
3058 4718
1562 2198
3840 6366
3128 4851
3200 4955
3948 6274
1394 1888
109 96
513 2768
502 588
982 1316
607 726
2221 4742
407 438
61 2375
2485 5750
3036 4673
3238 5033
1142 3528
1649 4208
790 999
1541 3987
898 1207
111 2447
2770 4223
3023 5547
1352 3775
1576 4010
2055 4565
518 2787
2074 2989
1435 1987
192 2453
1711 4228
964 1283
3227 5748
2140 4660
510 615
1396 1920
3405 5916
1536 2077
3301 5153
1116 3497
922 1240
1926 2764
4070 6517
2829 5309
651 2980
333 2652
381 426
2004 4505
1304 3697
3566 3341
2872 4427
3570 5624
198 146
3619 6154
2082 3011
214 4303
3991 6546
783 1000
1425 1939
1210 3606
1410 3863
159 171
1586 2125
166 82
743 3066
2949 5475
1842 4361
1957 2786
994 3357
2990 4604
3393 5293
3553 6058
3736 5882
715 3045
488 508
3137 4861
51 34
4127 6618
99 2357
3574 6096
2224 4739
1713 2373
247 283
1021 4810
4122 6612
3381 5277
1784 2517
1314 3716
778 1003
3999 6377
1139 3516
2399 4906
771 997
2985 5503
3135 4857
2349 3461
4190 6781
761 967
1809 2462
195 184
1152 1560
2463 4973
2242 4760
4016 6408
367 409
3537 4701
1458 3877
3545 5579
4096 6562
4012 6401
3938 6484
2732 4110
3356 5244
3789 5992
3496 5502
2704 4126
4091 6658
3794 5998
2040 4544
3241 5037
295 313
566 681
206 4272
1130 1533
2835 4323
3443 5944
4097 6567
4204 6764
136 4225
1643 4202
41 2419
1597 2165
1278 1723
310 2597
4006 6575
1175 3575
669 3003
3466 5979
2516 5018
4167 6736
1840 4353
3114 5638
775 993
3686 6210
376 2684
612 2890
1686 2335
932 1253
1742 4265
1344 1851
508 584
2031 2906
700 837
2821 4274
928 3266
2667 4044
4128 6617
1003 1361
3560 6063
3844 6371
3454 5969
2032 2907
555 649
1148 1538
345 2567
3652 5770
2166 3149
1967 2794
3333 5202
2724 4119
224 215
2606 3928
418 421
2112 4642
1234 1675
3080 5597
640 766
1377 1865
1909 2727
1160 1565
2152 4688
2303 3399
3925 6227
4177 6758
1255 1715
2182 4710
946 3295
2403 4910
2711 4166
2350 3460
1783 4266
1619 2258
3179 5700
1339 3748
3728 6256
767 3119
3042 5560
331 319
3998 6374
1262 3657
3034 5555
525 587
314 2618
2010 4503
91 2367
3216 4969
511 511
1370 3786
3045 5564
3295 5826
3344 4189
3956 6497
1780 4245
4009 6392
23 1
239 211
3321 5191
717 902
2370 4875
3271 5799
3602 5679
3679 5827
1621 2232
281 278
1498 3958
3279 5108
2672 5204
3142 5665
2538 5075
2215 3237
3939 6485
1218 1645
2219 4744
885 3215
1794 4317
2115 4630
354 369
2588 5829
1414 1926
219 2520
3089 4763
1481 1992
3327 4093
3129 5656
2328 4832
1315 3708
414 453
3386 5304
2518 5047
3897 6600
85 2465
4108 6590
3352 5887
2285 3374
1054 3421
3973 6312
2432 4944
2178 3181
1972 4453
1272 4975
2624 4024
3571 5625
3761 6293
3576 5631
1950 4461
1295 3720
231 81
1297 5008
2490 5019
989 1329
1956 4421
3362 5263
3627 5736
3584 5644
2372 3513
2992 5499
4199 6788
1719 4261
721 898
1640 4138
2174 4680
3191 5709
4231 6810
594 2929
3594 6115
2066 2954
4060 6279
2088 4585
297 2525
3402 5920
437 357
1773 4252
4153 6653
2346 1481
4102 6669
2781 4229
3671 5787
2256 3297
1975 2805
283 229
941 3264
1663 4212
1398 1891
1944 2694
3727 6260
3304 5841
3178 5702
569 616
2340 3450
2342 3452
624 737
2060 2927
1093 3458
1341 1806
1841 2614
3215 4971
1500 3934
2659 2178
4214 6815
88 9
3605 5687
2636 3985
3245 3841
4055 6496
688 848
597 718
2970 4581
1350 1873
1850 2576
124 107
189 116
1077 1453
2236 1244
3472 5976
2744 4168
2212 3232
3252 5059
3994 6555
2979 5478
2963 5991
2489 3724
3336 5871
2850 5345
1672 4194
3399 5287
162 152
2244 3275
3659 5769
1836 2569
2828 5331
3474 5984
2169 3144
50 32
660 810
604 2938
2247 1257
600 666
1985 4489
3970 6310
2280 3368
3696 5842
1881 2592
68 0
2183 3162
582 2868
788 3108
3688 6212
1505 2040
1290 1739
2820 5327
2867 4424
1726 2467
58 5
2456 4978
1637 4178
1465 1977
1846 2606
2184 3163
1581 4105
3427 5937
3517 5538
1632 2238
1519 5175
1594 2171
1953 2807
1032 1390
2615 5123
483 562
2740 4175
2293 4807
3265 5785
57 2433
3375 5274
104 2455
3186 5704
3180 5701
33 6
3491 5487
1016 1375
2021 2898
596 711
1029 1388
4036 6456
1607 4141
3187 5705
330 333
3434 5382
1634 2245
431 2670
401 2638
1393 3813
3875 6128
2988 4590
1570 2107
859 3185
3435 5383
1966 2798
2661 5162
3060 4724
427 2672
3290 5150
506 2823
2578 5097
526 575
121 2458
246 160
1818 2566
3428 5368
2864 5366
1778 147
71 68
1441 1968
3298 5845
3675 5089
2106 4624
618 740
2137 4657
190 140
2286 3376
1476 2062
3800 6018
3565 6070
2295 3384
1282 3687
1384 1912
4035 6445
1722 2358
361 4362
3169 4912
1091 1470
2503 5036
382 4366
3558 6062
2855 4375
3208 5728
304 2599
3984 6335
3811 6341
3922 6218
3755 6281
2473 3715
3680 5822
2157 3138
3322 5210
1940 4455
2065 4563
1904 2719
1806 4295
1936 2756
611 2946
1825 5315
4222 6820
1891 4400
1141 3512
625 767
271 214
3660 5779
4141 6633
3657 5777
807 1047
706 3040
836 1110
2210 1204
2646 4016
1276 1734
2202 3214
4124 6616
67 2395
866 1160
2454 3663
2200 4713
2190 3179
204 120
217 185
551 654
2969 4555
3882 6137
815 1065
3158 5681
2978 5996
2051 2910
3329 5199
3413 5925
3197 5722
1299 1814
3418 6286
4200 6753
1108 1499
4171 6701
3712 6250
1863 4322
3915 6620
326 4345
2096 4611
2507 3742
2541 3829
3044 5565
3380 5285
3440 5384
4010 6397
4068 6510
364 362
3431 5950
2805 4249
1929 4398
1540 3988
3964 6295
276 293
1289 1748
444 2691
2989 4595
3944 6254
3039 4679
2134 973
4120 6601
2159 3157
2188 3186
2491 3726
2377 3511
2550 3848
1391 3824
2528 3788
4030 6435
163 153
3790 5997
654 807
1554 4095
1700 4226
1074 1452
1511 2080
3883 6421
3116 5641
3122 4833
2252 3281
578 2864
4139 6709
3368 6273
3226 5003
3283 5820
2903 4491
579 2865
1274 1752
3649 5765
3931 6230
1041 1397
4221 6795
2155 4692
2587 3914
2394 4896
2574 3891
1412 1933
3145 6116
2553 1948
963 1289
1867 2669
3218 5747
2324 3428
4062 6499
362 2609
2426 3623
2327 3433
182 4297
987 3352
1334 1798
2806 5317
2400 3588
3511 5535
2983 5500
2384 3536
1800 2509
3451 5418
116 2391
3573 6093
3775 5961
704 870
425 484
3334 6264
2695 4089
4213 6811
2195 1161
3871 5699
1131 1528
3694 6229
2752 5260
4206 6822
3040 5561
1801 2510
3881 6135
202 2521
2707 4123
4121 6450
664 2966
854 3183
673 817
749 958
2613 3948
2279 3361
2532 3809
139 132
2043 4547
1487 2015
4208 6768
1676 2304
1266 3647
1456 1983
1252 1703
976 3326
2998 5528
554 662
223 2482
2687 4058
853 1101
562 2896
1191 1602
2141 4669
1534 5185
1040 3409
1079 1457
2832 4320
2509 3753
1830 4301
774 994
66 59
3463 5977
517 2788
474 553
1748 2418
1660 4150
3813 6344
3568 6370
3707 5848
843 1119
406 2724
3010 5521
880 3198
2307 3405
3231 5007
919 1220
2584 2024
2875 5385
3804 6330
1707 2355
2614 3989
324 309
4168 6690
3986 6346
3845 6086
630 743
438 2705
819 1070
738 934
2804 5272
3590 6108
1019 1377
1418 3849
4169 6691
3486 5485
4052 6477
1049 1413
4134 6630
2545 3825
1112 1504
241 2468
818 1068
900 1206
2918 5448
3095 4771
1317 1788
3860 6112
3009 4615
3644 6176
1359 3780
620 694
2725 4103
1283 3679
670 3024
1566 2209
2207 4726
1440 1962
2383 3542
3157 5686
3025 4655
1099 1492
1338 1807
2582 3938
2392 1573
2386 3546
539 502
4065 6506
3830 6356
3019 4650
3880 6141
3793 6002
1898 4426
2430 4940
2034 2897
1861 4330
1970 4493
446 2782
927 3259
2549 3845
1493 3930
3384 5302
2873 4422
973 1306
861 1148
1122 1524
1489 2008
4039 6451
3104 5623
487 544
2191 3193
2253 3282
1189 1600
152 2368
2690 4113
2567 3873
282 2563
3182 4929
1307 1761
3221 4991
277 4340
1655 4200
1036 1392
3117 6102
678 2992
3798 6323
4191 6741
748 3072
1373 3759
482 2835
2042 4558
1037 1393
3588 5648
1042 1399
2618 4051
3989 6351
1771 2486
3731 5221
1097 1483
181 151
3246 6186
1287 4994
2419 1672
3888 6429
725 3075
3341 4182
1174 1595
940 3265
410 2645
1595 2241
3448 5363
1236 1701
3595 4870
746 3094
3177 6127
3436 4425
3495 6001
2581 3907
588 2904
536 2856
2335 3444
3862 6117
546 650
2677 4065
2622 3959
3267 5798
770 978
3022 4652
1960 4433
547 651
4015 6407
343 2686
820 1075
1925 2729
1168 3563
1568 2112
522 565
2599 3910
2727 4108
2703 4125
2797 5301
1588 2140
199 2437
221 249
1267 3649
2652 4007
3442 5364
2935 5446
1787 4257
712 885
1668 2293
1747 4243
1914 4391
1746 4287
3820 6350
4078 6527
4211 6777
2336 4844
3618 6147
2991 4603
2230 3253
2127 3101
1951 2799
117 2478
285 250
2944 4538
1772 4246
3354 4211
3919 6213
838 1108
2520 3803
3581 5637
3115 5640
1605 4067
118 2479
2691 4072
3317 5876
3257 5790
3806 6333
1380 1887
4123 6611
2798 5283
847 3191
2102 4629
360 2584
3311 5174
2292 4808
1374 5042
4100 6665
2462 4961
1528 2164
998 3365
2020 2899
822 1026
1336 1848
1233 1674
95 18
560 2883
1630 2269
2406 3595
3924 6226
72 2381
3785 5978
1163 1567
2802 2460
1051 1415
3240 5023
3847 6091
1782 2522
3055 4714
2317 1409
1147 1544
744 927
3294 5825
3849 6095
1159 3548
3766 5935
315 2624
3452 5427
3864 6123
3013 3071
1988 4462
909 3230
2544 3833
4066 6507
1923 2730
3409 5325
2901 4404
3978 6317
2816 5311
2766 4204
1820 4333
329 305
2269 4770
2931 5440
1924 2731
1532 4004
531 581
3291 5823
1793 4316
3995 6557
2568 3874
992 3350
1455 3911
512 598
3567 6076
3987 6032
4004 6571
3481 5994
2921 5433
1731 2451
119 2409
1404 1921
2077 4589
3563 6068
2363 3500
3206 6153
2993 5501
3909 6455
3825 6051
301 271
3300 4062
3564 6069
384 2696
2782 4237
501 557
268 210
829 4691
3583 5643
2795 5281
4232 6814
1947 4468
4198 6787
936 1260
4040 6463
602 738
102 2398
4224 6823
2536 3817
2466 3674
2494 5035
2638 2159
3024 6022
2189 3180
2594 5128
1216 1659
2965 4571
167 131
38 2376
3941 6266
1583 2187
1237 3622
1844 2611
3891 6434
115 2353
2938 5441
1358 3776
2225 4740
3319 5865
676 819
59 2351
1845 2612
3598 5669
2757 5245
905 3228
636 752
1736 2449
1166 1572
1897 4417
25 2354
341 343
39 19
530 609
2506 1845
2341 3451
3561 5606
3936 6481
1880 2671
3866 5696
2164 3159
1900 2700
1316 3701
2238 4758
2870 4412
2447 3662
3562 5607
421 417
3358 5228
1727 2408
191 2421
4082 6647
357 377
2478 1794
1204 3600
558 647
4013 6580
3699 5834
2639 3998
524 2852
868 3199
3497 6320
2282 3371
1467 3922
3700 5835
2046 4531
2881 4437
2726 4134
917 1237
528 2858
1483 2002
4164 6678
3492 5483
3899 6183
2248 3277
396 443
1537 2087
2006 2859
4170 6737
581 2867
3166 4911
79 2385
134 2356
2250 4759
1280 3695
3856 6386
142 5296
2910 4496
2368 3506
2037 4550
3889 4960
4220 6819
2093 4620
358 2716
1792 2411
871 1162
3655 5054
532 624
3473 5466
2313 3414
2268 5615
2813 5306
1774 2377
3532 6342
1690 2325
1213 1657
3526 6026
3400 5300
1434 1953
1024 1383
4135 6707
1241 1682
684 840
2980 5490
4131 6705
1767 2414
1271 1755
3235 5022
372 410
2609 3941
2879 4444
2415 3612
1526 2104
1752 4285
1363 3783
1015 1374
888 3227
2351 3463
1552 2091
1737 5275
3318 5189
366 381
1242 1689
2441 4970
3345 5256
1559 2097
2395 4903
1222 4939
422 4390
935 3262
122 73
138 133
878 1182
2662 4018
823 3170
1201 1628
211 2554
567 679
2355 3477
3633 5735
1126 1523
3489 5995
3836 6364
2862 5357
3907 6446
2874 5347
694 3009
412 2717
1066 1443
351 242
1804 4326
875 1184
965 1285
2387 3551
2920 4474
348 389
1819 2594
2842 4380
726 3067
429 2766
2863 5365
2009 2803
307 2620
3741 6261
4071 6520
4058 6635
1768 4240
386 367
1323 3717
1725 4238
3710 5854
113 91
1847 2605
1530 2161
2953 5458
3316 5856
3975 5986
1346 3773
3343 5242
2027 4541
1894 2591
2984 4599
2526 3814
393 402
2765 4161
1991 4502
1557 4078
571 682
2563 3879
1551 2103
1477 3919
1544 2099
2579 3897
741 3090
4132 6251
4186 6774
3783 5973
3234 5044
701 882
2845 4368
4234 6816
916 3235
2180 4709
3719 4158
1720 4262
2226 3236
3277 5099
1871 2653
1459 1974
371 407
1506 2026
394 311
1687 2342
1121 3495
849 1107
4178 6762
3278 5100
1993 2855
1490 4003
2834 4339
2523 3818
205 178
3867 6126
1958 4482
1848 4373
787 1017
4080 6645
529 572
3275 5104
1753 2500
4104 6578
1106 3479
3141 5668
2899 4477
3921 6464
828 3148
3879 6142
2887 4407
3886 6151
1133 1535
1068 1444
2460 5001
649 778
2068 2963
2548 3846
3957 6502
2600 2013
3824 6355
4048 6625
2496 1844
1202 1636
3007 5534
2073 2970
1798 5316
417 2723
1683 2316
3620 5721
2283 3372
646 2936
810 3161
2012 2866
1853 5353
3752 5919
2936 5445
1888 4418
2837 5319
1729 2442
1624 2259
925 1246
1075 1456
2481 3719
3701 5837
3861 6395
4037 6449
1525 4009
3460 5416
2826 4343
2158 3137
2273 4783
2014 2869
550 622
369 375
3592 5652
3901 6185
931 3274
3977 6531
227 189
2100 3058
3101 4792
1905 2746
3293 5120
958 1282
2445 3669
1723 2410
3961 6280
4045 6469
3507 6007
349 2572
1096 1484
1473 1990
1869 4374
2603 5137
2393 4895
577 692
776 1002
486 566
2416 3611
1288 1743
1920 4382
2420 3614
2431 3626
1265 1706
1109 1502
3407 5934
4205 6821
2604 3937
2142 3135
2052 2887
2194 1142
76 2347
2654 5154
2203 3197
3787 5990
2972 5492
320 2661
1901 2698
1751 2404
1599 4135
1710 2389
3676 5803
2143 3136
3387 5915
1563 2124
1865 4351
2442 3651
2960 4549
515 2775
840 1124
718 905
2289 3373
2699 4139
516 2776
1422 3837
3666 5791
1843 2619
4069 6638
2803 5282
2951 5471
3382 5294
1447 2039
2895 4471
2270 3328
3896 6169
639 759
4235 6783
4154 6759
2981 4592
1185 3586
1324 3718
2083 3012
2078 4573
3320 5860
2220 3249
426 2680
956 3299
4157 6763
655 761
882 1198
3578 5634
3621 6159
1916 2759
4193 6742
3801 6019
2510 3762
3097 4787
4194 6743
869 1137
3523 5540
1296 3723
3674 6202
3927 6225
914 1233
1832 2545
2306 3404
3791 6314
4103 6402
1654 4203
1364 1877
2913 5435
1629 2237
3754 5927
2271 3340
3446 5409
156 2473
557 632
1362 1830
3150 4878
1047 1411
2459 5732
3081 5604
4133 6629
2468 4974
2309 3410
3332 5203
133 2461
218 240
622 2940
1057 1421
765 4666
2547 3830
2119 3079
435 2762
3243 6182
1048 1412
3437 5406
634 2975
3494 6000
583 703
2808 5303
4063 6503
2264 3306
2455 3664
666 3013
3199 3661
3769 6298
1127 1520
1548 2083
2994 5508
2917 5447
2461 1744
2057 2948
1949 5380
3211 4966
2620 5139
2647 5151
433 4431
3161 4894
3461 5957
3444 5945
2234 4755
2774 5257
2907 5387
2555 3852
389 432
328 306
2428 4938
1531 4005
995 1346
3965 6296
3339 5892
2097 3049
1977 2817
3614 5712
1381 1881
3233 5032
2153 3154
1443 1972
222 2590
395 2706
1716 2443
2764 5246
568 687
3971 6639
2625 5125
481 555
943 1259
1416 3836
2648 4006
342 349
2530 1911
2927 4510
459 2720
1347 1823
1626 2260
3181 4923
1821 2598
690 857
870 1157
1136 3533
176 165
1495 4022
160 170
722 860
3940 5877
3764 5941
3464 5452
3190 5708
1931 4441
2056 712
2145 3128
3220 4990
84 2422
1386 5055
77 21
3264 5807
1728 4230
3315 5178
3579 6098
1658 2319
4101 6666
768 3120
2325 3430
3415 5922
3743 5889
3635 6438
794 1039
3349 5236
2542 3823
3597 5671
2090 3004
737 936
2209 3219
4105 6673
635 780
3307 5850
3857 6104
883 3209
2339 3449
4188 6780
3059 4723
2788 2345
1400 1896
1553 2090
2385 3537
1501 2028
1125 3503
4067 6508
4151 6719
535 599
2524 5052
1935 2742
447 482
1849 4358
584 2928
3521 5551
2674 4039
2109 4622
4152 6720
598 721
2352 3478
3734 6271
1509 2036
430 471
693 3050
1263 1712
1451 1982
734 903
3559 5602
3634 5734
2572 5092
1444 3920
2822 4269
2048 4530
2138 4659
3346 5224
860 1127
906 1221
3033 4675
1514 2085
2601 3916
197 196
233 262
1930 5390
1446 3925
3471 5451
323 2588
3577 5632
1775 2503
1669 4187
2849 4364
4192 6740
178 180
3242 5046
1475 2030
1765 2365
2943 4536
1732 2425
892 1212
1766 4242
3821 6353
3810 5553
1039 1395
3335 5872
1831 4302
1858 2654
1372 1880
2908 5425
2223 3250
92 2459
3737 5899
2715 4122
1604 2179
259 2564
3203 5724
1357 3771
2417 3608
2015 2873
2670 4082
1614 2220
2429 3625
2831 5338
3711 6245
4230 6812
3950 6489
1896 4409
2070 4568
1023 1384
3370 5264
1618 2225
1641 2261
939 1264
3228 5011
3043 5559
1426 1950
978 1325
1911 2707
1968 2748
3305 5169
2546 3827
2608 3939
4147 6649
1113 3487
2013 4483
60 2370
29 2363
1050 1414
2721 4099
2477 4988
2756 5243
2208 3222
2799 5297
1606 4142
1478 3902
720 867
1083 3454
3377 5279
1095 3464
519 583
125 2400
1452 1973
1146 1543
1667 4217
2722 4100
1351 1874
2266 3317
755 962
1811 4312
2111 3080
1154 3544
1892 4438
2745 5218
2414 3621
2039 4515
3608 6122
2706 4128
4158 6728
1471 2018
4079 6526
2738 4184
3414 5349
2897 4473
2634 4042
2334 4842
758 969
250 2550
4011 6576
319 287
2229 4754
3499 5516
1984 2829
1749 2448
1592 5209
3968 6514
2105 3057
890 3221
3500 5517
3745 5902
2735 4163
2193 4715
1424 1940
2701 4087
1981 2804
3176 4918
3724 6268
3672 6192
921 1242
2297 3390
1254 1729
599 2930
3538 6036
432 2777
3673 6193
2373 4866
657 812
232 2587
3465 5454
777 951
363 2613
1227 1693
858 1155
621 2932
2825 4299
864 1113
4181 6773
867 1158
3512 6014
1145 3519
3656 5773
3324 5195
2018 2900
1464 3903
2500 5012
2085 4584
812 1060
404 2753
2611 2064
4201 6794
2830 4329
1922 4442
3730 5880
839 1116
2769 4219
2265 3308
2947 4551
1571 2108
187 31
1104 1496
3342 4183
2876 5394
2605 3936
595 714
2633 5159
70 2403
827 1082
226 2540
2438 4963
2444 3681
428 2673
2789 4244
321 2660
1522 3965
1657 2322
2968 4574
1251 1698
207 4308
2650 5173
4094 6556
1428 1955
763 970
984 3337
2940 4543
3003 5526
803 1007
255 2485
1779 148
2583 3892
4042 6702
4020 6584
897 1209
2678 4049
3681 5816
4026 6427
1211 3604
949 1262
3253 5062
1442 1970
3967 6513
3236 5759
4144 6711
411 2658
3637 6168
3555 6053
4176 6786
1212 3605
3088 5600
1734 5290
4117 6604
3118 4825
2276 5621
100 2446
665 2972
1321 1802
1569 2226
145 67
380 4386
3990 6547
4175 6751
2318 3419
2186 3187
2123 3099
213 128
1648 4197
2702 4148
4223 6799
4110 6680
4229 6806
3808 6339
2071 2956
2472 3680
1298 3727
3535 6034
4225 6824
2131 3107
112 2388
1685 2340
2819 4310
1014 1370
4021 6411
3601 5674
4219 6818
2314 3416
3518 6024
1419 1938
1331 1791
3654 5053
2705 4077
149 72
1939 2767
645 772
491 2822
3725 5235
682 2983
254 264
826 3172
648 776
1100 3470
540 634
1115 1508
3162 5684
469 2802
3722 5874
1963 2715
2343 3455
2267 3314
1574 3999
1617 2205
1499 2023
638 2962
1639 2282
2353 3476
103 58
1791 4294
96 78
1390 3793
2029 2917
127 2494
2966 4578
619 678
2676 4037
1084 3456
3109 4811
2529 3805
658 787
848 1111
2391 3558
780 1014
3066 4736
1954 4460
1468 3921
1823 4290
2076 2998
303 2646
3878 6145
3604 6120
957 3298
448 489
2759 4193
2024 5439
2534 5057
960 3303
3809 6028
3648 5760
353 2704
256 282
3501 5518
3650 5762
1035 3396
388 433
896 1215
2435 5716
42 25
3502 5519
2315 5639
334 312
3739 2274
78 2360
2504 3756
1833 2589
3873 6410
3438 5395
1679 2330
2378 4874
1781 4279
3826 6052
3170 4916
2149 3133
1382 1871
2658 4101
3173 4917
1675 5269
273 186
3209 4980
288 2578
2817 4311
2807 5318
3073 4741
489 2763
3887 6143
729 929
3090 5612
3289 5114
3985 6655
2275 3351
1214 1640
3482 5982
687 846
523 2839
1620 2231
3174 5698
3485 5486
1085 1479
1150 3534
1194 3589
1992 2854
3424 5339
3506 5513
4197 6817
1063 1433
514 596
1650 4210
930 3256
492 542
2898 5423
953 3290
1834 2637
3155 5685
876 1183
1652 2297
1177 3566
4044 6619
3284 5815
105 11
2117 4627
1625 4104
4156 6724
1072 3445
954 3291
157 2499
4149 6721
1448 1978
563 675
4150 6535
4032 6609
3378 5286
3626 6156
1795 4263
1311 3700
3533 4683
884 1200
3046 4690
2515 5041
1188 3584
1231 3632
4107 6587
2556 3854
1484 1999
1990 2785
3110 5629
1162 3561
2680 4124
2168 3145
3423 5931
3328 5208
1688 4198
863 1153
2630 5138
3476 5463
1661 4151
3172 4915
809 1049
2629 3977
1488 2009
1932 2778
3421 5370
289 2625
3005 5510
705 845
2396 4898
3923 6480
2290 4802
3805 6331
1275 1751
2758 4196
702 881
1757 4234
3900 6184
642 779
3419 5928
2866 5377
4111 6682
3543 6046
2427 4950
1824 4298
2883 4392
1449 3885
3132 4850
2124 3102
2365 3504
3833 6061
4112 6683
1098 1486
3014 5531
1879 4416
677 836
1228 1673
1184 3571
1427 1949
2619 3952
3280 5106
3144 5667
1325 1795
2673 5179
1300 1770
332 338
2787 4260
2959 5477
692 3000
1119 1511
683 805
1107 3481
2610 3942
3248 5048
4073 6515
1691 2332
3542 5575
1061 1432
4038 6615
2404 4922
3702 6246
1199 3594
3932 6238
1715 2434
3642 6173
4087 6652
2022 4525
3047 4689
2628 3973
637 753
2693 4132
3079 4761
203 2445
2710 4090
373 263
2451 3667
735 907
1561 4020
857 1145
1067 1445
1292 1742
3061 3211
208 2475
3662 5774
1876 4397
413 2718
278 2602
1360 3792
3682 6232
3815 6345
1181 3581
2330 4838
2213 4743
2113 3068
1005 1360
1149 1550
2079 4576
498 577
1094 1478
3816 6348
1653 2312
1603 2180
2688 5183
626 670
2311 3412
4174 6750
80 2441
1240 3619
2465 3673
948 1270
1609 2265
2054 710
215 2547
2640 4063
2986 4605
3780 5962
895 1217
2747 5250
615 686
2734 4131
650 2947
2241 4757
2637 4032
3910 5102
3369 5265
2413 4930
2679 4106
873 1176
713 899
2762 5231
3483 5983
1200 1650
3935 6242
2996 4593
2408 4921
3355 5239
3664 6190
3239 3769
3152 5676
2846 4369
3148 5672
479 2812
1999 2779
543 605
2551 3843
3457 5426
439 2796
1538 2122
3308 5155
37 2380
2976 5496
4050 6623
832 3156
2095 4602
1124 3501
2357 3483
2371 4876
2263 3305
2531 3808
465 500
1627 4107
440 428
455 513
1401 1899
129 46
2277 3356
1329 3746
1860 5333
509 594
3347 5225
3062 5574
2036 2880
1413 3828
1730 4270
1796 4264
2906 5386
3070 4748
186 60
420 2703
1870 2555
3952 5886
1502 3969
2557 3855
3255 5066
1564 2106
1010 1362
1937 2751
46 40
1917 2758
886 1202
573 2920
632 770
2231 3254
1952 2800
495 2819
2533 5049
40 12
2900 4484
3885 6422
3829 6357
3348 5248
1375 3784
887 1203
216 93
1815 4284
1415 3835
1938 2789
4033 6447
1945 2769
1884 2659
3432 6300
1409 3865
402 451
1376 3785
464 2816
54 13
2167 4700
1319 1776
2298 4813
4126 6697
110 2431
1946 2770
1980 4490
4072 6299
284 227
3726 2250
1890 4399
3439 5402
799 1037
1873 4403
2139 3121
2945 5453
1193 1611
2685 4070
1225 1665
238 162
298 2526
2878 5393
3877 6419
450 480
3194 5717
4210 6808
3260 5081
150 88
2995 5507
1318 1782
793 1038
90 2346
3596 5670
2329 3437
3237 5025
3641 5741
1689 2326
2967 4575
575 2914
4007 6393
4092 6552
1111 1507
1332 1827
520 2842
249 2497
3629 5727
2889 4459
2537 3822
2973 5493
1589 2135
3139 5663
1169 3562
3002 5527
3777 6302
4093 6553
3456 5431
443 2690
4008 6394
1577 4011
3035 4674
179 2438
1250 1702
1195 1625
3217 4981
2204 3205
970 1300
834 1052
724 892
4047 6483
180 2439
2163 3160
2421 4933
3705 5844
2063 2942
2893 5396
2272 4777
2227 3252
1682 2318
1735 2429
2218 4747
1998 2870
2492 3767
1183 1591
1073 1455
48 2348
3953 6269
1717 2392
3340 5878
2121 4647
1056 3423
2767 4190
4163 6674
168 156
3539 6037
786 1028
1513 2049
2933 4517
3982 6334
3906 6453
1875 4402
193 2501
2175 4703
1813 4304
1012 1368
1110 1495
1638 4179
1312 1772
2660 5855
272 2627
1647 2272
2128 3104
1802 2532
2323 3427
2457 4984
837 1067
2409 3599
907 1229
844 1123
18 4
2120 4654
4001 6379
3572 6092
872 1168
3692 5161
2653 3992
4024 6416
1883 4423
3068 5588
703 884
1684 4174
3001 4625
1134 1547
32 15
3663 5782
2564 3884
3480 5474
500 585
1573 4000
4025 6417
3779 5971
2730 4127
1006 3379
2475 4986
2192 3206
120 74
2508 3740
1567 2213
3640 6164
2871 4413
2476 4987
2281 3364
1153 1549
1082 3453
352 371
3313 5186
3646 5754
3063 4729
3113 4817
804 1009
3049 4693
1474 3898
996 1348
3639 5744
1852 2557
128 2387
1460 1989
1279 3658
185 2502
1602 4121
576 595
3146 4885
979 1317
2708 5222
835 1097
3018 4631
2358 3493
2041 2913
3709 5849
374 4376
391 2732
1205 1639
3498 5515
98 84
3397 5291
3167 4909
3401 5295
165 2426
397 444
4028 6431
1864 4337
242 267
3107 5627
3223 4993
2296 3385
2434 4949
733 4626
3398 5292
2375 3510
3713 5859
4215 6782
2369 3507
2154 4686
2597 2051
379 2631
184 77
194 174
3363 5906
1143 3518
533 625
934 1258
2260 3292
991 3353
4228 6805
1610 2212
2926 5419
4129 6622
915 3233
1196 1617
591 683
2162 3143
1407 3864
2743 4115
4119 6688
3091 6066
2436 3638
2657 4030
616 689
1469 1985
564 2844
1542 2073
2366 1531
3052 4705
1613 2196
3048 4684
3996 6373
1817 4334
2942 4518
2381 4887
2439 3644
1521 2059
2053 2939
1472 3888
2902 4475
132 2405
3718 6253
3210 3671
2987 6005
2401 4913
824 3171
2773 4186
570 2903
2719 4098
69 42
28 8
280 2579
3613 5703
538 601
2433 4943
2859 5372
3884 6150
1170 3564
2278 3359
1327 3749
3229 5746
3420 5939
1814 2534
2422 4934
1910 4381
2839 5321
728 3048
1973 5403
3905 6444
2423 4935
2941 4556
2160 3158
3184 4924
541 608
659 2991
1180 1586
1402 1913
751 942
3717 5879
975 1313
3966 6512
2868 5351
3803 6023
4165 6677
3918 6470
1333 1840
2172 4699
808 1050
1524 2075
3546 6045
2099 4623
3890 6428
1313 3739
2919 4506
3143 4863
2187 1076
114 108
1387 1875
244 2548
851 1146
3096 5618
1025 4809
2768 5238
3797 6324
2321 3424
1114 1505
1198 1641
2062 2949
3904 6452
461 5401
1430 1944
4109 6679
1906 4363
865 1159
3136 4856
1004 3369
1859 2655
2453 3688
1102 1489
2322 3425
2038 4553
2754 4191
3528 6031
1248 3633
260 2565
3292 5121
1438 1957
144 2415
1492 2016
3841 6369
980 1328
2045 2931
1982 2840
2671 4056
270 2635
2362 4862
1261 1721
1616 2197
1092 1482
148 71
3367 5262
2723 5211
2483 3704
3156 5680
1059 1428
1173 3565
3963 6288
3606 5688
2964 5482
2061 2955
1810 2524
1587 4054
1395 1916
1293 1760
2084 2982
1744 4236
3244 5763
3410 5329
2790 5278
3951 6262
496 457
452 4448
3947 6259
587 644
3638 6167
580 704
1721 4271
305 323
695 3008
1343 3764
1219 1649
1203 1637
279 150
762 971
3720 5884
2390 3557
3213 5726
1277 3678
2746 5219
709 900
1226 1660
2005 4509
1575 4012
2185 1112
210 191
3102 4790
2948 4539
1078 1460
3478 5987
2552 3853
3974 6522
1919 2733
370 376
3757 6284
4046 6627
593 611
2751 5888
912 1228
1022 3386
2904 5422
2255 3285
2132 3106
2655 5167
2580 3890
3212 5729
3624 4983
3691 6217
1785 2427
442 465
471 536
2148 3127
2946 5449
1644 2283
2786 4254
3188 6130
2228 3255
938 3286
1827 4327
3747 5258
1674 2279
674 829
1027 3397
990 1332
997 1354
65 2352
1750 2378
2003 4516
881 1178
2412 4931
792 3150
2316 3420
2975 4579
1229 1670
458 2810
87 2432
2644 4046
672 2969
1550 4047
1907 2697
1622 2233
377 370
93 2390
4202 6796
1031 1389
2664 4094
4051 6624
662 3007
263 2487
2621 3954
4022 6415
825 1077
107 2413
3016 4643
3057 4717
265 239
3536 4702
585 2863
3541 5571
2912 4463
3467 5443
2689 4083
2911 4485
988 4779
3837 6363
3312 5205
647 2953
3610 5693
137 33
2482 3711
3744 5240
3551 5592
742 3056
889 1177
3126 5649
3124 5646
4081 6648
451 4476
3154 4892
1365 3796
3028 4662
1714 2361
1799 4325
1590 2227
1611 2186
1835 4300
3503 5514
2398 3570
287 247
773 3116
4159 6766
306 2523
2331 4840
1600 2172
1874 2641
681 847
904 4734
1494 3931
1064 3435
2050 2951
1187 1596
2287 3377
1156 1555
3972 6518
2755 5254
3997 6563
2284 4796
2181 3182
3054 5568
1002 1358
3548 6048
1547 4086
1028 4815
1776 2372
3812 6343
161 103
3854 6380
470 2792
3903 6443
1033 3402
862 1152
2069 2990
947 1266
4125 6693
2896 4454
4226 6804
3225 5749
1899 2710
929 1250
3591 6109
1623 2200
968 1291
3205 5723
55 37
2775 4206
2591 5101
1756 4233
784 3142
2262 3300
2617 3944
2103 3061
3954 6495
2411 3603
237 163
1479 2001
3198 5720
64 2350
3799 6326
3371 5266
2838 4341
3282 5131
766 3115
234 2571
3831 6550
1052 1417
805 1051
1878 4415
3083 5608
601 720
2783 4248
3508 6017
3351 5896
3703 5858
2651 4026
1591 4035
2354 3475
1291 1750
3776 5966
1053 1418
1118 1510
235 2601
2101 4612
542 2886
1856 4314
644 774
445 483
686 3039
1171 1579
31 2366
1482 2010
2087 3034
3893 6158
3470 5444
1065 1439
2694 4061
2641 3994
977 3327
212 118
1223 3615
608 731
3008 6016
253 233
4031 6689
1137 3529
4180 6802
2402 3576
2924 2874
2589 3912
1138 3530
1420 3842
1805 2450
3230 5005
2146 3124
3930 6248
462 352
318 4352
2560 3870
322 326
2590 3913
2558 3867
3331 5867
1680 2331
1243 4952
3819 6040
1665 4209
2300 3391
4114 6685
493 2848
338 2667
2505 3757
2561 3871
2665 4043
590 2923
971 3329
2861 5362
3224 5751
3385 5907
3391 5908
572 2926
3138 4860
727 865
1480 3979
1826 5314
1699 4227
3670 6189
1633 4133
494 2849
290 2582
1908 2726
2176 4685
196 2420
415 2765
2761 5251
220 2580
1760 2440
262 230
308 2538
2930 4522
3422 5938
1491 2017
3076 4745
1755 5273
3514 5524
1995 2834
4095 6662
2001 528
3770 6297
4098 6566
2939 4542
3417 5932
3251 5056
2675 4040
2686 4050
993 1341
3758 6278
3525 5556
2753 4147
831 1089
2513 3754
3093 4767
3959 6289
663 2965
4146 6716
2573 5093
747 3062
424 460
2848 4335
478 496
3392 5924
2999 5525
1385 3812
408 2738
1208 1635
3607 5691
2880 2739
2836 4346
454 512
2697 5187
3716 6492
534 618
899 1186
3534 5566
789 3131
3683 6231
3012 5539
613 2889
2133 3100
1556 2203
1421 1934
1572 4109
1450 1984
97 85
3617 6146
641 777
2165 4694
1088 1469
2126 5545
1190 3592
4005 6572
3738 5900
3853 6378
2239 4750
1379 1886
356 399
1987 4499
2026 4540
1090 1473
257 2491
1000 1357
4179 6727
2304 5633
3651 5766
1631 2239
2525 3811
1461 3894
798 1019
1615 2221
2308 3407
441 466
490 2821
983 1324
1886 2699
2197 3207
2019 2861
359 244
2118 924
3817 5572
2666 5851
3689 6224
1470 3968
1397 1890
813 1066
879 1181
3746 4192
3520 5548
4137 6490
797 1046
1828 2573
2877 5375
3219 5002
1882 4395
43 10
3360 5226
3490 5488
3729 5881
86 65
2709 4084
697 862
3285 5116
1893 2603
816 1048
1913 406
1301 1771
4090 6656
3165 5694
967 3310
1167 1577
3946 6258
335 2677
261 115
3895 6161
679 827
3357 5227
2108 3077
2739 4185
346 315
1523 2152
2956 4548
1584 2253
3396 5310
2858 4367
945 3283
3121 4826
1437 3856
1724 4231
248 2484
1172 1584
2359 3494
3616 6149
2592 5095
2130 3097
3272 5085
2696 4076
2720 5234
3103 4789
3762 6505
986 3344
2937 4521
1868 5348
3983 6537
1504 3982
2091 4614
2851 5356
937 4756
336 350
1017 1373
800 1036
3310 5853
3488 5476
2374 3514
3411 5337
3513 6015
2114 3069
2232 3258
3163 3560
3403 5307
1503 4036
480 2831
1026 1382
476 2801
3426 5936
3516 5537
4041 6465
2274 3348
1670 2277
4059 6498
3408 4347
1593 4028
1009 1366
2539 3820
1179 1597
3072 5586
1368 3758
2254 4762
846 1125
1666 2286
2771 5268
2623 3957
1348 5014
565 2888
457 487
484 2815
710 897
2731 4129
2575 3929
3960 6500
1235 1679
467 2830
2080 2997
3740 6276
1745 4280
1889 4435
2682 5212
2470 3693
1565 3993
2737 4152
2214 3234
2474 4985
3222 5731
3524 5554
3721 5875
164 4251
225 254
2471 3694
2642 5147
2025 4527
2319 4824
1763 4258
4017 6583
229 2553
2388 3553
801 987
4148 6717
1431 1960
2047 697
3786 5470
449 2702
631 2960
2320 4827
2030 4512
1071 1450
668 3025
527 2857
1866 2630
63 56
3756 5926
1942 2678
3125 5650
3266 5802
141 2397
1508 3953
1157 1556
1769 4241
1060 3434
274 209
959 3304
1238 1694
1698 2344
3159 3555
3625 6160
1543 4102
756 948
1342 3738
1677 4222
1411 3834
3908 6458
4184 6733
3160 3556
3404 5923
3330 5197
779 3105
2681 5181
1664 4207
764 3111
833 1105
2035 4520
2576 3896
2198 3208
387 422
507 548
3827 6055
375 2688
1378 1868
4118 6687
1406 3810
2425 4947
3928 6233
3168 5690
3992 6360
1545 3984
2380 4886
1962 4481
4145 6643
3337 5207
3325 5193
3828 6056
2464 4995
2104 4634
3544 5578
1507 2027
781 3141
2261 3301
1260 1704
1510 4029
2571 5087
1642 2271
2554 3844
475 506
3453 5424
894 1205
855 1138
325 4344
3781 5974
1326 3743
3263 5784
1762 4292
4029 6596
1062 1435
3612 5697
3032 5558
355 391
171 119
3449 5421
2064 2937
344 329
3685 5818
1895 4365
3865 6125
806 1032
753 960
1636 4167
3695 6244
3863 6121
1217 1652
3834 6361
463 476
730 3070
2486 3721
350 2581
2347 4849
2888 4408
2116 3085
3037 4682
292 235
2869 4414
2502 5031
2810 5312
1310 3730
3274 5088
2288 4797
3981 6327
3698 5836
3832 5599
1069 1448
75 54
1520 2053
3979 6321
942 1261
2211 4738
1790 2519
3622 6157
1135 3527
2713 5229
1046 3418
3276 5090
3119 4829
2017 2892
473 554
4084 6534
2741 4169
258 2559
4138 6708
2698 5216
2566 3878
1058 3429
2171 4698
4057 6636
3268 5808
3450 4458
1345 1825
2110 4636
1164 1564
1030 3400
3515 5536
955 1276
3531 6030
1628 2266
2367 3509
201 104
3416 5921
2135 3113
3030 5544
1797 2444
101 75
2312 3415
106 2383
2094 3014
3395 5912
1961 2793
3207 4982
2915 5442
312 2615
696 3047
1101 1488
135 90
3949 6275
2649 5192
4043 6468
317 2651
2585 2031
1803 2533
2364 4865
2249 3293
1979 2813
3366 5898
3958 6282
1129 3508
3628 6433
3902 5792
275 288
652 746
2222 1224
2814 5288
2437 3645
2338 3448
2663 5165
3529 5562
2612 3947
1656 2301
3038 4676
3027 4661
1294 3672
1989 4466
3751 5914
1612 4117
2733 4181
3788 5993
605 2908
2952 5472
752 4638
1224 1676
3306 5160
628 749
2450 4989
2593 3908
1423 1937
3678 5813
561 2895
852 1100
685 832
347 390
1158 1557
172 2435
1969 4479
1851 4318
2923 2875
926 3267
151 2369
209 190
3593 6110
891 1211
3697 5838
1928 2747
1286 1737
2785 5280
2144 3122
2196 3200
2543 1936
3309 5843
4173 6748
667 823
143 2477
52 35
1080 1463
2840 5342
3390 5909
589 2924
842 1118
3848 6376
811 1030
3183 4926
4185 6734
952 1275
1086 1471
1011 1369
3015 5532
3445 5408
3406 5929
3364 5252
1646 4144
2301 3394
629 742
3504 6008
340 2570
1497 2019
2929 4523
1055 1419
188 2527
3075 4746
933 1243
3732 5249
200 173
2742 4118
2607 3940
552 655
485 423
1533 3974
20 17
1535 4085
3065 5582
82 79
3041 4678
1176 1581
1770 4281
1270 1736
2890 4434
1117 1512
2784 4232
1244 3641
1933 4405
3270 5079
3147 5673
3031 4668
3092 4765
972 3316
3303 5852
2793 4235
3383 5298
1598 2146
3643 6178
3133 5659
2511 5038
252 2546
62 2430
73 48
1983 4507
4054 6493
173 57
2684 4145
4083 6651
2729 4112
3164 4907
3029 4664
1155 4880
3768 5942
3687 6211
1872 2668
966 1288
1429 3851
961 3309
2049 2950
3926 6247
2498 5030
3569 5622
4216 6789
313 2607
4130 6473
3822 6354
3823 6044
3814 6033
2519 3804
3784 5970
177 166
4182 6732
2379 4877
3006 4600
1903 4410
950 1273
3053 4707
1608 2190
2136 3114
3778 5960
1558 4079
3094 5617
951 1274
2382 4881
913 1234
3134 4855
1103 1490
1651 2295
2344 5654
1659 2320
1371 3787
2360 3502
4023 6414
3658 5778
3760 5943
3773 5958
1273 3666
3872 6586
4064 6710
3281 5130
3933 6240
409 418
553 630
2156 3147
236 2530
711 896
1743 2424
1764 4293
3193 5718
