1260 1482
3239 1600
2135 974
3002 4282
1386 4742
3490 5153
4070 6294
3910 5480
2562 1694
949 1043
3231 1545
3622 5888
2879 564
3806 5759
3825 4427
209 291
661 2601
629 595
4108 6363
1939 4106
3022 2821
3541 4371
2957 4212
2977 4245
3816 6095
2353 1333
4039 5933
630 596
495 2427
3339 5608
2027 2608
2365 1363
3346 3645
1036 1264
2236 1103
635 816
655 372
2990 2734
2395 5382
3246 6219
3012 4311
2623 1744
859 5120
409 379
3754 5055
2982 837
1695 3881
2015 2517
2223 1138
3134 3125
790 830
575 660
1353 4731
3705 4778
2473 3373
2527 4694
659 2632
2444 5432
707 780
640 704
2255 2932
3171 1426
2720 5625
3862 5387
930 5176
2836 5036
2144 2819
3498 4297
122 39
3501 4293
301 2149
3473 4203
3208 5428
3474 5108
1854 398
822 4099
2405 1432
2308 1268
1280 5435
2694 1789
550 546
2838 2131
2989 2623
1938 2554
146 61
3013 910
272 445
2900 2556
2445 4647
830 5695
377 308
143 2076
3175 1427
1867 440
2053 2576
1330 1631
1050 4395
3927 5513
2851 3995
562 2571
450 470
1316 1533
3059 2918
2082 2726
985 6310
3755 5645
568 719
2520 3488
2291 1254
2903 593
488 332
37 89
370 365
2468 1517
3994 6321
1698 166
2203 2813
3287 3553
3197 6198
2553 1679
1977 504
2254 3003
2356 1360
1998 693
4158 6577
2217 1092
2834 2300
924 1080
4120 5906
2806 4030
2200 5712
2248 4394
1599 3783
2983 4219
3728 4806
3489 5066
1812 3887
852 4151
3414 4001
1146 1368
1718 42
1069 3027
1911 2307
1165 3220
4088 5782
3834 6505
2861 4013
2206 5146
1173 1402
3447 4131
4101 6555
4111 6469
1018 1247
3944 5559
2456 4648
2339 1320
2146 2810
120 66
1207 6182
2968 739
3935 5532
3797 5192
3007 2814
1283 4650
3270 1699
331 267
2430 3296
1143 1361
3864 5861
3574 5341
4104 6181
3835 4441
3970 5715
497 580
706 4982
3510 6274
1200 3228
333 282
62 150
171 98
2018 707
3176 1430
3788 5735
1240 1463
2965 2663
2424 1458
2238 2989
3654 1654
4074 6072
2608 1739
3429 5053
1011 1248
501 566
4148 6425
3209 4653
2817 4032
4153 6314
1457 1714
3741 4810
2104 2770
4094 6151
3500 4292
4075 6073
3372 4958
3590 5801
3943 5558
1771 2144
2216 987
2785 3877
2485 5910
2150 965
4012 5386
4192 6392
2786 2176
3573 5329
3277 3529
705 177
3947 4809
3480 4221
3453 5075
954 2822
3748 4989
3549 4398
1255 3306
1358 3479
3761 5678
2023 730
3382 3915
487 512
2775 1888
3026 4298
3375 3943
3084 2994
2642 1776
2933 4104
779 2614
530 637
2486 1544
3212 5429
2428 1467
3031 2820
211 309
773 890
3085 2995
4167 6565
2257 1115
3051 2904
2145 2824
3856 6439
2297 1269
3931 4772
2852 2477
3364 3695
2457 4654
2971 824
2820 2262
4172 6496
847 1022
3775 5084
960 1145
3624 5427
366 432
1876 2316
2809 2326
441 471
644 697
2516 1591
1899 400
1522 1755
2007 4124
1516 3680
2421 1455
2762 1838
2648 1780
3108 5800
316 367
2338 1308
689 832
1371 3475
3276 3513
3179 4608
1224 3280
484 465
2378 1391
1593 1774
2972 4248
2472 1518
3040 4319
4110 6467
3340 3661
1802 2286
57 206
3088 6093
982 5203
3297 4769
686 2774
3817 4383
1978 2534
2559 1686
1281 5436
3183 3281
2137 5135
2493 5463
2225 6096
338 381
2902 4071
2066 592
3950 5554
899 2768
3803 5215
3149 4579
3484 4208
2068 2595
2801 3911
1799 2369
391 2419
210 292
1273 1510
2057 2625
3623 6202
3619 6199
3386 3914
447 495
3174 6352
1817 2291
1907 2233
4020 5869
1891 3950
2328 5819
834 5684
469 409
2003 2519
3159 1389
1928 2425
2873 4061
205 246
239 248
3020 4332
3895 3369
3122 3129
2719 1803
763 2831
3160 1390
353 482
2929 2649
3248 3427
220 382
2783 241
3167 1421
652 2297
4067 6287
3164 4594
3142 4570
2930 2650
2710 1800
3587 5348
2937 2524
3079 2982
2866 4062
3003 4283
2170 5694
2246 1123
2320 1311
997 1242
285 155
2282 1215
544 522
2872 2420
3120 4537
2832 3882
2881 4072
3642 5444
3860 5351
1849 2147
2014 2494
1311 1532
314 2148
3659 4719
1837 416
3611 4600
1227 5409
181 257
1051 4396
2991 2735
3200 3311
3126 3150
2112 2816
937 5172
2782 2194
2904 4090
4021 5872
2042 695
321 428
1883 2441
4089 6135
3100 3047
4115 6526
464 591
2518 5467
1721 2313
3019 938
2700 1794
704 741
3223 3353
3162 5855
3251 3467
329 129
2975 2587
1041 1258
2571 4739
3396 3958
4090 6506
3073 5211
2120 2785
4044 6222
2406 1428
303 370
3596 4573
322 310
2864 3949
1943 2290
3216 1512
1137 5324
1959 3875
1798 4963
2515 3451
3025 4299
2773 1840
4166 6366
633 601
3621 6367
2917 2612
1462 1830
2776 1902
392 319
804 822
2325 1315
3713 3621
2714 3615
2124 962
1715 287
135 109
2482 3355
3406 5007
2102 2759
3437 5079
2382 3231
2140 5693
1777 2154
334 149
3428 5054
1736 2105
1084 1318
320 427
3951 3648
2855 2351
2606 1737
3070 2966
2853 2478
2919 544
792 994
721 857
2859 2487
3502 4303
4084 6497
2867 2465
2410 6180
2114 2753
2846 2361
2017 683
1866 2166
1327 1660
2807 4031
3538 5251
589 622
2401 5379
885 2835
1354 1563
2523 4744
1170 1400
1873 422
3603 4586
1022 1220
4030 5893
3698 3578
2086 2789
1878 2412
2250 6087
3180 4609
967 2930
3697 4777
3814 5249
1649 4939
1889 563
725 905
29 76
1506 1742
1203 1433
3906 6385
101 142
1195 1415
2333 1329
2970 2755
49 69
2228 1104
645 2599
3602 4556
287 107
4065 6056
2878 4083
2610 1741
1979 2446
96 182
4103 5856
3172 1425
666 764
2947 674
3141 6338
567 671
1936 436
3449 4156
269 264
3551 5283
1925 2276
2981 4237
1335 1619
781 989
2827 3966
1343 5465
80 81
1786 2217
3875 5412
2209 971
2498 5457
3852 5334
2899 547
3472 5660
3421 4105
2711 4947
1134 5315
1948 562
3433 5008
631 691
3301 3581
3071 1114
3129 4549
2277 4493
2845 2360
2164 2894
2182 2914
2020 689
2896 5035
3466 5101
2303 3055
555 644
1902 2410
1896 3948
3606 3246
1643 3831
412 2221
1967 2377
2059 2634
2897 2545
938 1129
1144 3194
1379 1650
2627 3560
1349 1559
4026 6461
3756 3921
2041 554
4159 6440
2300 1251
2973 4249
2842 2458
1794 2319
3236 5918
3616 6362
2318 1263
3607 4597
2469 1525
2050 763
1923 279
408 403
2174 5081
1013 5775
3872 6560
969 1157
3684 4760
3027 2826
2453 5430
3576 3101
2315 6323
2939 2645
2691 1808
1843 2367
2816 2093
2976 4246
34 3860
2374 1377
3445 5050
1924 280
685 710
648 668
1277 4651
3870 5407
3119 3111
421 288
3226 3364
2229 1118
2075 648
2490 5920
2443 1490
2163 2893
3325 3617
3377 3922
1342 4678
2364 4546
1010 4435
1975 2400
2612 1745
3904 6386
2272 1111
2289 5774
1364 1673
3716 6415
1385 3506
1855 397
2095 4980
3959 5669
2554 1678
3517 5194
3127 5826
4091 6509
1006 1239
2613 1746
3170 4598
504 474
1793 2318
3389 3946
4147 6306
1932 582
2396 3242
654 798
2073 2584
1060 5268
2557 1697
3585 5297
3118 3103
3521 4340
2910 4160
2316 1303
3481 5160
294 178
3609 4599
1508 1750
1778 313
2908 5078
4185 6459
788 5697
2412 5400
2800 2145
2083 2725
13 31
2567 1700
3358 3638
742 4975
2313 3094
4130 5958
1588 1792
1779 314
2509 1584
1190 5365
3054 6291
3152 3217
2413 5401
1996 2514
527 503
3166 1418
2882 4140
2091 2729
2379 1380
1293 1529
4138 6236
2334 5792
3010 6039
2475 1527
4234 6536
1336 1632
2938 5662
429 466
1859 2471
1900 333
2026 2609
2190 5131
3028 4330
4139 6237
3815 6091
1650 3827
1720 2185
315 115
3332 1811
2058 2626
4164 6464
1696 126
3826 5285
227 193
3407 4023
3653 3430
1994 485
2966 768
1361 1575
870 1026
446 2451
3062 5711
611 688
1692 6
2429 1472
3876 4618
3701 1773
2130 2825
599 635
2355 1347
2909 2550
3866 5404
2570 4740
2626 1743
4141 5999
601 652
1376 3463
3561 4456
2118 900
2399 1403
2105 2741
3274 3523
3578 4518
258 92
2045 2657
524 487
244 2098
2080 687
2830 3962
3452 2565
3553 2975
3168 3253
3515 4273
3462 5119
2172 953
1044 5257
1731 2143
2230 1088
1995 2438
3455 5123
3508 5748
3629 4644
3323 4794
3247 3429
2841 226
1746 2245
2583 1717
3597 4574
3177 6456
977 4306
3058 2898
4066 6057
1886 415
2389 1396
3812 6106
1719 2184
2544 1677
3524 5213
699 795
574 679
3874 5413
677 802
2258 2991
1194 1424
3106 1230
3519 5207
1093 3161
3233 4703
1775 2259
1322 1648
3715 3613
1801 2167
4016 5865
2311 1283
3131 3179
984 6111
3643 5458
2974 686
1259 3320
2122 940
3060 2923
2476 3342
3041 2841
2370 5824
1845 2321
4140 5998
2373 1382
2031 632
3781 5111
3809 5764
994 1219
2752 4943
2032 633
1986 4089
3946 5548
1974 456
1818 2271
988 4434
814 2656
2361 3183
3104 6124
3055 4387
679 699
1295 4685
3383 5002
86 197
2266 1136
3599 4576
2326 1302
3486 5154
190 87
406 2298
3157 6167
3776 5133
3936 5531
902 1117
2187 4159
3564 4452
39 110
565 515
2077 5139
543 499
3865 4601
1054 1295
3558 4453
3370 1899
3548 4417
2119 2763
2393 1407
4028 5890
280 65
3495 5731
2069 839
1814 104
3144 4566
2540 3443
919 4254
3456 4147
300 134
1661 1852
2998 2783
2151 981
3207 5431
2296 1207
2407 5851
2061 700
1954 5024
829 5083
1348 4693
841 1012
561 2570
476 362
3954 5572
2214 1101
3631 4645
2533 3428
507 423
293 179
1198 4585
1961 2435
1946 444
369 364
743 4169
2417 1448
202 2074
1355 4701
2403 3252
1380 1651
2237 1107
540 680
2886 5052
229 208
2833 2299
2986 2787
1884 229
1122 4483
2067 820
451 505
3528 5234
2133 901
3543 4418
604 2617
3242 4714
1693 10
2176 5701
3853 6143
302 276
3730 3647
832 5687
2156 2833
2869 2350
2683 5620
2828 3967
2514 3398
1730 2163
2927 2491
1344 3413
1842 2275
4113 5895
3016 2827
3993 6327
2383 1386
2787 2224
2894 4102
3552 6118
3986 5781
226 2089
2117 5637
3854 5342
3625 5892
439 567
2802 2114
3547 4420
2519 3487
2037 673
3608 5391
663 3902
3254 1668
4052 5523
2411 1442
2823 4009
2545 3459
386 183
2087 861
2831 4025
769 903
2997 2757
1984 533
2431 1473
3733 1826
3046 2865
1308 3401
3685 3543
1921 2282
1241 1471
3023 2815
697 793
3505 4302
3330 1807
2474 1528
3942 5557
927 2902
1759 2158
3605 4591
3288 3552
3368 4849
4191 6391
2870 4021
809 964
1369 1582
1810 2112
3526 4336
4142 5997
1811 3886
3227 4686
1919 2349
260 100
423 506
3337 1815
2601 1731
1858 2472
1782 281
30 75
1533 1762
2647 1783
2532 1652
3256 1669
1712 2190
1262 3315
1107 4528
1879 2411
1697 127
117 159
2500 4675
1833 2261
1684 1833
3038 950
1004 3007
1844 2322
328 130
2892 2418
2984 2778
1236 5414
535 516
2260 2929
3081 4442
2945 5654
1313 5461
2676 1779
1758 2157
1267 1489
2963 5686
234 301
1289 1516
1193 1419
2858 3971
3148 5372
1901 2289
1368 1581
3064 2934
1663 3829
2435 3301
2347 1334
2924 713
3308 1770
4201 6597
3520 4342
1548 1769
2876 2445
3123 3158
188 214
3153 3218
637 588
3311 3605
3710 3587
670 757
3887 4634
2234 1124
2154 2855
1846 2264
1966 2430
3412 5032
2022 2509
413 2220
3612 3267
1458 1707
3439 5047
3901 5462
2034 2513
3161 3239
3099 3084
671 758
1256 1481
3808 5218
2849 3986
1739 96
590 621
259 99
1591 1786
909 4360
1968 2072
2242 1150
3133 6156
3782 5709
215 242
3569 3080
3150 3232
914 1095
3570 4506
1303 4670
372 559
1841 335
1375 4712
1917 2546
3829 5299
3451 4074
2847 2455
3094 2998
1888 2344
1356 5470
471 597
1660 1853
2312 3095
457 452
2298 4511
1136 5817
1950 5044
3953 5573
2440 1488
726 794
3525 5229
3014 6036
4149 6429
3799 5752
1057 1267
3791 6058
364 320
1222 6185
4011 6453
3628 6524
2994 4222
1871 2294
3205 4641
653 762
3015 6037
3820 6421
959 1144
4112 6468
657 833
2477 3343
4207 6514
2507 1571
11 243
716 6035
3562 4457
3347 1831
2199 2919
903 1081
3066 1090
1099 1208
4118 6478
3706 3586
38 51
491 453
2016 4107
1957 2440
864 5113
3169 3254
2566 1715
230 256
2949 4192
3485 5155
1964 578
1370 3474
3184 3276
3690 4762
2577 1716
448 521
3851 5335
2458 4656
3790 5164
1535 1961
2249 1160
1549 3712
2070 5029
