3525 1599
4065 2990
1137 2366
3480 448
3495 2240
1376 900
3157 3194
832 2977
2981 453
3383 1380
822 1370
2250 3157
1044 2776
3184 802
2140 2129
982 2748
1274 858
4029 3326
1939 326
828 2673
2711 2024
1996 335
2800 153
3854 1709
1384 1865
3462 366
3561 649
2170 2982
4111 3212
1280 2462
1227 2863
747 2658
3439 1405
34 96
2404 3199
2176 2983
1207 3202
1277 857
3243 2890
977 2248
3608 1763
1051 2310
3791 2698
2518 2472
930 2730
985 3259
3494 1524
3452 393
3052 584
3519 510
1485 1058
852 2169
2846 268
3141 3189
3754 1434
3084 640
3616 3206
3197 3208
3334 2571
3806 1584
2453 1813
1386 1867
3142 746
3085 641
1358 928
4147 3012
331 208
4021 1781
1013 2772
2878 299
3414 237
2334 3026
3874 1777
1200 796
2370 3034
1198 1767
1222 3203
3079 636
3562 648
3490 1521
1134 2813
2260 593
1050 2309
1519 1972
3570 1701
2225 3162
3236 2465
4148 3174
3904 3093
1136 3032
3808 1592
3449 386
2187 1442
2977 469
3207 2872
3959 1387
2254 650
4014 3285
3524 1587
3619 2870
1978 357
3558 647
4019 1774
3088 3159
4090 3266
3118 705
2520 929
3716 3126
3429 2162
3986 2330
853 2170
3073 1574
3862 769
3872 3366
3547 615
2870 239
2845 269
2900 383
3201 846
4070 2724
3382 171
3002 1558
2785 120
2190 2711
2206 2712
2823 252
1122 2358
3508 2265
1313 2898
1356 2490
2444 2456
3638 2459
3788 2245
3797 1560
3790 447
3816 2244
3151 2826
2830 187
1060 2781
919 2220
2998 497
2523 1873
1859 324
3233 882
1281 2463
3803 1591
2855 264
3499 1569
2957 1527
4110 3211
1375 899
2827 204
3865 791
3455 1507
3870 797
3628 3328
1236 2869
3054 3252
2255 595
2881 284
2448 850
788 2685
2456 845
2831 261
3481 1531
4172 3255
2828 205
3412 1401
2450 2457
2861 240
3624 2446
3456 372
3445 232
3748 2134
4066 2991
2248 588
2720 2017
3852 1705
3526 530
2315 3270
3174 3200
2849 212
3003 1557
3799 2269
1295 903
864 2697
1190 2835
829 2122
1353 1863
2125 1496
659 430
3498 1568
4088 2331
1154 3041
3775 1464
3375 193
1352 1864
4086 2775
3776 395
859 2704
1374 917
3406 191
830 2981
2457 1807
