3836 4958
3691 4746
1798 2284
4660 5028
4426 4470
3204 4216
5213 6927
4841 6926
946 1251
4119 5393
3150 1930
4382 6567
3990 3442
3685 2768
1417 4034
1921 2489
2401 3049
4981 5812
5301 6628
5595 7451
4769 7205
3172 1988
5189 6889
3449 4507
3513 4564
2625 6046
3003 3952
959 1156
5668 7695
2618 410
3804 4934
4294 4189
3173 1989
190 163
2548 3266
3427 4462
1063 1371
860 1001
3395 4505
5302 7086
693 695
1818 4440
2642 3365
3508 4561
854 993
1255 6326
5045 5889
2782 3590
4922 7017
4198 6396
3385 2271
953 1155
2876 5313
5383 7181
685 3378
1175 1524
4570 4814
4045 5259
72 222
5222 6434
3643 2788
5483 7495
5682 7711
1836 2337
2666 916
2534 3183
1714 2249
5629 7623
842 5031
3331 2199
3888 5024
1726 2206
168 38
1072 1396
967 5258
2619 3304
2425 3131
4403 4403
2192 2869
4728 6794
5144 6787
1087 5310
1254 5410
1032 1410
206 49
5646 7525
4743 6233
4284 6977
971 3569
3714 2905
3703 6028
2822 1335
4619 6127
5491 7040
21 2935
737 5011
227 3096
5317 6672
4175 5487
5435 7443
3100 4122
1867 2388
3207 2022
1230 1572
2819 1336
2143 2747
5354 7140
1981 2539
3046 5548
2601 644
3829 5017
5099 6745
5717 7702
3028 5550
4879 6974
1926 4645
5355 7141
3004 6354
4186 5506
3259 7033
5225 6959
3038 4032
1004 5253
29 2968
1470 5574
3076 4053
669 698
4611 6078
2814 1306
3082 1826
3921 5077
2652 4939
3581 4634
4944 6526
4935 5719
2978 3937
1624 2076
806 991
3058 4036
4450 5837
467 3136
2032 2574
326 427
243 20
4280 6463
1686 2187
3503 4617
695 886
4787 5394
1363 5514
4079 5296
1364 5515
5187 6876
4024 5291
3244 4282
503 577
752 1006
3587 4627
5286 6583
3301 6543
868 5125
4978 4457
2878 1424
356 153
3156 1964
2908 3784
2686 3502
479 2966
3124 1906
3424 2391
3584 2654
1731 2243
2766 5339
1925 2496
4899 5649
3311 5730
2355 3073
4593 4955
4004 3505
2853 1381
492 667
1669 2137
3054 1733
3147 1938
3656 2705
2060 2622
3190 2001
3351 5748
1335 1749
4174 6886
296 3205
2706 3453
642 823
2461 3268
28 6
3958 5052
4103 3780
2830 1349
922 3644
4020 3548
3383 4438
2953 3919
3359 5775
2394 3086
4104 3781
4365 7041
560 657
1323 1670
849 1036
5683 7669
4816 6356
3693 2764
5164 6799
690 782
2453 3234
4849 6428
2655 5156
5724 7594
2628 5132
2851 5254
1227 3817
2798 3724
4814 7220
1110 1260
957 1145
1690 2225
5275 7328
5459 7476
1735 2299
1163 1467
3530 4571
1806 2267
5215 6930
707 906
2386 3106
1652 2143
1440 1870
1759 6559
433 494
3316 5735
1906 2452
1482 1914
4082 5336
4861 6439
236 321
5685 7504
264 3021
3710 4851
4464 5863
4486 4585
791 1023
4503 5906
4666 6749
5176 6849
2752 3591
3863 5026
3298 5714
2915 3861
4088 6841
2901 5350
5686 7505
1008 1171
992 1322
2583 702
2748 3554
4755 6252
5715 7657
2753 3592
2992 1607
2323 3033
45 129
507 344
1831 2343
5663 7686
698 4904
5712 7436
3569 2582
1025 3549
2539 3253
4830 5498
2663 3416
5499 7337
3104 4097
5331 7114
1051 1359
5581 7643
2959 3776
1749 2209
2057 5990
1043 1380
4509 6665
715 4938
816 3534
1260 1605
535 588
2003 2565
2145 2787
2976 3879
5072 7385
1572 4210
3227 7003
4908 6496
5562 7397
1924 4570
279 3108
4983 5830
4525 4676
3032 4005
2564 3280
5625 7499
5386 7395
324 63
5277 7047
4077 5323
3925 5160
4891 6466
2770 3645
3980 5207
258 248
5316 7112
2067 2588
4506 6677
2329 2984
1284 1626
4543 4711
1503 5611
5083 4714
5181 6872
4694 6212
2059 4769
4296 5648
4288 5639
3462 2447
3559 4602
17 47
3948 6171
4357 5709
5356 5983
2080 2607
2157 2897
3757 4903
3986 3417
5172 6267
2694 980
4002 6198
1011 1234
1217 1557
2551 3380
1859 2403
634 861
5477 7595
872 5111
3332 4346
4123 3810
4071 6273
2522 3151
465 3259
4687 6813
3969 6169
2754 3604
700 3130
369 166
5416 6870
4522 5980
5269 7500
4705 7392
2714 1026
3431 4467
1242 1556
2201 2913
5173 7185
2344 3156
3578 2592
4874 5562
4945 5721
4831 5508
1598 2048
612 699
271 3157
1306 1518
1015 1254
2220 2989
4292 4195
3248 2093
1858 2384
2449 3199
53 46
4645 6122
5699 7529
1297 1640
5727 7631
92 89
4733 5260
3250 2100
3487 2486
648 3345
720 864
3254 2107
1431 1782
2755 5083
4776 6288
813 977
3027 1738
3452 4524
1805 2350
1314 3901
5031 6630
2743 6147
4063 6784
4393 7336
3453 4525
2047 2569
2934 1575
5284 6581
2015 2563
1642 2106
3146 1928
5433 7573
4539 7146
2859 3766
1246 1602
3199 5652
2116 2679
4703 5218
275 187
4313 4236
675 3459
3745 4924
5688 7507
4987 6596
1339 1752
4204 3984
4542 5961
5445 7265
1361 4038
3304 2153
3591 2612
3382 5788
3198 2008
1033 1278
290 2950
5760 7677
1 41
4561 4744
3115 4134
3956 5043
871 612
1133 1432
1277 5427
373 3221
4775 6279
5261 7309
2436 5049
4383 4363
4909 6497
774 935
2688 925
3318 4340
4141 6853
115 71
5575 7562
3650 6012
3611 4675
3021 6360
5751 7706
808 3470
85 137
798 947
1633 2092
574 564
1526 1952
4246 4091
3962 3412
4914 5680
895 3613
1665 2126
4792 6854
5538 7131
2887 1427
2479 3244
4829 6371
3258 2113
1808 2351
4263 6447
3838 4995
582 793
2984 3951
4663 6763
1634 2099
915 3655
4262 5616
708 911
473 624
6 48
1823 2404
4758 5327
968 1305
1101 6281
3354 6553
3053 5547
3706 4847
2620 3335
5227 7462
4770 5346
2912 6855
1421 1836
4135 6295
3364 5773
146 3037
1553 2000
3240 7011
1348 1766
313 274
1772 2292
2010 2572
4905 5659
4500 5890
993 5245
3114 1904
5061 5929
5265 7027
618 3247
3729 4810
4182 5499
5728 7632
3535 2561
4258 4127
3045 1712
2298 2972
5362 7391
4449 5838
5267 7318
977 3760
353 3092
4224 5549
1936 2472
3471 4537
1530 1958
3080 4065
3686 5955
354 3093
1420 5563
1093 5317
346 78
4172 5476
5205 6375
5224 7261
2708 5090
3189 4203
1487 1924
1537 4147
2605 3349
520 3172
4131 5420
1041 1372
4813 6905
5373 6781
2022 2579
3257 4300
828 3517
5244 6999
1357 3977
5374 6782
1911 2485
2643 4919
875 1086
3169 4192
2772 6150
5315 7374
3787 4925
2170 2871
2384 3005
5789 7715
3087 5564
4854 6922
958 1187
4218 5557
3086 1823
97 76
5330 7116
815 868
3788 4926
5622 7606
2881 6263
2185 2777
1680 4338
3599 2630
1860 2408
3795 4957
4714 5187
4616 4963
247 36
3529 5881
5368 7390
2975 1574
4327 7295
102 131
4782 6313
3793 3029
2544 3382
3930 5159
5319 7105
2705 5219
721 6061
2986 3945
4921 7016
205 2957
1373 5540
3912 5067
3957 6743
1821 2418
3918 3358
1109 1261
1802 5810
1890 2450
3867 6086
2533 3182
1835 2336
724 4912
2346 3087
654 693
2368 3078
1179 1534
1641 2105
4962 5759
3555 5967
461 283
4930 5696
4271 6455
2207 4
4917 5688
4410 4415
4113 3802
233 94
4742 6232
5053 5919
366 506
820 1044
3738 2962
1185 3717
1312 5462
555 5044
1903 2479
3848 6102
4824 5495
2872 3782
4454 4532
3079 4074
2916 1505
4282 4174
5516 7349
2923 5381
5012 5848
2985 3938
1105 5344
4825 5496
2926 1548
405 378
2829 1241
4216 5535
5450 7267
1378 1804
3619 2682
1453 1901
2760 3547
1379 1805
1703 5750
5451 7464
424 3173
3718 5998
4994 7083
5480 7303
4655 7159
980 3531
740 910
3612 2652
2828 5318
3644 2707
4576 4878
4732 6231
2511 3184
739 957
1090 1408
1455 1806
4086 6824
5139 6156
4812 7430
1706 2212
5212 6378
573 729
2816 1319
1022 3800
5486 7314
375 558
2058 4770
4076 3707
2049 2603
1195 5385
4047 3636
3380 4386
2028 2575
4302 5656
3928 3373
2893 1451
4993 7093
4394 5781
717 3452
3571 2584
4822 6367
5188 6882
3375 5824
581 794
1327 6362
4535 4679
818 3533
1571 2016
907 6182
4003 3504
3371 2359
4779 6301
3163 4156
1332 3979
5799 7762
5085 5994
5623 7608
861 1097
4767 5340
1612 4264
2012 2659
5116 7155
4240 5579
3368 5776
2979 1598
4060 5331
4652 6126
3020 3910
4516 4641
1508 1926
943 5178
5081 6024
2680 876
546 541
5472 7007
2904 3841
265 2961
2361 3040
3651 6011
3898 5050
2109 4658
2512 3239
4274 6451
906 3433
2532 3177
1782 2287
1234 3821
2421 4991
1865 2393
463 457
3270 4303
1764 2296
852 997
3875 4971
2942 3892
3194 1994
3410 4449
4110 5384
0 14
4052 5333
4566 5996
1713 2166
5490 7315
1203 1503
4311 5663
5637 7514
1666 2125
677 722
3181 1990
797 5051
4589 6057
2956 1594
3201 4214
5162 6829
747 599
3549 4808
3111 4125
4130 5400
2612 677
5649 7533
1170 5430
2348 217
543 666
4709 6206
3094 1851
664 887
2514 4909
5299 7078
4315 4241
1462 1903
5343 6695
392 272
5564 7413
1263 1604
1676 4328
3303 2154
1699 2163
3197 2009
2862 5406
5115 6068
1568 4199
1243 5411
532 635
1296 3987
4552 5977
5494 7616
1042 1379
4790 6319
5140 7174
1685 2156
4335 4289
2372 3018
3954 5179
4187 5507
599 772
3826 4920
4911 6502
3603 4615
2468 3175
5004 7099
1869 2425
5593 7252
5307 7100
4521 4671
337 496
3203 4209
982 1279
311 2999
3139 1939
577 630
1299 3877
2955 3926
1849 2358
5054 6681
5160 7407
5111 6107
5535 7130
969 1298
2610 5174
3289 6534
964 1329
2570 3399
801 3497
3479 4554
4128 3785
4160 6321
4080 5337
2704 3494
5345 6700
3983 5153
3730 4879
2578 3283
1489 1878
1765 4361
3391 4473
2673 3469
3222 2036
2724 3493
909 3659
4419 5799
4833 5512
933 3701
536 670
2377 3143
256 280
4138 3833
1673 2147
673 3391
4723 6224
4035 5240
4707 6215
5052 5903
1463 4093
903 1115
2196 2909
559 586
1628 2087
2222 132
370 497
936 3670
5698 7528
1491 1917
5263 7029
1656 2115
3459 4529
1629 2088
899 6216
5 29
4844 6379
5332 6680
4682 6154
5281 6574
2621 5076
688 900
4952 7057
2791 5307
171 237
2087 2643
1402 1834
1812 2273
1350 1609
2674 982
658 645
4689 5182
4068 5316
4838 6399
5030 6629
4273 6458
3532 5973
1411 1848
2199 4880
2408 212
4305 4230
637 738
2701 3557
1923 2468
807 3307
1330 1717
1075 3605
1976 2531
1354 1773
3783 3006
874 1087
1901 2451
4986 6595
1273 5418
1653 2128
204 173
593 760
517 671
5496 7618
1712 2203
5237 7474
2734 1066
5206 6912
2611 5181
4085 6819
1212 1531
2793 1262
2929 5452
1945 4643
3523 4605
4804 6344
3694 4874
4998 7089
804 857
864 3555
3727 2906
819 981
4931 6521
2716 3465
5448 7468
5026 5875
4422 4460
1328 3934
4928 7311
3627 2672
4290 4196
2845 3750
1241 1512
1829 4500
1283 1651
3300 6542
3692 4747
526 3228
4144 5436
602 681
1545 5630
792 3278
3237 4273
3217 4232
4929 5697
3225 4245
5651 7379
387 3083
5423 7233
624 850
2108 4639
2935 5386
4453 5847
4698 6770
4877 6964
388 3084
3560 4603
3666 4718
383 3076
3055 1737
4312 4238
1756 2213
1788 4446
1438 5586
5165 6840
2486 3233
1450 1894
2517 505
151 169
2866 3799
570 3276
1745 2207
3166 4191
2809 1213
781 5145
1662 4317
5323 7135
4507 5920
3792 6069
3582 4686
5098 6044
5393 7189
3442 4506
2949 5387
1365 5532
2810 5351
431 424
1927 2484
4353 5716
2144 2786
2711 3464
4960 7334
803 5053
4906 7486
4343 5710
5360 7389
2530 3257
1657 2140
1058 1403
5163 7409
4800 5409
219 325
1573 5651
3398 4436
4215 5544
4783 6843
3406 2331
1813 2275
1412 4023
3381 6570
750 848
4266 6445
235 320
5232 6449
1205 1508
5022 7102
788 3466
12 43
1391 1827
4479 2545
3356 5785
5673 7704
2742 1100
4488 5888
3078 1758
2550 3062
1368 3986
1096 1426
3915 6043
4565 2873
770 6801
1119 1435
4977 4458
3134 4149
1973 2555
3506 4556
2406 334
704 734
1863 2378
3013 3998
2161 2882
1617 4267
357 181
5518 7350
1298 1654
423 3220
457 3201
1300 1635
1336 6376
3426 4489
207 54
5630 7613
3914 5062
3796 4896
3062 4035
3594 2725
759 945
562 708
3870 5018
4512 4663
2824 1346
5631 7614
576 600
4259 4126
3060 5566
4713 6768
372 179
1687 2184
1810 2347
4149 3850
4375 7053
3466 4527
308 489
4481 6633
3145 5621
3528 5880
5320 7109
2970 3882
2186 2840
5619 7493
3534 4674
897 3424
1447 1902
2128 2716
1045 1414
4038 5279
1287 1634
2402 3128
3769 4940
3604 4648
5482 7306
1795 2283
209 172
1730 5758
1245 5444
3200 4215
1029 5250
4304 5661
4693 5186
3155 4171
1611 4256
4379 6560
1778 4399
564 426
4965 5771
4239 6423
226 126
882 5070
4568 5982
4058 3621
2440 3064
1374 1792
5318 6671
2713 1025
3430 4466
1281 6340
4106 6312
2937 1558
883 5071
5771 7742
2922 5463
4137 5437
4976 5792
3337 4354
4148 5453
1607 5678
269 3004
3988 5237
1117 3630
2727 1063
95 59
769 882
3233 4258
763 828
1877 4490
5014 5859
5615 7489
2656 5157
2504 3147
3497 2524
2626 3379
5029 7376
2898 3767
1811 2330
1036 1309
771 3324
2151 2775
2759 3553
4752 6780
738 956
940 1236
156 2959
5268 7605
4926 7310
955 1263
5762 7721
1649 2111
3705 4873
3390 4424
3009 3883
5276 6539
2769 3674
4504 5907
873 1052
2048 2602
3223 4243
1189 1494
4230 5559
5597 7459
1313 5461
594 727
3001 5455
3902 6750
1850 2365
2614 700
5664 7687
5070 5957
4276 5609
2609 535
3537 4584
3992 6099
2639 874
621 653
3609 4640
1191 1555
456 392
5665 7570
4766 6783
5430 7444
4895 6486
4348 5708
3256 4308
4067 6825
870 1015
4885 7270
650 810
627 585
1214 1589
3490 5844
4972 5791
4034 5241
4115 5382
1832 2381
4428 5809
1979 4732
5377 7173
2948 1573
3961 6143
5509 7352
888 1091
2812 6253
3828 6092
3646 4737
5154 6191
2311 188
4092 6290
3526 2532
2210 2958
4125 3756
10 81
1751 4418
462 456
3210 4225
79 207
2592 3270
5644 7521
2661 6128
1194 1547
2313 3043
2826 6248
3140 5597
2337 3077
4226 5555
5587 7445
5427 6900
5328 6705
3837 6109
406 488
4845 6936
1012 1235
2989 1472
780 928
4716 6811
3049 4009
4264 5623
1202 1351
1338 1724
5291 7517
5617 7597
3498 2481
2990 1473
3177 1991
393 215
5436 6913
665 712
3056 1736
4384 5743
5182 6316
132 67
2722 3492
757 869
1804 2360
3346 2235
2933 6314
3419 2363
3128 4145
327 474
3235 4261
1416 1859
4404 6575
2897 1442
2388 3164
651 860
2332 3022
5681 7602
5469 7001
4070 5338
470 631
1684 2155
5194 6857
2969 5467
3266 2138
3844 4914
630 3008
105 68
1636 2096
4989 7082
3275 4306
3366 6584
302 3020
386 175
2302 2932
1868 2424
5217 6929
1880 2437
2090 2720
2648 3508
4466 4560
5235 7272
3389 2346
4557 4809
4739 5246
3649 2696
3117 4124
4039 5285
571 3249
851 3643
1477 1915
2071 2599
5228 6405
963 1328
3333 4345
2519 6050
222 61
846 5019
4826 6352
4325 5682
4391 5747
5059 6718
2147 2701
3933 5023
2538 3343
4214 4021
4467 2647
2988 3936
3099 4096
5166 6242
4740 7166
976 5226
1538 4161
3791 6070
2637 703
4832 5511
352 211
3106 4107
2376 3142
1864 2414
4061 5332
5264 7312
4090 5357
1970 2543
4744 7176
1953 2521
981 1219
192 2946
5273 7038
5380 7184
218 326
3987 7160
4860 6965
3971 3387
1971 2544
3719 2877
483 3187
1149 5408
455 293
1738 2179
2454 3069
586 715
2883 6276
5421 7425
3712 4876
4842 6397
3976 5140
2043 4730
615 742
4951 7056
3447 2429
2927 1540
1737 2222
3758 3061
1139 1453
2543 5039
4893 6476
330 266
597 3309
1513 4155
4627 6088
3746 3051
3182 4204
4157 6864
5080 4865
3050 4041
4900 6987
3267 6524
4253 6441
1367 1659
3183 4205
5405 7555
5660 7684
4194 6364
4243 5582
1918 2491
1837 2379
1268 1616
3845 4933
1272 5417
468 316
1600 2049
2875 3789
3989 5236
2771 6151
1630 2083
3834 4998
2972 3881
2448 6764
3574 4626
3292 2148
257 390
358 294
2262 2954
3481 2538
3167 5643
2939 1546
3740 3003
5524 7107
3193 5636
3522 4604
2586 3406
3465 2465
5114 6103
5198 6365
3881 5003
1066 5301
4044 6237
1083 1376
2767 6176
4738 5211
1399 1831
4761 6265
4447 4519
1070 1368
2417 3063
1781 4394
2026 2600
4946 7045
4524 5951
498 416
5382 7396
1839 4516
1104 5302
4245 5596
1382 1799
742 576
5777 7732
4430 4479
5689 7511
1729 5763
3098 1828
972 3570
3249 4290
633 862
2675 3525
477 404
3704 4862
2379 3045
2733 964
1134 1431
2987 1522
5170 6845
5666 7691
4145 5446
5577 7640
4018 5242
5388 7178
3861 5005
2485 3232
5648 7537
607 594
4179 6895
5703 7564
307 3039
1474 5573
4661 6075
4442 7097
108 156
2126 2703
3635 5984
5589 7574
1181 5421
5266 7026
4736 6235
3096 1860
4022 5280
4124 3777
1898 2456
1405 1830
2930 6343
3579 5904
3517 2551
3726 2824
2549 3194
4674 6166
827 5010
5079 7148
3148 1947
1035 1310
2817 6229
3807 5000
4765 6145
605 832
1801 2260
805 1016
1678 4321
954 1264
3 2933
2873 3619
1123 3678
3213 4228
2848 6838
2658 6045
4190 5522
2792 6185
4197 5528
678 4911
2469 4990
4681 6203
4718 5199
866 1099
3664 6026
1044 1398
4251 5602
966 3757
760 966
686 3423
4562 4733
1692 2152
1124 1462
1969 4580
4177 5486
2163 2884
4399 5790
3485 2471
4206 5545
3438 2402
3051 4011
2775 6798
5697 7636
3344 4362
484 493
159 177
623 787
941 5270
2061 2595
283 302
4559 6029
1084 1393
3899 5078
2598 3414
2174 2875
165 77
138 311
1014 1253
2474 4978
723 4953
3336 4360
5104 6090
3288 5718
5616 7013
1100 3622
371 178
2868 3640
5684 7670
1074 1413
1056 1404
135 146
3468 2448
5252 7304
4356 7036
5639 7513
4950 6536
542 602
1262 1511
4531 2718
3330 4359
736 3519
2838 3749
2931 5488
965 3584
4031 6255
480 401
4140 3840
78 208
1769 6565
251 333
3455 2436
1454 5567
1161 1519
3010 3931
2842 6236
3133 6443
4805 6893
4492 5892
5191 6887
4147 6287
3554 4601
4225 4003
1458 4100
3017 3943
711 891
215 206
3206 2015
4055 6164
5049 6678
4489 4596
2860 3748
1742 2198
4802 5419
1282 5425
1724 5762
857 1042
1180 3786
949 1269
1589 2040
3492 4549
4807 6341
4424 4482
3536 4588
5584 7431
3697 4860
1240 3942
2896 1443
5347 5963
1602 2055
4026 3585
2947 3911
4154 6327
2255 3023
4201 6903
1566 5641
4996 7066
5390 7394
1349 1650
2803 3728
1733 2172
580 485
3185 5633
706 849
4712 6222
608 785
521 3216
855 1122
1138 1448
2857 1354
1768 2218
691 884
3394 4492
2967 3932
4647 5098
2537 3213
1793 2250
1073 1397
914 3649
891 1102
3563 2598
4409 6590
5458 6978
4569 5999
5037 7113
2627 3443
1351 1734
1371 1785
3994 6096
1990 2625
3947 5115
1089 5309
1016 1318
4364 5712
2447 451
5650 7534
3428 2392
4582 4817
2729 3491
4679 6155
2914 3791
4549 4725
2191 2780
4308 4235
5401 7207
3475 2461
1555 1996
5389 7198
4165 5441
2943 6866
1512 4132
5795 7758
5093 6027
4363 4339
5340 6698
563 608
4041 5273
252 409
3064 4062
4553 5978
5495 7617
4563 4715
5731 7681
4867 5580
4386 5746
755 797
4897 6489
1770 4397
2595 3301
4136 5415
4621 6758
4192 3950
2827 1014
923 1237
951 5290
1386 1790
60 2996
4597 6059
2710 3513
3575 4625
1376 3956
2554 3296
3864 4981
4011 3566
1432 1854
5572 7563
2807 3706
3033 4001
869 1092
5579 7689
4416 4444
3960 3428
5312 6646
3978 5139
5152 6816
1013 1357
853 996
5246 6509
4051 5298
4669 6124
3324 2185
4173 3917
5280 7058
799 859
2272 4927
472 618
485 487
5582 7227
4429 4471
1720 6550
5238 5627
2841 3751
4796 7210
2197 2923
2837 3727
3561 2596
4425 6614
2001 4723
2508 570
4295 6483
2613 676
1907 2674
2198 2924
2501 3246
5605 7705
5241 6992
3278 6528
5039 6669
1192 1554
4009 5223
1799 2349
5021 6624
4715 6810
4095 5380
5785 7713
3942 5091
1661 4316
3392 4474
3993 5169
652 562
2684 998
4105 5364
2450 3139
4538 5958
4091 5378
4577 4816
3968 6174
4100 3725
5352 6036
884 5131
925 5276
2463 3163
3698 4861
268 420
1091 1441
5201 6908
2106 2678
4949 5722
4107 5373
643 723
3345 2234
2899 3832
674 3392
4161 6332
5230 6968
4904 7289
2746 3596
402 331
5048 5896
2669 816
1845 2368
3966 5173
5350 6733
5199 6911
1130 1459
5454 6967
4781 5370
359 431
3474 2474
2964 5468
5130 6765
1223 1551
4673 5007
657 749
1352 5503
1380 1793
3246 4283
4322 4257
2055 2581
5468 7663
3469 4542
558 3202
4256 5605
3401 5820
5353 6708
5763 7722
4126 5414
419 510
1397 1811
5016 6617
4846 5556
716 792
5594 7453
2434 5014
1556 4177
1422 1855
3137 1919
4046 6774
692 83
300 84
4750 7418
2202 2911
1889 2428
5567 7414
4608 6064
2785 3696
2571 3279
301 85
3794 4928
3720 4792
5624 7323
452 372
5057 5923
5568 7415
595 811
4118 5398
211 3001
4222 6917
995 1163
4413 5784
5520 7128
4405 5777
5561 7191
782 3472
4176 3929
5796 7759
57 3010
2240 118
5197 7225
4328 7298
1151 1452
4400 5768
3552 4609
5042 5891
5372 7168
2529 330
848 5257
961 1230
2374 3079
1725 4389
668 4918
1675 5723
4097 5368
2318 220
225 2979
5510 7353
4834 7231
528 374
4081 6277
5041 6660
2709 1034
417 209
2179 4867
2654 4968
4371 4333
4753 6788
2961 3848
1250 1578
1006 1255
4084 5358
2488 4980
496 397
1746 2317
3934 6132
3441 4491
2764 5192
234 224
753 954
3801 4907
4719 6186
5465 6988
3262 4305
255 249
3977 6771
2783 5137
260 227
2732 3629
809 978
2589 3444
4789 6305
5554 7401
1398 4016
1507 4151
263 2978
4377 5728
5466 6989
2856 3746
1663 4318
898 1103
3228 7006
2581 3336
5434 6892
2562 5038
2553 3273
1007 5261
396 460
425 528
306 2965
5394 7550
5523 7106
2125 4840
3833 4997
2475 533
4485 4574
3355 5795
4283 4157
3272 5707
1620 2073
3480 2537
3085 4064
444 438
3728 2907
4798 6878
2585 3405
2865 1360
153 27
2418 475
3936 5127
4267 6446
1574 2013
1902 2464
3908 6146
4195 3962
1030 5274
5050 5905
3379 4447
1637 2097
3164 4179
1111 1409
5628 7622
4527 5931
1928 2492
3268 4304
4433 4484
3900 5063
1558 1998
2641 6051
3264 5713
4774 7559
1423 1856
4059 5314
1564 4186
2098 4599
4898 6478
5713 7655
1559 1999
2790 6187
4129 5399
3445 2431
1320 1728
1697 4373
3202 6487
1562 2003
2821 1334
99 3030
4189 3965
1502 6450
2036 2726
988 1323
5662 7565
830 5027
2633 6752
1211 1581
3405 4429
2393 3135
284 346
2412 4943
5387 7177
3597 5922
3362 4385
934 3683
823 3158
365 198
4196 5519
2726 5009
2093 2632
182 261
2737 6227
2720 6789
3910 6100
5406 6850
1986 2611
2645 3403
2997 1623
3991 5217
5560 7398
772 965
4878 6448
2104 2626
591 501
1932 2552
4369 4329
429 515
5271 6527
2314 218
885 5093
1882 2415
3806 4999
4890 6470
469 393
4884 6966
5274 6533
3378 4381
3171 4188
2879 1377
5484 7025
1711 4382
3014 1706
1567 2007
600 3389
2780 1096
4207 4007
4710 6180
2335 4945
1225 1590
3160 1967
1325 1686
4823 5491
4250 5601
5487 7316
5412 6863
2797 3658
2159 2880
1395 1810
4474 5871
5243 6996
4349 5702
2801 3713
325 159
2471 3137
2849 1356
1207 1521
5348 6032
614 825
3208 2021
1978 2535
2696 3521
273 2938
1113 1417
5095 6039
195 190
2559 5061
766 4992
2672 3468
5349 6033
4048 3556
5333 7117
4964 5774
5707 7568
4065 6826
478 411
911 5265
1619 2069
5776 7747
5407 7214
5159 6815
4529 5925
4658 6131
4146 5457
4482 6632
802 652
137 310
274 130
3068 4048
2698 3538
2563 3281
4028 3597
2362 3041
3066 3997
1707 2176
986 3572
3168 5644
4050 5299
3309 5717
2282 57
4366 4326
1274 3824
2952 1585
4919 7022
4642 5096
1854 2390
1082 1423
1128 3633
653 870
3625 6023
4326 4262
2490 3198
3981 5170
202 62
3764 4917
1229 1562
2039 4728
920 1215
2027 2601
2662 894
3982 5171
3903 6751
1310 1666
2018 2657
2541 4951
1107 1294
790 1022
4857 7263
1441 1885
741 5015
1038 1350
3212 2024
1108 1295
3000 1612
710 890
1213 1553
5339 7545
2462 3267
681 6063
2805 1270
1716 2205
5632 7331
4537 5959
5400 7551
4193 5510
3016 5513
1067 1353
3708 4748
5251 7008
3577 2782
2094 4833
1160 1501
4456 4538
1935 2520
5586 7234
2906 3863
351 210
4646 6759
5013 5853
4205 6909
4451 4536
4232 6932
1715 4353
4602 6065
4572 4872
3647 4738
1739 2302
1475 4129
2187 2859
1248 3886
4101 5293
1625 2078
1266 5416
303 277
5076 5952
384 430
1457 4066
2665 3499
76 82
3253 2108
3463 2443
2843 3690
193 120
811 1071
4297 4207
3439 2396
3641 2686
1776 4390
1316 3971
569 3208
793 3476
68 2967
41 45
4155 5458
1400 1815
148 73
3965 5133
2622 809
212 203
4281 6469
3118 1907
4254 6970
3097 4088
4268 5606
414 290
4515 5927
4203 3985
3328 4343
1404 1769
2383 3170
5040 5902
1204 1542
89 200
4756 7182
1148 3742
499 651
1822 4477
3035 1740
24 53
2164 2870
2835 6243
561 709
2750 1093
2623 3298
4902 6490
2146 2702
5606 7479
5470 7002
2127 2656
1034 1333
2924 3836
975 5227
2867 3808
3326 2177
1919 2454
4635 6084
572 601
163 268
5392 7187
2118 2699
4997 7088
4634 6106
1674 5724
1523 1946
2557 691
5422 6883
938 1225
5563 7197
3341 5787
3931 5032
3036 1725
214 113
3951 6161
2768 5300
5253 7305
3245 4280
3151 4162
810 921
5342 7383
3429 5828
1021 3778
2495 419
2031 4710
2526 3176
2799 3660
551 665
2682 5113
877 5106
1962 2542
4049 6202
4072 6272
4772 5363
2820 1327
2078 4764
3608 2688
3500 4548
3386 4396
1946 2525
4505 4611
4649 6139
596 683
1285 5432
3927 6747
1488 5603
3130 5619
5297 7079
2366 3117
3589 4638
5223 6957
3214 2025
2182 2876
3512 4565
3352 2241
1061 3805
4869 5585
3531 4688
2339 3032
2795 6200
3818 5006
5528 7110
394 429
2885 3844
2615 3425
3229 4252
4417 6616
2129 2839
5200 6907
5210 7259
4102 3735
38 40
5529 7111
3504 4568
1689 6535
844 5056
3668 2756
2786 3635
4169 6323
4074 6172
4087 1231
4858 6939
5591 7253
3876 4972
3484 2487
3467 4535
1757 2202
2594 3422
4843 6398
4717 5198
1579 4229
4317 7293
5526 7633
765 4973
892 1104
4472 5864
3083 6402
4347 6525
221 4895
2407 3026
1584 4239
862 1065
598 3310
1794 2318
1167 3726
2646 5158
5772 7749
814 5059
2433 5013
632 584
4551 5991
4580 2841
1383 1803
3157 4180
2506 412
3894 5094
1747 4400
2894 3826
4741 6836
2900 1440
3002 6891
4460 4541
680 707
1135 6289
321 498
2411 4944
3219 2033
2815 5213
2951 3857
5310 7373
5573 7558
5341 6699
5180 6862
1966 2715
511 592
592 3318
5043 6651
5234 6975
1667 2118
266 318
1226 3816
5150 6808
932 1185
670 754
4178 3933
501 2977
3218 6993
2861 1399
1501 1927
4938 7032
267 319
2487 3311
3088 4045
5588 7575
4801 6262
1938 2469
5226 6942
3388 5806
2640 689
3136 5615
3972 3460
5207 6373
2555 3258
1895 2534
2375 3116
1592 4246
2602 5109
2426 3132
5508 7520
1294 1643
5192 7228
4152 1495
3862 5025
5008 6606
2960 5397
5687 7624
2477 3190
3234 5684
5415 7423
3109 4121
2741 1048
4339 5692
5725 7664
2558 5136
1311 5464
5667 7571
3122 4135
2823 3740
2818 3737
1286 1636
2977 3924
2717 3540
4762 6278
2524 3359
3803 4898
2884 1450
796 840
2840 6244
4242 4076
731 893
990 5322
415 341
52 28
1001 1316
1375 1800
96 75
4903 6492
4008 5184
4083 3661
3658 6015
1964 2530
2649 748
1157 1506
548 3245
5702 7688
1693 5737
4360 7325
2597 3415
5087 4864
2568 3288
1524 1951
795 822
282 3059
682 2983
3030 3978
5145 6209
1140 6284
749 847
4385 6561
3415 4464
4970 6564
1987 2558
4626 6108
1884 2417
912 1149
2588 3263
775 6105
4967 6563
4839 7239
3365 2265
5242 6994
2738 3628
4727 5239
1554 1995
5067 6697
4030 6256
4818 6880
2671 3418
2017 2658
3031 1760
4420 4465
1276 1627
3839 4996
4547 4724
4851 6945
2567 3400
5552 7402
3868 3254
438 3120
3671 2722
1803 2332
4188 3964
4465 4546
343 150
1814 2291
4054 6165
2131 2683
3576 2621
4581 4824
5195 6875
3631 2693
3446 4511
3510 4591
4644 6121
5471 7292
2974 3880
3869 5069
5105 6091
5602 7471
3141 1929
3813 4976
904 1186
4737 6234
1825 4488
3265 2131
4094 3752
3860 6101
3814 4977
2718 3371
1081 5319
2877 5312
4654 7158
1623 2075
443 394
4037 5278
5634 7625
3985 6769
1985 2610
636 626
2996 1622
481 402
3624 2669
1452 1884
832 3542
843 5030
5296 5843
3384 2279
603 704
4711 6223
2120 2655
5009 6609
4734 5146
4510 5912
529 375
4806 6894
4321 4260
5161 6830
2226 2942
1531 1963
2465 5020
4301 5655
5414 7212
845 1067
4887 6471
4156 6865
3570 2583
2023 2664
4114 5321
3059 1794
905 5308
436 288
5142 6791
893 3562
4671 6134
4670 6152
2079 2608
4260 4094
2802 1226
5742 7723
2378 366
3102 5570
2892 6261
5489 7609
4132 6293
4053 6168
297 291
3110 1877
1221 3927
2999 3953
1414 1840
4443 6643
4532 4684
1955 2516
2502 5037
3999 5177
4027 5230
2115 4820
5729 7629
2832 3736
719 764
3338 2200
4233 6934
1178 1523
3251 5689
2546 3248
1176 1478
407 3162
3280 4307
4075 5238
5505 7519
3505 4567
4277 5629
3397 6589
1055 3657
1780 4393
4289 5640
3812 6047
773 943
4971 6568
3924 6123
3069 6409
2416 3124
4098 5379
3872 5033
4310 5662
418 447
3070 6410
4513 4619
4574 6038
2077 4765
442 2956
1535 1969
2687 3501
4749 7417
3815 4921
2749 1055
4870 6958
2523 3152
4892 6475
5344 6694
2932 3913
2852 6247
2938 3920
3926 6748
502 537
3678 6008
997 1256
4684 5185
5338 7544
3067 1755
4751 6246
879 5124
5024 5866
4241 6406
5447 6956
4387 7063
5610 7290
5609 7481
3421 4455
4974 5793
859 3543
285 347
847 3520
1752 5767
2178 2881
4643 5004
4785 6315
2395 3085
2679 3436
1137 3662
2747 3632
3598 2636
2181 2886
2414 3025
2761 5085
3312 4336
1495 1923
5425 7421
4771 7412
1645 2127
3252 2102
4961 7061
4411 6591
4932 7317
3327 4358
2744 6148
4064 6785
336 495
5285 6582
970 5262
1295 1642
2091 2721
1694 2168
3282 5725
439 306
160 116
783 927
641 815
1883 2416
4314 4237
4244 5595
4882 5604
3373 4383
3979 3348
3553 4650
2667 5220
2279 3090
2925 3906
4381 6566
3883 6136
2668 5221
2725 6138
4768 6778
4096 6257
878 1088
2991 3893
46 128
3939 687
5010 5840
122 3002
3737 2964
4571 4751
278 195
5620 7603
3037 4024
2456 574
4690 6144
5504 7510
4907 6493
2644 881
5621 7604
3825 4986
644 724
5293 7074
355 165
5456 7277
979 926
2616 632
2166 2861
5473 7294
552 627
1817 4439
378 161
1605 2063
1333 3959
5146 6800
1760 2233
889 1114
3321 5757
2715 5084
4139 5442
2114 4819
5708 7569
821 6110
1577 2029
3909 5089
1606 2064
1972 2589
4236 1821
2231 4891
5326 7120
2606 3292
5752 7708
4912 6505
3143 4150
5321 6656
4913 6506
5592 7446
1815 4480
5590 7578
1532 1957
1469 1900
1809 2352
734 878
2950 3896
4872 6951
4629 6056
143 155
1993 2567
3360 2290
4093 5374
2004 4719
3138 4148
173 267
2580 3238
1102 6282
2156 2763
1994 4579
1767 4384
2363 235
3075 1807
3679 6009
1193 1527
2442 357
2917 1416
5303 6631
5674 7590
2081 2795
1922 2467
4628 6089
1748 2295
1265 3796
2011 2573
3022 1701
4320 6511
33 12
3884 6095
2700 3447
2431 3178
5133 7167
5418 7432
4722 6221
1269 1617
2587 572
1060 3804
3044 1753
5245 6503
2248 3009
3291 2151
4143 5449
2327 3046
5719 7589
5442 7457
2957 1582
863 1011
5260 7021
1701 4367
4883 6454
395 461
5282 6573
3404 2355
331 516
3063 4043
3403 4469
2037 2668
4852 6429
2300 202
656 717
754 3437
2889 5440
1026 3708
3827 6093
714 6062
4837 6393
5250 6512
1875 2430
4731 6218
2774 1139
