3168 5419
3391 4290
3114 1795
3337 4147
2816 1271
532 610
456 368
3651 5798
5191 6124
2255 2852
1393 1711
760 917
5472 6792
2739 1061
3474 2312
3693 2526
4938 6811
1431 1646
3738 2800
1778 4203
529 316
3280 2019
5341 6476
2375 2956
467 2926
2554 570
3961 5923
3442 2265
2917 1318
148 65
3860 5872
634 838
2363 260
3914 4890
4004 3389
5499 7134
607 539
2504 2941
269 2777
5430 7058
2510 625
1487 1814
2197 2724
429 498
2972 3700
4744 6971
608 771
906 3165
3598 2422
2728 3347
2523 2940
2642 3211
5483 7383
3353 2103
2853 1314
4900 6774
4205 7053
3934 4822
4054 5910
135 173
3066 3800
2938 3743
2447 451
674 3242
1348 1667
5662 7231
996 1297
1652 2028
1788 4275
2601 600
1249 1497
2335 2883
2733 882
5620 7392
1320 1641
4993 6888
4845 7081
4914 5455
1284 1531
3656 2465
2376 2981
5113 6964
2298 2774
2471 267
4240 3890
2222 197
1970 2351
5667 7440
4104 1293
1971 2352
2882 6047
4741 6025
3206 1899
5674 7374
2998 6110
4500 4402
4781 5137
2986 3776
4410 4209
2539 496
1254 6089
3128 3958
1607 5453
1706 2100
5642 7145
3027 1650
1636 1977
5592 7245
1378 1697
2803 3576
1544 3985
5452 7369
227 259
3928 3258
597 565
4521 4451
1256 1503
5610 7102
1981 2348
868 4833
3900 4894
2807 1159
1163 1386
1036 1244
4269 3959
2826 6010
5182 6097
108 202
4805 6684
2524 3251
436 236
5526 7331
4063 6973
4178 3756
1351 1631
1371 1678
4806 6685
2271 2778
3169 1868
2309 2789
4311 4041
2930 5202
3827 4765
3341 6357
5463 6771
4532 4456
4102 3575
5040 5664
2463 2991
4907 6283
225 2762
3389 2224
2669 781
3786 2817
4201 7047
1213 1469
3742 4685
1148 3549
793 797
1928 4356
4422 4260
5575 7353
5703 7357
5609 7378
3818 4814
3445 2283
2752 3454
5495 7464
1170 3634
3836 4758
4931 6309
5789 7468
3624 2434
844 4774
1267 1525
1113 1330
1311 5210
2550 2796
1268 1526
742 473
938 1190
1711 5537
4921 6802
1426 1744
4830 5272
2454 2869
4499 4416
4743 6628
2939 1463
4814 7013
439 263
4543 2521
1768 2085
3968 5953
536 652
643 684
3712 4659
5682 7501
4456 4348
3455 2282
3292 2035
5421 7227
4349 5485
3155 3993
3531 2518
3222 1924
2947 1447
3003 1524
5418 7029
5054 5683
4833 5283
2475 517
3869 4904
4080 5103
2835 6615
1087 6034
5052 5660
1070 1291
3330 2114
4527 5688
2610 4964
4674 5954
716 758
5282 6358
2811 1231
2840 5995
3385 2143
4884 7086
5105 5864
5115 5854
5442 7367
4070 5106
5360 7195
3861 4794
5724 7381
4226 3852
1026 3544
3004 6134
4250 5384
4136 5190
4085 6996
4616 2928
4139 5219
1335 1661
3157 1855
5235 7266
5458 6762
3976 4933
5650 7170
4723 5011
1715 4155
4280 5393
3193 6260
2355 2891
5166 6634
438 2906
5242 6281
2663 4959
3788 4732
2868 3443
580 408
202 45
2449 3047
5573 7351
4680 4924
1776 4190
4363 4122
4887 6261
2646 4948
4059 5092
3377 4179
4058 3481
2564 543
1081 5058
4048 894
4912 5447
1314 3693
1694 2060
502 494
1572 5427
3270 2008
2028 2396
4149 3679
1266 5153
1726 4153
4913 5448
2665 3381
5731 7475
2534 346
1730 6346
1352 6150
5217 6710
2750 1050
2433 4804
2672 813
4561 2535
143 190
1995 4511
4774 7350
1075 3382
3500 4355
4539 6951
1389 1714
1729 5558
603 675
669 631
2479 3116
1712 2092
2832 3574
4186 3767
4826 6142
3552 4417
2899 3650
3924 5894
3177 1877
205 19
1105 6054
4165 5203
2581 3210
2553 3137
989 4969
1537 3946
4256 3935
1271 5180
871 399
5388 6988
4254 6228
691 853
2118 2461
591 423
4815 5154
2978 1501
5099 5849
2069 2460
3080 3882
2722 823
5785 7504
3554 2410
461 227
1325 1592
1058 1327
4377 4145
1656 1999
5708 7363
5433 7438
4679 5938
2870 1335
4658 4837
1884 2254
5227 7255
1669 2017
3903 5818
2745 5851
904 1165
5144 6589
852 903
1866 2264
5582 7034
2272 4738
4310 5439
3864 4772
3069 6190
4739 6018
4081 5098
3070 6191
5237 7267
4103 1294
5268 7396
1812 2146
3164 3998
5274 5516
690 741
4481 5649
4301 5434
263 2755
3383 4244
2605 621
4154 6115
1657 2025
3691 2541
3220 1923
2817 5986
3144 1832
483 3010
2705 3326
3587 4433
2448 6568
3692 2542
2059 4566
1095 5050
1543 3986
5199 6153
2925 3730
5445 6737
2829 1179
2820 1273
2852 5997
4690 5922
5145 5996
1501 1817
5719 7375
5048 5657
1447 1788
5623 7395
159 222
5276 6324
4148 3676
2039 2550
3627 4436
4710 5963
5563 7216
3453 4336
3272 5489
2950 3722
5004 6418
2208 2739
1178 1442
5061 5681
3133 6222
3381 6359
3282 6320
2924 3645
4849 5333
802 541
3268 2015
5579 7479
4902 5425
5319 6893
3355 6365
2810 3533
1724 5557
4602 5855
1104 6021
4492 4412
2205 2734
665 653
4003 3388
3037 3851
3235 4064
2718 4943
1806 2139
222 37
4585 4702
898 1029
405 361
586 696
2522 2939
5762 7516
383 2878
2851 5992
5321 6419
2179 2687
5269 7300
2108 4439
2079 2414
2568 3158
1061 3627
2541 4726
2927 1459
3333 4139
3068 3866
4011 3444
543 643
3229 1940
5343 6473
33 23
5619 7294
2740 5841
214 91
1536 1851
1223 1457
4711 6012
1455 3859
4353 5500
615 707
828 3355
21 2754
2192 2652
3698 4655
171 278
5629 7403
3872 4846
2812 6630
1067 1275
936 1059
3194 1884
656 670
3111 3944
2213 3
2588 490
521 3054
704 3240
3526 2340
4753 6576
1109 1153
4315 4045
5528 6442
3746 188
2544 721
1677 4110
2970 3701
5152 5989
1802 5593
1110 1154
801 826
1066 5039
859 3384
5529 6443
2885 1378
3485 2307
5012 5616
4113 3628
4447 4315
5491 6823
3731 2599
4869 5360
1230 1483
4689 4972
10 116
5267 7297
477 3024
2384 2784
4024 5082
3856 2919
3096 1750
2592 3100
5192 7030
4204 3805
995 1102
5400 7344
3958 4848
4642 4930
4351 6318
5273 6822
2711 3319
265 2743
4503 6440
3977 6566
4383 4158
5008 6383
5684 7460
387 171
3508 4361
4504 6441
1202 1220
388 172
3388 5583
5389 7000
4222 7066
4763 6076
4051 3463
4407 6856
4962 5531
4365 7122
3207 1902
5713 7447
1735 2201
732 845
5181 6671
4670 5942
2708 5915
3447 2277
1858 2238
3166 1869
1416 1749
1566 5414
4044 6016
407 2980
5447 6732
3088 1671
5392 6992
1665 2006
1212 1439
598 564
4039 5069
168 24
5154 5969
3249 1984
4477 4373
4034 5016
5486 7114
4766 6564
5393 6993
386 143
1624 1963
3344 2102
2767 5918
888 1023
4549 4489
3058 1673
207 33
2440 2849
3990 3301
2974 5237
2474 4767
1056 1329
3764 2826
2958 1492
3994 5833
68 2783
866 1043
394 425
4897 5422
2701 939
2157 2700
2401 2837
2161 2686
4981 5580
2783 5901
4264 3961
4846 3857
1815 4300
2199 4672
3379 4264
2830 1288
3430 4267
4464 5627
4903 5429
4273 6244
2383 378
5416 6096
2963 3686
2209 2
3705 4657
4069 5097
1780 4195
4732 6020
4839 7039
4832 5282
3825 4790
3506 2328
3579 5668
693 619
99 2865
4404 6363
2679 725
3758 2893
307 2818
1540 3988
5076 5713
946 1198
274 108
1443 1786
414 253
5624 7118
3902 5819
5567 7218
496 359
3117 3941
4660 4823
2611 3271
4086 6602
5625 7119
1584 4039
5302 6399
2431 373
1567 1891
644 683
4071 6067
417 176
3537 2370
2935 5120
981 1168
4095 5150
2957 1496
4175 3732
4382 6852
3301 6338
4899 5426
1663 2045
5070 5718
4881 5391
599 759
1606 1938
3804 4744
4304 5438
3925 3250
444 415
2240 147
4898 6266
3013 1605
4305 4038
4965 5542
3828 4766
2616 583
3327 4157
1008 1104
3104 3921
4997 6887
4580 2594
2742 1060
3015 3759
2402 2955
3438 2247
5405 7347
5230 6745
5448 7264
3251 4082
4738 4987
1029 5979
4892 5412
4197 5296
2339 2832
884 4824
5454 6744
940 1194
1525 1841
1662 4108
1228 3687
1642 1990
258 244
1349 1529
872 4816
3257 4094
234 245
5508 7311
4122 3620
2923 5125
4880 7084
5130 6570
5286 6361
3016 5275
4935 6317
2533 345
3275 2018
4099 5155
969 1251
4489 4404
2362 2847
4597 5846
1817 4238
4313 4042
891 1034
2755 5882
4454 4342
662 837
5425 7223
563 575
4751 5040
3966 4962
602 626
3981 4951
792 3058
1287 1545
1748 2183
3201 4031
4775 6072
1697 4188
889 1057
5187 6675
3115 3948
5749 7449
3346 2097
5465 6777
2748 3409
3419 2225
1327 6137
2802 1192
5668 7484
326 435
2181 2691
3392 4291
4018 5024
5387 6987
1623 1962
2953 1461
1082 1343
3250 1988
24 81
4292 4010
1072 1320
4985 6364
3813 4783
2730 4728
1007 4990
5037 6906
4084 5132
4096 6033
3933 5887
4087 1195
5207 5273
1592 4048
680 639
2407 2799
2329 2782
4770 5114
2226 2760
4420 4270
847 3351
2649 701
2549 3007
2713 977
3807 4808
4765 5868
1716 2093
4074 6577
2894 3643
3195 4024
4589 4733
2529 266
1130 1389
5523 6894
5407 7019
2775 6578
1204 1448
4961 6851
4737 6019
1600 1930
443 372
1782 2168
424 3004
1763 5545
2967 3753
3911 5908
2688 883
2388 3018
2744 5879
4911 6290
3939 664
3318 4124
378 120
877 5896
1727 2090
182 281
5373 6594
5345 6477
2875 1298
697 891
4147 6645
914 3489
1690 2123
1611 4061
4629 5828
2682 4891
5729 7413
3148 1842
3625 5801
282 2858
1818 4239
769 829
3019 3829
4767 5115
1402 1725
3603 2423
2726 5836
933 3551
4306 6779
4952 6835
5427 6689
4381 6853
4246 1732
255 246
3145 5392
1489 3929
3384 2155
4582 4577
4860 6230
4994 6879
5459 7269
4055 5909
3584 2431
838 957
1313 5204
3641 2443
952 1177
1854 2242
252 426
5586 7048
3321 6345
1146 1430
3815 4721
1060 3626
5266 6310
3794 2829
4093 5140
3332 4138
1363 5259
895 3456
2614 659
4671 5907
1701 5521
1365 5289
943 5932
738 913
3466 2301
4176 3748
648 3195
102 169
1140 6049
4022 3442
3589 4442
574 507
4375 6838
2821 1278
2412 4741
330 234
1328 3729
873 984
3373 2137
3812 5827
774 878
821 5840
3921 4899
3757 4706
3465 2310
1811 2200
2144 2552
3044 3854
719 719
5016 6393
2797 1039
1558 1885
3883 5931
2892 6023
4715 6607
4717 4983
1285 5171
1559 1886
4157 6660
4722 6008
1609 1942
308 504
4110 5148
1610 1943
3877 3041
5201 6691
4570 4584
4905 5437
2901 5075
741 5856
105 73
2406 328
2753 3455
5299 6868
2956 1512
2368 210
2759 3398
2782 3441
1139 1373
1379 1701
4714 3276
4844 5277
2984 3780
4203 3804
5477 7455
2979 1510
4972 5570
4053 6580
4321 4063
1274 5174
3348 6355
348 484
156 2756
2857 1283
2761 5881
1296 1587
1398 3817
2191 2531
1821 2292
3733 4711
986 3367
5434 5195
1605 1939
5518 6890
283 2965
1469 3952
1771 2180
2015 2371
4762 6075
3988 5035
2880 1356
1089 5037
4818 7041
2898 3582
2732 1044
5663 7509
2680 830
2662 856
885 5873
993 5983
731 844
2506 377
4558 4490
717 3307
2933 6083
1756 2084
4513 4421
3965 4928
4182 5274
780 874
4337 5470
4568 5747
4031 5065
4537 5723
5763 7517
740 864
1119 1353
4649 4878
2772 6559
2717 3408
4266 6226
3972 3335
2563 544
3862 3037
1440 1751
911 5021
2959 3561
3894 4918
4345 5492
1733 4125
4267 6227
5079 6956
5189 6125
528 315
4328 7284
3703 5806
5340 6475
2421 2961
2666 877
5170 6062
4227 3853
2004 4523
3083 6709
5233 7261
4115 5144
2893 1374
4978 2229
4129 5182
4834 7238
3868 3139
5224 7072
1829 4311
5330 6905
564 370
4718 4984
3529 4393
4525 2481
3210 1907
977 3591
2303 2862
815 795
1685 2047
3109 1757
5688 7306
499 644
2462 4914
3264 6314
737 4747
485 453
4035 5015
423 450
848 5028
170 102
965 3418
3064 3885
4068 5096
3983 4944
4804 5218
972 3369
3570 2392
657 714
3867 4748
2715 4842
5244 6787
5622 7393
41 60
3228 6790
1994 4385
3203 4022
1484 6225
2709 991
3484 2321
1373 5303
251 337
3604 2442
2206 21
1399 1723
1180 1256
788 3322
3035 1653
243 6
2416 2944
2675 3407
4232 6700
2976 3697
3549 4610
284 353
3380 4176
2425 2952
5380 6593
2379 2844
4917 5465
4890 6259
3986 703
3217 1916
3992 6549
356 114
4569 5769
29 71
4339 5473
4239 6208
2841 3585
4316 4053
5352 2707
2119 2462
2815 5959
1556 5406
1034 1260
4083 3501
1006 1178
3962 3272
1666 2007
754 724
2081 2588
1147 1429
798 881
4760 6032
689 726
5681 7388
3837 4813
4114 5080
1804 4272
571 460
3218 6780
1336 6154
372 158
3838 4792
2793 1219
4681 4974
1926 4464
4465 4350
5632 6845
3517 2355
3189 4018
4768 6965
2361 2846
3110 1758
5524 6895
1865 2239
1044 1326
3658 5795
4302 5435
1316 3791
3609 2435
279 269
4094 3590
462 432
796 780
5605 7525
353 2899
2393 2967
3326 2068
805 962
354 2900
2881 6632
5561 7215
736 880
1312 5205
5029 7176
1123 3452
5251 6793
3345 2096
2115 4622
548 461
1742 2077
2654 5830
2031 4509
2734 1028
498 374
147 163
5699 7164
5296 5612
2837 3566
2583 687
1678 2051
3866 4838
1221 1481
941 5027
5353 6486
4432 4281
807 478
5180 6094
2626 3234
4041 5057
4144 3648
2411 4742
3737 2801
5723 7382
766 4722
5053 5676
652 479
3401 5595
988 1269
3947 4923
4960 7304
2620 3188
4075 4998
1463 3902
4312 4044
3289 6330
1772 2175
3686 4494
468 262
3918 3243
4891 5397
975 4957
3599 2419
3182 1882
1383 1694
3631 4447
4482 5648
4485 4382
5554 7202
3989 5034
1004 5993
967 4992
3938 3265
2737 6015
4413 5550
4128 3616
685 3219
2080 2415
2952 1502
4399 5569
813 895
620 734
1794 2187
2805 1222
3561 2408
2743 5878
5581 7433
3740 2853
5253 7108
2749 1003
5631 7463
2849 1295
1482 1794
5535 6916
2468 3009
4682 5937
4289 5416
2850 1296
190 185
393 192
4893 5413
818 862
3839 4793
3288 5504
2323 2848
747 502
4065 6610
1225 1507
4694 6000
4290 4011
2342 355
2145 2549
1477 1799
5022 6417
675 807
3978 4929
3075 1700
2877 6039
1675 5506
1450 1778
2943 6658
5162 6629
3160 1860
4647 3163
1353 1666
1980 4381
562 700
1306 1383
1680 5494
686 3266
212 239
1248 3699
5795 7554
3834 4800
373 475
1030 6007
4125 1216
775 6546
2597 3278
2300 272
3632 2439
1375 1691
4009 5007
5031 5643
3741 4701
5584 7228
1289 1450
2937 1476
3167 5420
2814 1262
4976 5566
419 499
1930 4461
1635 1983
5183 7022
1832 2245
4712 6011
570 3133
790 973
3262 4099
1458 5372
163 285
1073 1321
2799 3496
2686 3376
2487 606
1380 1685
2546 3099
4851 6718
558 3013
1799 2232
3300 6337
115 72
3881 4785
2696 3394
3078 1647
4347 6316
4878 6235
3099 3914
60 85
4460 4347
2989 1354
1902 2309
2724 3337
1102 6056
3196 4025
2990 1355
3298 5495
3050 3865
4807 5214
3212 1913
980 4979
1630 1966
2912 7012
3954 3280
4928 7111
5225 6734
2770 3499
5200 6690
2311 235
2486 3087
5644 7149
3979 3207
3410 4255
5760 7467
4837 6188
4906 7278
2869 1334
3124 1792
3259 6817
5469 6788
264 2793
4742 6627
5665 7237
1185 5093
1441 1766
5516 7147
2537 3046
4488 5653
1055 3453
2644 857
3826 4718
4785 5161
446 4688
641 801
4862 5349
1470 6221
5689 7308
609 824
2526 2990
4949 5498
551 642
3316 5515
3046 3820
4479 4374
3014 1613
478 375
4077 3491
3136 5390
2823 1215
1637 1978
4668 5903
375 563
5639 7141
3514 2343
3252 4087
4910 5445
2279 2953
3032 1617
4322 4062
2729 3333
5568 7219
1686 2083
4621 5859
3033 1618
593 742
998 1176
4260 3908
4970 6350
4146 5231
5728 7416
5205 6168
5089 4505
5456 6754
2434 4805
756 863
4443 6432
2795 6588
671 713
4977 2228
1759 6850
5280 6843
4038 5063
1654 2013
863 932
2828 5081
535 561
773 889
2442 350
4755 5047
3528 4392
2327 144
1367 3781
1414 1721
325 132
4394 5554
3726 2566
5164 6590
3067 1648
4538 5722
2346 2920
5264 7113
1415 1722
594 705
2747 3498
1281 6674
1412 3825
5597 7252
4608 5845
4430 4276
4138 3659
2712 867
1987 2361
879 4821
3729 2585
219 331
355 2870
1226 3602
5354 6493
3694 4661
5590 7249
1021 3605
1310 1583
5342 7190
2865 1292
2766 3526
2929 3674
4072 6066
3285 2029
3532 5755
4559 5808
4020 3414
4877 6739
2508 560
3286 2030
4060 5107
5538 6474
3394 4307
5310 7326
2488 4763
2862 5187
2622 798
4542 5721
1801 2132
3985 6563
2571 3148
1667 2001
2955 1480
343 107
4145 3661
1282 5168
1953 2336
4552 5736
5195 6667
2248 2831
3147 1831
4861 6231
4553 5737
4696 4973
4360 7124
1167 5112
53 68
1193 1444
4405 5546
4926 7110
2704 3357
4052 5109
2613 3216
2551 3263
3960 3290
122 2813
5660 7476
2511 3014
2589 788
823 4714
3459 4340
5630 7402
3578 2404
4838 6196
4137 5211
3863 3038
3354 5538
4641 4852
4334 1976
371 157
1240 1521
2674 3426
3622 5803
4643 4786
1674 5507
278 201
1653 2012
2896 1359
271 336
1955 2335
2562 3022
1698 5530
4130 5183
3536 4399
4628 5858
970 4997
1545 6249
1738 2065
1090 1324
3463 2289
1263 1511
4195 3786
3439 2244
3053 5314
771 3143
2187 2630
934 1088
592 3169
1707 2067
3678 5781
2786 3478
814 4788
5014 5622
4822 5256
3403 4277
4801 6026
4429 4273
2077 4556
4571 2538
2922 5233
5374 6595
5246 6298
3745 4745
673 3241
4727 5030
3424 2243
1422 1736
5698 7163
2189 2644
4554 4497
3261 4100
3612 2425
2673 814
1241 1405
4385 6353
3875 4759
2991 3708
3769 4753
2798 1201
5212 6174
1531 1854
4343 6315
2768 3460
2606 3151
851 3503
4852 5337
5634 7406
3597 5679
3969 5950
555 3032
1719 4177
4187 3768
3150 1823
819 896
2684 953
2437 386
5511 6864
2842 5976
2661 5870
3539 6933
469 365
2872 3608
4141 6639
5451 7259
3530 2347
1793 2127
1770 4206
3248 1975
256 289
285 354
3870 4812
492 665
2602 4912
765 4709
3134 3968
5303 6408
4028 3469
1025 4980
5589 7442
146 127
4276 5373
4224 3819
3311 5512
4155 3684
5487 7116
2378 379
4277 5400
4172 5249
5 61
3036 1620
5223 6211
864 3404
3364 6344
4663 6557
3063 3864
2716 3318
3748 2866
2456 579
2207 31
4288 5415
2822 1279
3009 3675
4967 6347
4626 5895
4416 4231
5333 6902
1135 6647
2 20
5406 6650
1382 1687
2883 6046
3028 5320
3359 5552
3829 3028
3535 2373
4192 3778
3309 5503
1966 2515
4772 3562
2570 3270
5222 6224
4790 6103
396 463
2262 2767
5666 7513
5552 7203
3931 4819
2769 1111
5553 7204
2386 2937
5436 6161
1507 1813
4160 6100
4391 5522
4964 5544
5228 6184
5344 6472
3734 2736
5606 7276
3679 5782
5245 6291
1574 4021
4858 6713
3735 4689
3833 4799
3951 5945
3368 5548
636 572
4092 5122
1979 5734
5159 5975
1512 3933
4030 5066
5030 5642
5206 6699
2210 2802
2916 1425
1725 4205
5505 7313
2754 3464
4143 5220
5617 7456
5680 7391
3382 5573
5471 6791
4283 1820
2771 6560
2671 3253
3801 4712
5683 7459
5173 6979
954 1209
2417 2860
1649 1998
1676 4127
5435 7244
3030 3790
1227 3601
1099 1140
38 52
958 1150
3213 4037
1051 1286
4782 6099
5664 7510
4326 1954
1974 2359
2987 1411
5725 7458
3190 1888
5673 7493
559 553
2667 3343
4295 6269
5641 7142
2887 1342
1273 5163
979 3287
5304 6409
2668 3344
3441 4287
4945 5497
511 569
4505 2417
2587 3144
3 29
2461 4915
2395 218
5165 6640
4490 4398
3076 3876
2485 3086
4535 2458
5621 7389
3513 2342
3051 3834
6 86
2687 3375
5338 7340
912 1124
3664 6525
957 1097
2969 5228
2725 5869
5041 6433
218 332
4756 6978
2318 274
2578 3146
5104 5863
653 847
2634 3247
3079 3894
770 6597
0 54
3963 4978
2619 3159
1751 4237
4026 3459
5649 7169
2366 297
3156 1858
2706 3299
4241 6715
4661 5844
3787 4731
3237 4070
3611 4453
5466 6778
4864 5350
2313 2873
797 4782
3571 2393
710 852
4909 5444
1474 5334
328 177
3022 1603
192 9
3143 3963
4450 5607
433 3092
1689 6329
4045 5036
4787 5176
1339 1659
2623 3155
5042 5655
352 204
750 806
471 658
138 349
860 916
2971 3774
4783 6637
3415 2233
4640 4853
3923 5837
1234 3607
2538 648
622 663
4816 6148
4415 4233
4317 7103
1720 6839
670 712
4314 4043
5685 7302
893 3406
2648 885
4713 6562
4335 1985
3471 2319
4097 5134
3617 4435
3948 4936
4403 4191
1837 4278
4442 6891
165 64
951 5056
2348 249
4466 4362
3049 3824
1386 1680
2908 3598
5494 7399
4842 6192
4728 6587
3351 5528
909 3500
2114 4624
2856 1205
4121 3639
72 291
600 3255
303 276
3845 4729
357 167
2645 3252
4207 3835
2582 688
3890 3042
2948 1490
2818 3580
5263 6810
2595 3164
1907 4471
3199 4023
5057 5677
5234 6236
861 1040
3225 4047
4100 3568
2502 4840
4424 4280
2182 2683
3138 3964
561 699
4451 4343
2621 4870
2260 165
526 3060
2915 3690
465 3129
4930 5478
3534 2500
5241 6278
4644 5906
4179 6681
4379 6356
959 1113
2094 4642
4541 4498
4247 5366
2106 2446
358 284
1350 3726
3375 5610
4426 4271
2612 3215
2003 2374
642 812
2949 6078
1687 2081
296 3062
3395 4321
1661 4111
853 902
4244 5371
4882 5383
3559 4413
4366 2056
5050 5665
4529 4449
5478 6797
406 486
1420 6215
4895 5418
2022 2398
3452 4335
845 1018
4297 4020
3806 4807
654 634
2790 6585
830 5852
2512 3096
4883 6241
5111 5900
1397 1703
1035 1245
5572 7224
2001 4525
2548 3128
5594 7070
3137 1802
1250 1487
2813 6606
3904 5826
4233 6703
4369 4118
3183 1883
517 661
651 835
215 238
4242 3896
1553 1887
4627 5857
4857 7080
2873 5044
5176 6649
1330 1619
4294 4004
1781 4196
5026 5632
560 624
4919 7109
1488 5369
2580 3072
596 635
5150 6608
3356 5571
4971 6351
4707 6006
5093 2688
992 1265
1978 2346
700 2823
4789 6092
2738 1038
3100 1767
351 205
3151 3977
369 131
1457 3867
2897 1358
4064 6974
5194 6655
3991 5003
402 304
5163 7212
4823 5266
4516 4440
3942 4897
1338 1616
4619 4855
5331 6901
2408 220
4951 6834
4091 5151
2859 3592
3204 1897
4082 5102
4243 5356
2067 2400
572 562
976 4956
2198 2723
4061 5108
4090 5130
1993 2380
5291 7317
5067 5720
1101 6057
5045 4401
3328 4128
3086 1713
2078 4555
2394 219
1684 2050
1243 5146
3783 2815
366 509
2450 294
3650 5799
1269 1527
4829 5264
4611 4752
4922 6803
4547 4491
1260 1515
52 39
4698 6565
480 366
5727 7415
809 899
2590 789
481 367
2878 1348
455 2914
1916 2295
4973 7138
757 817
1571 1898
982 3588
1898 2300
5160 7211
1195 6080
4271 6239
1011 1173
1538 3969
4371 4121
1184 5094
4409 6380
4577 4591
810 836
4274 6747
2774 1114
3397 6379
4796 7003
4050 3462
552 595
3591 2412
3315 2058
2889 5215
193 100
3386 4185
395 462
4831 5279
1179 1452
3446 2281
3245 4076
2598 3277
2332 2821
2557 685
5707 7362
268 436
925 5033
4449 5608
1093 5053
4124 3600
2792 6584
3908 4900
3848 5875
1181 5191
3060 5342
4419 5577
5021 5634
5470 6789
849 975
5139 5947
4126 3625
4251 5385
4354 5501
1877 2246
2801 3563
2532 2989
4303 6775
4284 6755
2714 976
4486 2379
3094 1737
3876 4760
5097 6496
3185 6252
1395 1702
5355 6931
5423 6683
3793 2841
3971 3248
3122 3951
4140 3670
2530 3117
2125 4634
3208 1901
869 1035
3912 4895
1022 1311
3497 2339
1798 2161
2640 620
3855 2960
783 873
4027 5004
4037 5064
755 745
3619 2447
1245 5193
1973 2358
4645 5905
4989 6878
1962 2353
4879 6751
1764 2178
3219 1920
4218 3858
1272 5162
2847 1287
3930 4960
5602 7092
658 586
2694 924
5473 7104
3449 2261
5114 5893
247 11
3146 1812
5043 5652
1357 3777
955 1208
2098 4405
2567 728
882 5861
4709 5988
4731 4989
5328 4540
4118 3603
3181 1876
4813 6146
763 785
2465 4817
3202 6263
3498 2313
4752 6567
2543 4829
4300 6773
4802 5200
2848 6617
4364 5493
5468 7453
2163 2692
3378 4171
3888 4826
425 513
3331 2078
2032 2387
5024 5626
4929 5479
3059 1688
4669 5897
1462 1793
2618 329
1579 1914
1333 3766
5412 6666
1207 1426
3685 2533
5243 6783
2741 990
1217 1471
971 3368
3569 2391
4932 7117
3428 2240
5362 6961
4123 3641
3123 1808
2058 4567
4904 7101
5390 7196
1524 1840
3098 1709
4047 3497
1277 5177
5250 6301
4980 6882
3708 2539
832 3395
749 805
160 103
4687 5990
5129 6569
5184 6668
2710 3373
1454 5328
5278 4197
275 194
4510 4434
1739 2198
3405 2202
3163 3962
816 866
5503 7315
3140 5355
4356 6820
3909 4909
2490 3034
4939 6821
403 424
2501 3113
4634 5885
1746 2211
4046 6555
547 339
3795 4761
195 225
2477 3025
2231 4686
463 433
2760 3393
5039 6439
3505 4371
5531 7182
3087 6218
4156 7025
1795 2160
4872 6725
3246 4080
