1553 1964
5535 6937
584 714
4843 6189
3109 3952
920 1163
2613 3226
1057 1357
5689 7315
3061 5393
1003 5135
1767 4244
2466 6542
5795 7550
1704 4211
974 1256
1254 5257
4151 6141
3833 5895
705 756
1725 2191
5494 7406
4306 6282
3375 4314
1425 1739
5658 7472
5495 7407
3018 3826
5339 7350
4363 5542
2222 2869
4446 5660
5519 7327
3915 5868
3921 4945
703 842
607 525
3557 2585
4513 5742
5284 6860
2408 179
1245 5272
5079 6952
1629 2041
3242 4127
656 657
2646 4997
1104 5170
1235 1524
2183 2797
2021 2510
4907 6285
5618 7294
1815 4304
807 3262
4449 6408
2186 2759
4908 6286
1281 5276
950 1213
1405 1761
4450 6409
934 3512
255 171
4505 4508
4326 4122
4308 4082
2585 3246
1144 1470
943 3385
5313 6452
1665 2082
2131 2625
4248 5413
487 4785
4334 2050
4660 5931
3438 2349
355 156
5314 6453
1185 1306
691 810
1776 4253
3088 3875
2014 2517
2098 4503
1280 1518
3578 4498
273 2857
3274 4167
3928 4980
4447 4376
2200 2815
1011 1204
1839 4349
961 1183
3469 4401
2914 3640
92 40
1012 1205
1241 1489
4149 5265
4060 5153
3147 4002
1271 3690
714 4892
958 1161
4673 5923
4407 6383
102 67
173 151
2781 1127
4830 6161
76 31
4311 5490
3326 4195
1755 4237
738 898
4500 5722
1377 1720
5042 5719
4046 6588
2866 3628
3204 4058
5161 6624
4161 6136
3794 4793
3500 4416
2577 2912
5139 6580
278 158
4356 6823
4672 5934
4484 6458
3627 2624
5354 6946
951 3479
331 382
3848 5898
2089 2699
5048 5725
4141 6093
2582 604
5528 6919
4568 6505
1044 1355
2204 2766
4114 5160
2749 3455
5282 6381
4557 4702
3691 4670
992 1280
5491 7124
1976 2464
2690 3305
2020 2512
3160 4029
3258 4147
3813 4839
1181 5250
2601 566
3113 1837
1138 1425
5587 7237
3980 5046
3814 4840
2950 3724
469 339
5225 6740
5030 6448
3919 5856
5639 7317
690 725
2657 4884
1748 2202
449 4776
2095 2711
3933 4918
2562 4926
4871 6230
3063 3870
1985 2536
4652 5926
2551 3221
2782 3460
5407 7022
3219 1996
1831 2290
4634 5911
5279 6366
3490 5668
4653 5927
2682 3216
572 513
1717 2175
5489 7396
1606 2015
4626 5905
806 941
2754 3454
4053 6003
4140 5256
795 808
3059 3877
3923 5892
2467 6545
1885 4372
513 2899
2189 2771
373 3097
2823 5202
4880 6743
975 3433
1988 2471
4490 5704
5202 6698
1473 3946
5781 7523
1457 3908
320 3076
5480 7108
1772 2217
418 361
5295 7149
5598 7382
1058 1365
3155 4017
4728 6585
1332 3809
3864 4862
4438 5656
5286 6862
670 694
984 1300
3685 4662
5609 7278
793 3358
1631 2043
4499 5726
1180 1384
3419 2320
2571 3178
557 2897
1291 1611
4887 6265
5757 7497
642 750
5037 6915
4260 3936
5562 7197
913 3493
2255 2861
1766 2188
3369 4264
1687 4182
803 3209
1541 4016
1508 1875
1675 5520
3370 4265
4038 6049
4152 3699
5625 7306
2108 4540
1276 1588
5687 7416
2816 1270
3334 6346
1299 3739
1581 1995
4703 6014
2383 4877
4217 5343
2109 4549
4775 6081
1948 2446
3990 3300
2642 3249
3671 2683
3355 5599
2602 4959
4319 5497
1038 1324
2961 3695
3947 5967
4188 5339
5570 7430
3319 2136
3013 3820
4220 6170
3719 4743
3727 4750
3890 4912
5405 7216
5471 7096
3086 3910
1131 1435
4602 5855
5591 7054
474 2870
1116 1394
4309 6778
2720 6591
2366 2985
5451 7259
3312 4184
3137 3987
3695 4726
3405 4294
1865 2338
3300 5555
2174 2784
1427 1800
2843 3533
3720 4700
601 575
2147 2670
163 148
2841 3580
4263 6242
1556 4022
1266 3667
2629 4868
2452 3113
3240 6301
5010 5662
4196 5338
5707 7437
3169 4035
1431 1726
5724 7455
3514 2466
3931 3108
3213 4077
170 73
4226 5384
2476 3119
5111 5893
4951 6841
3072 3880
779 905
4981 6390
4969 6377
227 2976
5366 7193
5592 7243
137 177
609 753
5116 6955
838 982
4898 6772
1698 4198
594 641
429 413
4815 5231
5628 7311
3142 5444
5560 7196
5183 6653
1954 2448
762 890
3327 4219
1952 2503
2809 3537
3497 4424
4409 6384
1035 1290
627 530
1956 2457
3368 6353
5682 7459
2705 5068
5472 6790
1160 1465
4581 4722
5059 6504
5049 6474
3812 5853
5406 7021
3665 2678
982 1229
800 872
3102 3898
2771 5993
589 695
1004 5134
4136 5241
4302 5480
2074 4627
330 191
636 3213
1252 1447
3404 2297
5302 6892
1847 2319
211 63
4965 6368
4072 6070
4767 6076
2959 3642
971 1055
2417 4834
2923 5223
5602 7268
3477 2399
3333 4208
1433 5399
827 3188
2999 3780
2761 5017
3214 4076
3244 4130
879 3294
535 493
3845 4822
2058 4644
1649 2063
2712 5091
2934 1534
5022 6899
4580 4714
2166 2763
4032 5994
4410 5607
1507 3992
5154 6599
759 908
4782 6106
3104 3937
5526 7338
5561 6986
828 3394
707 827
4643 5913
3636 5801
1008 1167
2355 2955
4529 5764
801 3381
3611 4566
2332 2883
2027 2546
4216 5358
4647 4941
1699 2117
467 3048
4826 6149
5028 6476
3040 3792
2694 925
1747 4245
2589 3278
4242 5405
1666 2081
95 16
5230 6750
2724 5085
5165 7020
1757 2183
604 726
5394 7199
776 3325
3190 1966
1964 2462
1751 4251
2733 934
284 233
486 2829
2856 3583
5454 6749
969 1247
5014 6416
4357 5530
5297 6889
3946 5865
2584 4927
460 450
158 19
1917 2443
1724 4232
1314 3763
3668 2714
2017 4511
4925 7111
2519 5872
878 1064
5799 7555
5319 6909
936 3505
1143 1464
3579 5734
3199 5476
3730 4758
4362 5543
110 6
3146 1873
5785 7496
5606 7277
3978 5974
1285 3692
729 844
443 334
922 3491
4722 6015
3701 4730
4474 5684
2725 4977
1564 4030
3020 3764
1907 2524
2802 3541
1161 1480
1930 4483
3549 4651
2118 2633
591 470
3156 4026
4806 6683
3099 3933
2598 3257
1931 4484
625 3196
1659 2073
4791 6651
2558 4961
2701 3404
2119 2634
4518 5753
3836 4835
898 1083
4413 5612
4642 4938
3166 4034
783 911
1538 4006
1736 2155
704 3272
4027 5080
4527 5770
1279 1609
4766 6605
5155 6965
5114 6564
5627 7309
5382 7198
384 338
3167 5466
1769 5586
4837 6179
2303 4794
3414 4344
784 912
3193 5458
480 347
2937 3749
2362 2921
4534 5795
2722 3373
2964 5288
2013 2518
3925 4976
4915 6794
1801 2215
2769 3495
700 3118
4761 6063
1829 4333
2407 4818
290 2872
1141 1456
3619 4555
1970 2472
1470 5406
865 720
214 77
4390 6372
1782 2224
306 2882
2199 4759
4996 6864
3816 5858
468 278
516 549
4020 3399
3670 4658
5469 7094
4224 5377
678 4874
5435 7241
4146 6144
4002 5997
4833 6166
5232 6243
2677 5947
5470 7095
1502 5418
5465 7091
4295 6274
1624 2033
4107 5193
5768 7528
417 205
366 384
4350 6821
621 602
1551 1944
3392 4312
1808 2271
5026 6441
1417 3873
884 3302
4230 5387
1730 5569
3987 6970
2917 1399
4406 5601
3331 4217
1345 1660
4401 5597
5758 7464
5134 6561
1125 1388
1163 1449
4442 6890
3537 4456
5685 7410
1310 1625
1982 2530
1147 1472
3208 1983
542 509
1103 1421
2156 2725
2850 1326
45 52
1870 2354
4512 5752
4007 5032
238 262
527 583
3553 4529
1172 3624
3335 6345
4644 5924
4011 3409
3430 4337
4148 5263
2918 6676
1678 2104
5081 6519
4262 5437
2910 3680
1229 1539
1410 1721
2852 6064
3543 4523
2103 4539
1833 2296
2738 3461
3983 4989
2093 2594
2896 1414
1694 2123
5621 7397
215 146
3065 3885
4115 6113
4558 5791
4018 5082
5622 7398
263 2880
1361 3866
4964 6367
2412 4829
4892 6270
270 153
2592 3171
4403 4277
1398 1694
4467 5713
2783 5051
4239 6217
5729 7469
2086 2698
550 508
4486 4459
1935 4419
5326 6926
5588 7375
2888 3651
5708 7436
1375 1729
2652 4899
988 1279
5730 7470
622 638
1054 1274
893 3435
5208 6692
5157 7203
2028 2525
99 2876
3529 5699
1480 1871
2952 1553
5632 7132
1674 5521
4532 4607
2622 3301
1517 1883
3197 1972
5095 6532
2735 706
1090 1381
2679 3306
790 968
5762 7507
2640 3245
1980 4444
3009 3743
5277 6848
2600 3194
4264 5441
3198 1973
1946 2445
3907 6562
4829 6157
4118 5215
151 102
4135 6105
791 969
2116 2619
1600 2007
511 490
4823 6154
3288 5528
5380 6983
4720 6598
1213 1521
419 407
2328 2906
75 12
3297 5546
1950 2455
249 176
810 917
3988 5070
949 1200
2704 3366
5304 6896
2746 3444
1267 1583
2607 4828
3979 4988
5442 7254
4751 6041
3939 3217
1132 3545
2368 2964
5345 6941
980 3449
981 1184
3576 2576
483 3089
630 228
4169 6131
1462 1843
3492 4413
369 164
2869 3638
4206 5364
4783 6645
5215 6721
870 994
465 443
4785 6110
2868 3515
2047 2521
1648 2064
5378 6976
1503 5431
4471 5694
5749 7490
4443 6428
1346 1677
172 169
694 709
2742 1046
3659 4587
3473 2405
3185 5456
592 3201
4349 5518
336 370
3574 4520
4100 3554
2567 3234
2406 3026
4862 6225
2064 2540
3001 3705
1422 1784
1746 2209
692 3044
2973 3770
437 9
337 371
1221 3753
285 232
4689 5986
328 167
1220 1525
4560 5804
2767 5042
4125 3585
5201 6697
4983 6400
2043 4620
5383 6984
1902 2401
836 1014
4421 5635
4265 3982
5623 7400
2495 3096
3389 2279
1290 1537
5103 6540
2049 2561
2388 4872
222 54
3643 4659
3870 4895
1716 2151
4156 6670
3103 3901
1262 1495
1013 1321
2989 1475
5613 7284
2899 3650
4429 4340
5564 7215
4084 5175
815 871
2182 4737
3254 4140
4746 7013
813 939
3936 4958
1713 2125
4451 4396
1994 4447
1535 1930
5490 7117
3011 5330
135 79
2120 2612
3787 4790
4232 6190
2549 3105
1836 2289
5241 6777
402 249
4110 5204
4282 4023
866 1065
4572 4748
2830 3605
389 363
2139 2665
1439 1819
349 373
4954 6843
2903 3595
2179 4742
3123 1857
4839 7052
1189 1463
5368 7195
5076 5788
3376 4272
536 559
4439 6426
2463 3054
193 78
634 776
1947 4433
1243 3653
4105 6097
2635 4857
1941 2441
3265 4157
2529 3058
4416 4313
3205 5471
4339 5509
3218 6283
4037 6048
3656 2666
1204 1499
1016 3593
5271 6333
143 96
4315 4093
909 3498
4593 5864
4944 6332
1575 1992
5437 6709
4266 6239
4387 6850
3577 4634
4922 6803
5740 7509
209 123
1469 3972
799 852
1006 3560
2039 4617
5449 6748
4267 6240
736 3368
4173 5305
764 902
1002 1028
5266 6813
3049 3838
629 4853
5741 7510
2060 2575
2683 3401
5007 6878
3164 4025
5483 7291
2486 3120
2298 2842
885 3281
357 173
2421 4863
5611 7282
599 684
2314 125
4047 5145
3010 3773
1944 2428
1261 1579
5209 6712
809 936
4433 5637
914 3492
66 32
3145 5440
327 352
5510 7321
1613 4110
5717 7491
2803 3547
2955 3752
57 2849
1921 4403
1475 3966
2905 6104
457 3095
5713 7489
4440 5648
2912 6112
1849 2307
1333 3795
4732 6032
906 3377
778 904
1152 1458
3981 5004
5597 7253
1286 1597
5379 6978
3148 1893
2662 820
3522 4467
3452 4384
5594 7247
5267 7114
3982 5005
282 2957
5524 7166
1981 2479
3364 6354
2715 4984
1376 1622
2579 5850
4102 3561
5004 6891
5645 7170
5268 7303
5646 7332
3926 6559
1574 1965
4348 5524
4489 4479
4883 6251
4460 5670
5039 6466
2007 5731
1845 2311
4030 6051
5796 7551
3927 6560
5430 7240
2967 5320
506 570
3999 5034
2159 2793
466 473
2708 4983
5330 6922
4297 5475
3289 5537
2401 2947
268 300
899 5089
3838 4858
2770 3484
1867 2339
2554 3183
343 137
1179 1491
2641 5907
1919 2398
4928 6811
1542 4000
4543 4660
4870 6742
5423 7041
4071 6069
1607 4103
4064 6613
2449 3073
1612 4107
1522 1912
3221 4084
3246 4134
1232 1549
2593 4820
1305 1637
5061 5765
4106 6114
2666 3362
2755 5012
867 3475
1765 4228
680 664
1284 1587
610 752
4253 6235
1107 1307
3827 5882
3016 5336
3872 4906
4556 5831
3610 4664
286 188
732 832
4912 6295
1813 4271
436 242
1555 1958
406 385
300 2918
159 119
2948 3754
2649 3276
2632 729
5563 6990
3330 4223
753 909
5216 7062
4095 5194
1794 2245
4658 5932
5239 7086
3096 3939
4987 6401
1495 1865
1726 4205
1663 2089
2756 5049
2594 3263
3961 5957
1122 1192
4268 5425
235 203
2791 5150
3014 3822
5673 7449
1577 1993
3903 5873
1626 2035
2831 1322
1570 4061
407 3052
4365 6826
639 546
5323 6938
3721 4749
5450 7072
1995 4574
2612 3227
544 4769
2821 1283
3320 2137
5016 6888
3124 3978
1482 1851
274 118
425 420
679 833
1622 2032
2164 2776
1571 4062
596 603
3087 6223
346 2922
5344 6936
2665 3357
5660 7429
3748 4775
3050 3868
2411 4830
4699 5956
648 3228
2194 2814
4683 6576
5452 7261
706 792
3968 5971
181 141
396 3103
4740 6982
3712 4746
1188 1501
3112 1836
4707 6012
2514 4826
3920 4946
1242 1532
3163 3996
1635 2052
5074 6506
522 4765
5656 7427
1154 1474
2178 2800
1906 2394
1378 1734
3062 3864
2559 4944
4535 4603
160 69
1379 1735
3924 5936
2597 3256
2931 5304
2793 1178
1474 3914
153 11
2881 6089
4415 5618
4711 6017
1192 1515
3336 4226
1897 2386
5332 6479
3647 4653
3317 4204
696 3335
582 708
4129 5224
4608 5854
5348 6525
593 668
4160 6128
4947 5561
4692 6574
5421 7229
633 777
2361 2920
2000 2506
585 715
4974 5621
711 815
4763 6068
4955 5570
1972 4463
2018 4510
686 3283
4092 6087
2509 4879
4379 5584
577 542
503 480
2605 3220
4709 5999
3366 5611
2418 3099
4008 5040
1447 1841
1890 2384
4796 6647
5649 7345
802 688
2933 5233
1001 1282
1846 2312
3994 5943
766 3151
5631 7404
787 524
5006 6434
5650 7346
295 170
2744 4993
4203 3813
5436 6708
5280 6858
3559 4495
2661 5953
5605 7450
3976 5975
4391 5575
356 147
3101 1821
5458 6762
641 744
2942 3715
626 3195
3991 5053
3440 2364
3563 2564
226 92
4946 6833
4470 4485
497 4787
3550 2649
1448 1823
1406 1762
5610 7281
4750 7016
5334 6933
1486 1867
2766 5155
3570 2551
4150 6117
2837 3556
3384 4270
4108 6090
505 2881
3571 2552
3881 4888
3934 5944
1851 2334
3105 3938
3261 4155
1927 2417
3603 4526
3209 1986
1182 1461
2036 4575
901 1143
1223 1520
5177 6091
5328 6934
1042 1343
4382 6351
4942 5559
2706 3326
372 2981
3262 4156
4166 5244
1735 2195
2623 4969
3622 5812
5097 6511
5040 6463
4283 4001
2426 3018
576 517
2590 3279
721 4893
2011 2519
5045 5714
358 226
3474 2413
1967 2467
4814 6661
236 204
392 210
1117 3527
1788 4278
4337 6308
1165 1266
1408 1777
2971 5327
4369 5544
4865 6213
689 712
195 126
408 451
569 3136
5786 7524
2081 2715
3151 4007
3856 4848
2346 2965
3914 4934
5412 7032
2773 5110
2016 2645
4919 6804
1637 2048
4081 6079
439 259
1340 1596
4846 5381
5529 6920
4094 3562
4935 5529
3427 2328
303 196
382 426
3692 4671
2260 2877
5723 7454
2456 454
504 576
5719 7451
1014 1220
3916 5870
3234 5495
1339 1684
4851 6728
1926 4476
2394 2974
1859 2341
966 1232
2611 3266
3053 5375
4205 6706
1584 1987
2858 1243
1170 3656
3910 5916
5170 6640
4536 4604
4229 5389
1237 1559
2160 2762
2946 6121
2532 3083
2729 3380
1592 4096
3508 4430
5021 6440
2496 4890
5698 7340
3149 3964
3085 3893
1807 2226
915 3497
3466 4393
3528 5698
1479 1870
2031 4598
5697 7422
2747 3468
615 663
4143 5258
2752 3445
5189 6680
4997 6884
3168 5467
4864 6226
502 456
643 659
2638 6557
5318 6467
769 853
2753 3446
1514 3983
4256 6248
3309 5547
4005 5995
78 115
4878 6241
1811 4282
4822 6152
618 3175
2378 236
4006 5996
1545 5451
5771 7544
4714 6004
2038 4618
4128 5226
1397 1743
1521 1903
2674 3388
5144 6581
3904 5877
2672 3333
957 1136
2161 2798
2939 3736
3031 1688
1483 1856
1589 2005
4405 6364
3235 4121
1579 4069
146 2889
397 362
4328 7098
2732 3458
3971 5008
657 678
2718 3282
968 1260
4972 6376
510 5847
4755 6047
4368 5551
4894 6269
1368 3823
4281 6264
1061 3633
5242 6779
5343 6498
2169 2767
3403 4320
2331 4816
586 631
1587 4090
1973 2488
3612 4532
444 369
2073 2693
848 5101
4510 5744
2883 5179
3054 1679
2001 4597
2195 2820
4422 5628
977 3581
2686 3361
5250 6792
2980 3755
4852 6218
3758 4796
4245 5415
4091 5191
4721 6597
2619 3205
1491 1853
2696 3378
650 743
4096 6060
3351 4248
5362 7191
3067 1697
3479 4411
4861 6224
5516 7164
1850 2316
1459 1848
4753 6603
3066 3830
3708 4676
4771 7007
4645 5925
1051 1335
1087 5168
4781 6096
3035 3843
2795 5077
5460 7081
2977 3759
976 3432
4629 5862
3517 2487
5200 6696
5252 7103
2544 3218
5333 6925
3322 4225
1539 1929
2163 2806
2528 3160
564 416
2048 2560
3251 5505
560 3208
5521 7171
5742 7514
3731 4713
2352 2875
2104 2590
1617 4109
1915 4418
5463 7090
3546 5739
3170 4036
1420 5395
4798 6671
3524 2475
2972 3718
3154 1889
2925 3722
3672 5827
4893 6271
4227 5385
2488 4876
1274 3685
5590 7377
4291 6767
959 1155
1602 4104
5443 7258
3182 4047
3365 4254
4159 7039
780 901
5092 6522
1835 2288
3594 4595
1338 1671
2987 1507
3764 4774
5459 7274
2900 3659
4198 6187
5629 7312
5352 6528
521 3137
3485 2415
4428 5633
5089 5797
4886 7269
1389 1754
3536 4458
3512 4434
2631 730
1119 1410
1558 1963
5187 7038
4074 6013
3280 4170
4663 6569
528 346
2639 789
4375 6344
5499 7139
5190 6659
895 3474
3407 5616
5662 7364
675 3319
424 3067
1099 1251
5069 6493
2129 4680
1729 4235
2919 5234
2363 2971
3625 5814
748 595
97 25
3127 3974
1018 3574
1101 5184
5210 7058
1619 2027
526 3150
3292 2107
2647 3353
4028 3436
3694 4740
3606 4573
1225 1560
2848 6062
353 2998
3902 5874
2637 648
4097 6094
4276 5430
2192 2774
1443 1838
5777 7521
1962 2469
4562 4672
1031 1345
3203 4053
1263 1577
3328 4196
2913 3617
299 2837
1863 2333
1215 1498
5204 7376
5213 7064
3008 3721
4921 6802
3861 5912
5320 6914
2634 5015
5789 7499
3580 2695
2654 4919
5249 7285
5725 7456
3245 4131
1712 2147
225 2873
2835 6057
2059 4645
5316 6912
5569 5989
3807 4846
4174 6686
4589 5848
5243 6780
4052 5151
446 2950
3200 4060
794 918
1357 3816
359 329
1162 1444
4901 6769
3324 2154
4078 5099
1936 2420
5133 6968
3220 4087
1030 3486
1089 3518
3686 5782
4790 6116
2857 1328
3028 5368
1091 1404
1653 2072
4845 6724
5291 7157
4857 7068
4503 5736
2870 3639
5176 6646
2958 3760
568 672
4088 6642
3268 4161
519 601
2669 767
3501 2438
1467 1858
4994 6874
4241 6208
4940 6323
4059 5144
1075 1112
5538 6942
182 154
2447 3093
2471 3039
1940 2442
1386 1724
1991 2499
1652 2077
183 155
2790 6028
3575 4521
3395 4325
1463 3935
5477 7390
1029 5142
5145 6604
5415 7226
2772 5992
2789 3525
2335 4813
2684 3400
60 2840
4335 4139
351 181
1380 1725
2543 4921
3940 6548
1608 2018
5663 7478
1133 1406
2511 3082
972 1054
147 2908
3128 3981
2576 2911
4926 6810
326 322
1706 2146
72 116
580 460
3442 4363
5582 7033
3038 3855
4884 6751
685 3267
3194 4051
4147 6108
2537 3117
4273 6254
4832 6167
2737 5087
1822 4309
4024 5115
4827 5322
1798 2234
4063 6612
3108 3916
1015 1219
3957 5885
3118 3979
5531 7342
1633 2051
4715 6610
2978 3766
4448 4395
1945 4502
3795 4824
727 3115
2201 2828
845 1038
4900 6775
1804 2274
5091 6948
3866 4903
2606 3191
481 348
731 831
1524 1895
2004 4599
868 3290
701 740
1227 3661
4519 5759
1432 1790
1525 1896
1895 2440
1021 3604
2949 5239
4999 6405
1830 2315
2813 6045
4054 6002
1971 2473
612 3244
3487 2424
1426 1791
237 263
1111 1385
3955 6538
2187 4712
517 550
2150 2737
1505 1847
3110 3953
5303 6895
5385 7201
3962 3260
3180 4038
2460 5852
1905 2408
1987 2498
5466 7092
1616 2026
4687 6600
651 775
1250 1557
3379 4289
2609 481
3875 5900
1074 1378
2764 5066
3883 5941
1175 1487
1238 1523
2814 1253
1932 2463
3093 1787
2272 4782
4193 5331
279 2995
4254 6752
2273 4783
4271 6252
5083 5789
3804 4806
3705 4744
4982 6406
5619 7297
5686 7411
296 3066
3483 4405
1259 5251
3228 6294
5703 7435
3823 4844
4178 5318
1922 2409
2094 4679
46 53
246 2832
117 70
3666 4649
1684 2108
608 703
2339 2894
3080 3892
4917 6305
3465 2403
862 1043
4726 6981
4538 5780
530 2934
859 3416
4123 5240
2376 3011
805 967
3316 5558
3349 5588
970 5130
4628 5880
4552 5798
565 506
4542 6497
3534 4538
726 564
2384 2898
4762 6067
1580 1997
710 814
4347 6321
5207 6164
3153 4009
1750 2180
4343 5516
5057 5755
2591 3135
2897 1415
352 182
3654 5802
1770 4249
3000 3777
2448 6568
4804 6138
1400 1745
1520 1904
4576 5839
2566 5846
5338 7349
4225 5376
1412 3861
5772 7529
5523 6911
3138 3988
739 899
473 3185
1330 1662
3045 1664
3037 3851
831 959
2969 3709
165 50
5296 5667
4480 5720
3171 4031
4386 6343
2743 4992
1821 2313
1382 1728
4885 7074
4477 4441
5162 6625
3969 5970
3207 4065
3616 4646
484 423
2876 5163
4041 5112
2828 6083
2709 3430
2734 1027
2583 605
4743 6631
4126 5236
1764 2214
3463 4382
3587 4527
4138 5247
5634 7414
2710 3383
4207 5369
3068 3872
3510 4454
1040 1314
1810 2277
682 3034
1005 1086
1795 2233
3682 4716
4233 6193
375 427
1321 1562
5050 6469
3569 2550
825 3238
1506 1868
954 1197
2867 1354
2760 3417
1047 1362
291 101
5093 6521
3390 4287
4361 6325
1049 1366
202 49
3828 5883
1523 1892
2792 6027
3094 3931
464 444
757 3354
3002 6146
5372 6967
955 1198
632 532
2462 3146
562 618
3965 4967
4399 5606
2780 1071
4327 6789
5311 6924
3617 5751
3302 5541
4259 5428
3986 3277
5212 6169
1341 1704
5129 6972
5217 7063
5381 7194
3071 3858
2794 5078
455 3043
3144 4003
2556 4807
5130 6973
2573 4773
4090 5176
3415 4327
5019 6451
4539 6512
1749 2182
1803 2258
4466 5678
3554 4489
1812 2242
3706 4711
3481 2454
991 3485
1066 3508
2348 2968
2820 3589
1487 1866
1348 1696
754 3315
5648 7344
2836 3601
5245 6293
3829 4873
3493 4414
2032 2523
3449 4367
4970 6375
4903 6281
5492 7307
5792 7536
476 4815
3970 5951
2626 3254
5505 7322
5398 7221
724 4891
3386 4275
715 3072
5104 6552
606 4825
2096 2586
5052 5740
3022 3824
1139 1430
912 1129
5688 7412
5511 7150
1853 2337
5105 6553
3243 2037
3078 1703
4099 5199
995 1162
5310 7178
2575 4814
2879 3629
5278 6365
1887 2377
4121 5238
4619 5914
2065 2541
3951 5966
4236 5404
85 68
1901 2393
3150 3997
1098 1252
3046 5374
5444 7069
4033 5020
4718 5044
4559 5838
1707 2134
2655 5002
1106 3588
4155 5274
3174 5452
4284 6255
2399 3041
4130 5225
2003 2513
1037 1294
5518 7165
1488 5422
4330 6303
2115 2742
1771 4252
5390 7204
1532 1914
2656 5003
4836 6162
478 358
5617 7391
2400 3042
4417 5650
4310 5488
3272 5517
4979 6398
818 3396
1925 2429
3003 3782
4787 5209
1442 3944
2990 1476
1027 5138
1911 2414
5389 6996
3664 5830
2818 3557
4354 5534
2833 1304
2578 3181
543 558
1938 2419
3181 4045
2847 3610
5206 6710
869 1061
3788 4791
1690 2131
595 731
5347 6501
365 2992
3380 4266
1737 2181
2145 2724
4939 6822
2827 1060
5015 6427
5431 7048
2906 3687
4458 6436
3959 6554
3396 5625
1060 3632
2907 3688
781 5014
1554 1957
3406 2280
5244 6783
3141 1876
3499 5696
1484 3924
1354 1706
5638 7319
4952 6842
4321 4117
1409 1769
2072 2692
3868 4929
4269 5443
921 1082
477 349
4684 5016
644 658
1391 1756
5416 6665
4218 5382
5140 6979
79 114
2130 2628
3899 4935
5159 6615
693 660
3431 4341
3977 6575
772 927
4395 5600
4165 5262
2517 3143
1296 3804
4818 6681
498 374
4943 5560
5234 6759
1689 5538
2762 5107
847 3403
1594 4083
2799 5158
708 840
3484 2422
999 1276
378 161
4373 6836
4719 5987
2524 3203
1872 2342
438 3035
115 2854
4303 6279
552 527
3248 2046
4250 6246
734 819
4789 6102
3710 4715
1217 1528
5260 6807
3264 5515
3210 4067
3876 5899
740 862
4678 6547
1084 1363
2675 3369
3604 4543
4760 6046
4185 3701
5482 7110
716 749
4243 5403
3359 5589
3388 4305
5227 7067
4280 5445
2063 2557
659 611
563 518
5060 6496
824 1034
888 1067
3329 4214
1231 1550
1033 1255
2929 5273
2271 5
2125 4697
3778 4831
3942 4950
4531 4602
2687 3360
2318 2961
148 45
3993 5022
4802 6130
1153 1459
2057 4673
581 707
624 764
5188 6675
551 569
1949 2497
5447 6737
3589 4536
3453 4385
3908 5949
265 2874
302 2924
1837 2321
3853 4771
3172 1949
1404 1711
5152 6609
2667 5059
574 489
3173 1950
4316 5493
212 144
2009 2549
4215 5365
4993 6882
5712 7372
68 2831
485 419
1319 1668
1273 3678
635 2946
2893 3662
2968 3666
4234 5388
2477 3075
224 198
986 3478
1017 1329
5507 7158
5552 7205
1884 2359
4579 6510
5776 7537
2673 3334
3323 4201
4488 5707
2851 5139
5340 6939
3496 4408
623 3285
4222 6719
747 608
2887 1391
3806 4845
4574 6531
2386 2988
5043 6454
1108 1308
3433 4358
4674 4954
3635 5800
2454 2982
3177 4044
5503 7320
882 5025
4913 6296
3439 2345
4195 3787
1559 1962
873 3459
2717 3393
301 2919
5356 6509
4381 6350
5312 6450
1176 1455
1957 2478
1933 2425
5432 7371
4305 4078
1866 2353
4537 5781
730 886
1039 5143
4621 6556
3184 1959
5211 7057
271 3023
2648 3352
3746 4788
3075 3890
4124 3608
819 940
4838 6725
4646 6563
1418 1760
4734 5010
874 1058
470 500
5088 5834
4950 6338
321 364
325 142
3083 5367
3295 5539
545 4770
875 1059
5476 7389
2375 2990
461 246
3318 4189
5657 7473
4404 5614
773 915
1256 1567
5473 7100
755 765
5238 3998
939 1145
2185 2734
2190 2746
3201 4059
2538 3198
3252 2056
2963 3707
792 3230
5743 7516
1328 3779
812 990
788 3347
2627 3293
205 2856
2202 2822
5668 7486
2681 5036
218 200
1249 1564
750 3340
758 882
4739 6035
1809 2272
4897 6277
877 5037
219 201
2501 3142
4051 5124
4669 5935
2806 5122
5235 7076
5224 7066
3397 5629
3900 4933
3293 4176
1645 2065
459 2845
3337 4224
4813 6691
2474 4865
1658 2076
4385 6352
911 3434
2434 4882
2615 3270
3033 3831
1126 1389
3844 4805
5301 6443
1892 2430
4582 4721
4035 5090
1693 4188
4515 5754
5349 6526
2329 2865
1322 1591
4941 6834
4989 6872
3634 2748
4849 6216
4528 4601
1367 1642
1120 1439
4289 5462
3626 4686
5054 6481
2966 1519
2901 5192
4258 5429
760 923
1526 1900
3211 1990
3476 4410
5327 6935
3815 5857
4661 5889
846 3200
4842 6188
2425 3019
3060 5392
3786 4786
4731 6020
4089 5177
662 782
3958 4947
4022 5111
1055 3522
3266 2088
1790 2206
3935 5860
798 3395
2892 5174
2342 3007
2323 2888
2172 2780
5797 7554
2748 3418
1168 1484
849 1005
4854 6722
2557 3214
4192 3778
1283 1602
2974 3717
702 841
4103 5216
2985 3768
3649 2644
823 3180
5032 6471
5794 7539
4548 6508
1628 2040
5281 6382
3092 1786
5487 7118
5408 7018
4104 5217
386 2986
3249 4137
5228 6199
3696 4728
600 3248
4070 6077
4492 5717
3077 3882
4408 6374
2798 3540
796 823
4255 6238
2620 3219
4186 5328
2768 5133
5164 6997
383 2987
1494 1884
5025 6444
4479 2489
2569 3232
664 803
4812 7034
1246 1569
4712 6016
2435 3102
204 2954
5041 6461
472 494
4498 5732
1618 5494
2759 3420
3504 4432
3363 5603
1313 5298
1105 5181
4044 6037
4961 6853
5299 6887
3030 3808
4507 5749
5289 6869
4957 7128
4869 6233
2880 1401
5684 7460
4197 5346
2069 2618
5769 7513
393 3005
4882 6247
3521 6483
3278 6320
152 103
3963 5019
2730 4956
4627 5879
133 58
1298 1614
3291 2110
3595 4552
5418 7031
965 3483
5317 6468
2555 3161
2414 2940
2282 15
1791 4285
4597 5849
4824 6159
556 4803
4204 3812
990 3503
2698 3387
5474 7101
2167 2777
275 152
4874 6222
5080 5835
3021 6155
665 661
4825 6160
3017 3781
2960 3641
5475 7102
1477 1852
1561 1956
1028 3572
2395 2975
3561 2562
524 4764
2372 2893
433 3127
1438 5410
3373 4260
3801 4779
3877 4905
1671 2084
620 682
2786 3488
3081 3857
1450 1828
3726 4705
3015 5337
1287 1595
3462 2390
2807 3530
5508 7324
5017 6437
2564 3177
2539 3155
5223 6739
3241 6796
1451 1829
387 2996
2140 4591
2037 4522
3862 4901
5586 7042
2240 2862
5172 6644
5222 6220
2926 3732
388 2997
2080 2577
1043 1342
2861 1351
2924 3664
5433 7235
654 3250
2393 3012
4666 6555
1248 3723
2062 2566
775 5955
456 337
2461 3145
3954 5001
4520 5760
4482 6446
3893 5886
1504 1878
1657 2083
3930 5973
1605 2014
744 621
3044 3853
1178 1486
3354 6347
4748 6985
4353 5531
5113 6961
499 528
3586 2706
1032 1364
3055 3846
5307 6900
431 345
2877 5162
1255 5260
5226 6730
763 799
4359 6827
4400 6355
5647 7343
3027 3840
741 3158
637 666
1034 3603
294 190
5793 7538
602 612
2055 2547
1365 3818
4360 6828
3212 4073
2739 3469
2146 2671
4962 5593
3480 2453
2741 3442
3250 4138
3526 4439
1928 4404
3222 4089
4800 6125
5163 6992
5448 7262
905 3482
2596 3273
4314 4086
2099 2712
4816 6694
566 4797
4902 6280
844 3236
4039 5114
946 1185
4792 6655
4432 5636
2633 5908
1070 1340
3489 4415
570 3179
463 390
2123 2723
5414 7024
5251 6793
1718 2174
2785 3517
1510 1874
2114 4683
1979 4570
377 104
1743 2167
1540 4015
1802 4292
578 2878
3362 4258
3592 5767
4632 5859
3143 3991
1465 1826
856 1057
171 145
3467 4394
2943 6124
5392 6987
3385 2243
546 469
1050 1370
2574 4772
234 160
4172 5291
638 3024
370 378
2731 4957
1464 1859
4065 6626
1990 2548
717 3318
2595 3192
4564 5805
1903 2404
3943 5866
3321 5568
4860 6746
1593 2004
501 2960
3693 4665
5321 6910
4844 6172
5400 7211
4213 5363
1157 1468
4681 5984
2337 2952
1109 1268
1130 1434
614 745
2819 1284
223 199
4891 6263
1214 1555
1194 1500
5434 7047
1916 2397
3714 4747
4967 6373
2106 2615
5567 7218
3704 4732
979 1010
4749 7017
1335 1683
653 783
496 357
4571 4690
3217 4079
5615 7288
5186 7363
2023 2592
2671 3291
5568 7219
4985 6391
2889 3649
2922 3697
1924 4426
3183 4048
1760 4227
5182 6115
492 533
2568 3182
2450 3032
770 6596
2618 425
808 848
198 3000
2490 4910
2561 588
4723 6023
5246 6787
3036 3834
1720 5565
4077 5154
3513 4435
1799 4281
1308 3815
2071 2571
264 2914
2191 4677
938 1175
3630 2719
5085 5810
1997 2556
5763 7508
5502 7144
3410 4315
1703 4210
4930 6315
1311 3734
4541 5786
1826 4331
5275 7125
269 2900
4275 5453
342 2936
774 906
1773 4246
3888 4907
857 1013
354 2999
1530 1915
311 2910
4325 5498
4710 5982
2713 3427
2956 3765
3122 3971
3989 5071
5269 7123
2711 3343
5509 7160
106 133
4301 5479
3867 5888
4679 5958
1421 1770
5263 6814
4122 5227
5253 7107
1212 1497
243 33
2970 3714
2953 3746
520 3091
1805 2268
4905 5482
4677 6546
5342 7188
4430 4346
3458 2383
835 4985
1667 2078
816 928
4694 6000
4145 5255
4050 5125
4937 6824
247 42
2548 3163
782 3351
2402 3010
658 610
4182 5319
2440 2970
4240 5400
2774 3499
2940 1517
1563 1969
3498 2426
4119 5210
4504 5737
2534 3088
2034 2607
668 3038
669 652
1664 2080
2473 4866
892 1074
5024 5687
3227 6289
3398 4297
3869 4928
1869 2357
4087 3543
5751 7492
4079 6061
3348 5587
3593 5768
4133 6098
1778 4256
3566 2620
3653 4707
3505 4431
2860 3584
168 23
2203 2769
2078 4647
5012 6413
1293 5275
4577 5815
1673 2095
2801 3536
559 501
1102 5183
5665 7366
797 4973
1411 1779
3130 5438
4533 5778
2523 4897
567 415
2015 4461
5175 6998
1158 1469
1800 2225
5293 6880
5456 7077
2757 5050
598 536
4485 4448
5664 7479
2935 3621
2845 3579
4304 5486
2487 3173
3445 2365
3818 4856
4770 6080
1081 3521
3111 3963
3064 3886
2572 4801
3651 5818
1620 2029
5422 6674
116 97
3402 4317
1272 3677
1669 4159
723 4909
1019 1228
5265 6815
1715 4203
1513 3995
2309 2855
3179 4039
1373 3828
1277 3689
3301 5556
605 746
853 964
2834 1305
4932 6820
1026 1187
4737 6033
2884 1418
4795 6095
3503 4473
3624 4546
4805 6682
5727 7467
1656 4152
4551 5807
4294 4032
1396 1752
2840 5136
1202 1382
3352 2193
896 1130
1501 1869
2279 2949
4075 5104
87 81
4848 6215
1701 4199
953 1148
3356 5592
512 596
3956 4937
4945 6329
1195 5229
5000 6404
5583 7438
925 3448
416 3080
3206 1977
1485 3925
897 3363
1661 4163
1312 5299
1193 1490
3459 4392
4616 4837
830 4968
156 2846
1327 5317
5425 7227
1325 1646
1611 2016
4772 5172
3311 5553
3597 5750
2916 3702
3834 5896
2327 2905
1316 1608
3860 5903
5205 6165
3233 4113
4292 4040
252 281
1536 1918
3074 5378
4380 5585
1440 1805
1320 1667
932 1156
4246 3930
2714 3428
1148 3607
907 5063
989 3443
5496 7408
3948 4962
4853 6716
5386 7202
1891 2385
2951 5279
941 5121
4472 5680
4872 6738
4670 5954
1149 3636
942 5083
3966 4999
3523 5706
1300 1598
1824 2265
122 2860
379 162
4175 5303
860 974
4561 4674
4157 6669
1167 3606
1557 1953
3444 4388
1975 2486
4453 5669
5607 7387
4509 6470
1458 3940
4565 4735
4768 6594
5173 7000
4858 6729
3488 6460
1455 1749
3378 4261
3532 5773
3582 4572
507 323
4554 5793
515 455
3641 4563
5614 7287
3391 4311
4895 6276
1265 1419
3468 2391
2824 3598
3409 2305
1642 2057
1114 1426
2586 3247
93 100
4778 6623
903 1092
3114 3973
4742 6632
3257 4150
1923 2410
4911 6292
1683 2098
1164 1488
1573 4046
1088 1376
3633 5816
108 80
3909 4942
1135 5200
1083 3630
5706 7481
2938 3747
1093 3526
4274 6760
673 3268
5053 6478
2079 2578
1096 1390
3275 4168
2875 3625
4058 3467
4717 5043
2433 4881
1959 4427
5191 6679
674 3269
2849 1325
1095 3528
1793 2201
4244 5414
3298 5532
5178 6092
3658 4719
4733 6039
1453 1840
1739 2199
4055 6001
4364 5535
4553 5799
4867 6231
1045 1368
1134 1405
3609 4544
2726 4951
4288 5461
1350 1600
5067 6495
2311 2942
1468 1834
2716 3346
4686 6572
538 4810
5274 6339
923 1172
2581 3206
533 2967
2030 4635
2859 3590
4456 5666
3282 5526
5498 7145
1533 5446
1007 3472
4866 6214
2645 5023
4611 5869
5197 7036
804 859
963 1275
2170 2778
53 1
4522 5794
3608 4553
5486 7115
5484 7112
3100 3954
1814 2253
3985 6578
5166 6628
1854 2331
4454 4397
2991 3733
871 739
452 321
4834 7046
2932 3731
1531 4024
5427 7049
3360 2236
1705 4194
4082 5157
5728 7468
5341 6940
2085 2697
2143 2702
1394 1748
4877 6747
5031 6449
1864 2348
1199 1467
5397 7010
2442 3047
1953 2447
3377 4267
1680 4175
1986 2537
5620 7304
3825 4849
3136 5436
5577 7432
998 1212
471 519
4394 5594
371 2980
5699 7341
1662 4164
5640 7323
4931 6319
4765 5011
5029 7179
3225 4095
3598 4524
2904 3665
4807 6135
2865 3616
1711 4218
1875 2363
677 671
3631 4564
4738 5058
4521 4567
3117 3959
3079 3904
3237 4119
933 3523
4296 5472
333 4871
5160 7214
756 873
5199 6699
720 802
2431 3055
1240 3769
4682 5962
1349 1631
5575 7359
3599 2600
2658 4867
2173 2765
3303 4178
854 958
5468 7388
645 772
1537 1861
1292 1612
5589 7374
3253 4141
2976 3716
5572 7361
3304 4179
1230 1546
1632 2045
5179 7357
4649 5942
3401 5632
3426 4350
1858 2332
1393 1750
10 2
2825 3599
1337 1669
1643 2059
814 3223
2026 2545
2927 3728
2181 4745
2750 1050
2853 3623
2097 2587
5702 7477
307 2945
3394 4319
3535 4455
2659 4886
5150 6595
2379 2937
2563 3176
4752 6592
4420 5627
2300 2948
3202 5463
5377 6975
811 1025
2975 1552
4879 6757
1402 1766
4045 5105
1234 3668
3097 1778
5411 7023
2660 4887
2468 4900
1969 2494
1454 3896
5506 7148
1781 4259
4366 4185
4929 6316
1399 1763
4696 5030
1714 2173
4015 5961
3285 2101
1756 2186
4776 6086
2436 4917
4383 4236
3429 4364
2957 3762
1742 2169
2061 2565
3884 5902
997 1216
394 3086
4511 5779
3286 2102
313 192
765 3144
1745 2179
2873 3509
5497 7143
2947 3735
4481 6445
4317 6786
475 2871
3728 4754
4563 5790
2838 3575
1601 2011
3441 4356
3560 4496
2087 2595
4906 7093
5237 7272
4464 4428
5001 6870
5478 7106
2512 3141
3992 5945
5666 7480
525 4763
4009 5069
1140 5197
684 3241
2485 3121
851 3477
1877 2350
3134 3989
4093 5185
3446 4365
737 3154
2157 2796
4194 6153
5554 7209
4831 5323
3826 4802
2815 5108
5276 6835
695 812
3506 4423
919 1076
105 20
698 3021
2504 4889
3090 5386
575 624
2126 2641
4076 5173
5760 7466
699 3022
2872 3615
3632 4559
2188 2810
1177 1457
138 178
348 351
4313 4085
3029 6192
832 3408
3270 4160
1955 2449
1676 4173
4187 5329
4214 5380
3032 3833
482 3064
1226 3660
3471 4400
3716 4681
5194 6664
462 389
489 442
5009 6410
2005 2627
4693 5027
3421 4328
5644 7328
315 2956
2077 4648
5070 5785
5087 5833
3618 5796
5058 6503
5138 6958
2508 465
3669 4657
1000 1277
967 3453
1137 1181
2196 4753
597 537
1390 1730
5501 7147
2688 3376
820 995
1306 1530
2313 2896
785 926
889 1081
2550 3015
2416 4854
1067 1334
2992 1580
631 521
2546 3153
1244 1531
3115 3967
1686 2122
681 4885
1336 5344
1236 1574
1636 2049
1383 1733
5616 7109
4971 6379
2506 344
2144 2722
5681 7399
1363 3797
4085 6629
4137 5245
4547 4666
4212 3803
1260 1578
1351 1680
1364 3798
1022 3619
3082 1753
4272 6257
4496 6480
1146 1471
5624 7305
4668 6571
207 48
532 526
4113 5232
850 1045
4698 6577
1672 2085
4080 5156
256 189
1978 2474
5126 6549
3344 4234
2535 5851
4769 7015
4914 6300
5692 7418
3703 5836
2510 503
2560 587
786 955
4277 5449
5395 7200
1780 4257
5305 7177
561 619
4351 6322
5600 7251
3863 4902
5694 7420
5667 7370
1582 1994
2663 5035
2479 3130
2775 6011
1063 1341
1787 2194
2668 5060
4756 6606
4960 7131
3684 5826
1996 2555
3457 4390
2842 6056
89 106
1898 4386
1697 2156
603 630
341 2935
1423 1785
1806 2231
1110 1267
1598 2006
3565 4517
1444 1842
2580 3159
1203 1483
1825 2314
414 231
479 2944
5331 6921
4251 6245
3428 4345
3591 2588
2437 3060
488 522
611 4817
5075 6945
1113 1386
4320 6299
3718 5821
5553 7206
5736 7506
3056 3847
987 1189
5115 5867
3051 3844
1733 4191
5637 7415
4384 5572
2643 4878
5573 7358
3530 4443
4680 5964
3157 4027
647 535
2979 1568
4286 6267
395 3104
5401 7009
1025 3476
4904 6773
2636 3207
1660 2074
3408 2306
405 305
1046 1262
3076 3881
3698 4731
883 5026
1309 3814
2012 2589
258 175
2644 3337
2553 3168
3006 3726
4909 6288
2898 3612
5156 6966
4716 6611
283 208
749 3341
4131 5242
4201 6701
2614 3242
4727 6029
518 600
4098 5195
5367 7192
1860 2344
1752 4247
188 56
2248 2851
4635 5884
1086 1397
3058 3862
2533 3087
3139 4008
863 986
1416 3934
539 2915
5350 6954
5579 7433
3918 4970
2826 6059
5595 7246
2829 3555
541 651
1868 2356
1880 2366
5445 7071
1036 1289
4801 6088
1759 5577
1879 2421
4031 6050
5393 6989
4101 6071
4465 5672
2832 3564
251 216
2908 3637
5264 7113
3296 5540
3541 4516
558 3126
2522 4896
5180 6657
324 76
5520 6931
2475 3138
881 1022
1625 2034
1823 2309
719 723
571 3165
3837 5909
5565 7356
2812 6058
423 3111
1059 1347
3894 4943
3095 3922
2587 492
4549 4667
2680 3344
2453 3112
4154 6132
1151 1433
3898 4925
3443 4359
4938 6817
1441 1818
4144 5249
5504 7314
5731 7474
2521 4784
646 771
4570 4708
3259 6314
5181 6663
1374 1722
1758 2170
5715 7444
1124 1438
1297 1599
2915 1450
2986 3776
3447 4368
4566 5817
2902 6101
4968 6378
852 963
3004 5295
1519 1882
1734 2153
3531 4548
1304 1640
3584 4525
547 387
3552 4500
904 1149
676 710
2138 2664
4506 6475
5759 7465
1572 4050
2177 2804
3069 5372
742 579
415 270
1041 3622
196 165
1352 5347
2035 4576
1741 4216
3256 4151
1191 1514
3070 5373
1966 4528
1685 2109
2530 3152
3646 4652
5034 6459
5457 7073
4285 6768
3133 5411
2625 4851
1623 4126
2010 2520
1128 3535
