1357 1656
1027 2977
3733 158
3102 696
4354 1807
1751 1866
1700 907
5230 1709
2817 2685
3888 239
2815 2091
4393 3300
3145 1739
5099 2134
3259 3214
897 1310
2448 222
3539 1972
4041 453
4954 2459
1137 213
3862 269
4141 3153
1543 755
3070 1668
1352 2776
3825 243
4727 448
5552 2990
3383 900
3395 1873
5160 2698
1350 2317
4641 279
2744 2647
4343 1821
2813 2129
2877 2711
1089 2697
4951 2881
3264 2456
1454 2358
1618 2869
1568 2411
5582 2775
1607 2863
1363 2309
1674 2463
2795 2975
402 208
2998 2757
4783 2225
5488 3326
4833 648
1679 1834
2852 2122
899 1400
4597 171
4681 386
3083 3026
4182 636
5176 2265
1617 1794
2826 2701
5584 2244
4904 3200
1135 2715
3218 3202
5152 366
5423 2330
980 2132
2848 2983
5662 3012
4621 191
951 396
4394 882
5181 1600
1584 2424
4796 3252
2963 588
1004 2980
4404 2472
2610 357
975 2110
3757 120
4284 3194
1730 2894
4086 2984
1720 3076
5241 769
1574 796
4712 1523
3133 3032
4222 3270
3355 2490
5165 1541
5227 3317
3912 294
1729 2898
4739 1521
4411 2478
1689 2887
3002 3259
1788 1863
5169 2240
1313 2765
1711 1872
4789 1587
3391 929
3278 2457
4935 2446
4382 3082
4201 3173
1245 2287
1686 866
5253 3206
5264 2870
4233 3022
2943 3157
3158 3045
1474 2813
2851 2673
5142 1464
4966 2890
3742 108
3664 2024
4347 2872
1100 2137
967 2153
4834 3260
5605 3380
4832 649
825 1239
5553 2991
5621 3211
2790 2649
3397 1867
941 348
906 93
5416 1592
4300 3199
5622 3212
1311 2274
1484 2366
5233 3276
990 445
5338 3126
2933 3002
4668 1405
1364 2310
4328 3289
2901 2712
4645 2162
4266 3034
4634 237
4887 746
3863 268
1572 1767
3745 193
5505 3085
4434 2512
976 2111
4053 2655
1799 928
4160 1574
5242 1763
4038 469
1025 1330
4814 3155
4344 850
3298 845
5407 2269
3193 2835
1277 2748
3387 1852
3827 205
5114 1434
1102 2192
5561 2724
868 2074
4274 3042
1544 754
5608 3285
5246 797
3399 912
4790 1599
2882 2713
5489 3325
5245 791
4442 2504
3227 3203
1075 1403
3140 2378
3836 187
3866 264
1123 1470
1789 1864
2873 1442
3228 3205
5291 3093
1488 2388
4381 3083
1078 2169
3914 284
5731 3255
4232 3021
2970 595
2835 2982
1081 1453
4849 1701
4071 1557
4689 372
1195 2730
1759 3080
5072 2571
3908 299
4961 2465
2462 324
4602 1380
4055 2651
1538 2402
5586 2331
5145 395
2626 335
832 430
4186 640
5667 3266
3860 212
1117 2128
4889 2826
3382 899
2923 2220
4367 3215
5478 1781
989 1327
4137 584
1095 2161
2828 446
5634 3219
814 2073
1823 1865
1101 2193
2972 593
3870 240
1105 2185
1564 2410
979 1373
5468 3366
3833 252
4671 232
1455 1681
1690 901
4271 2395
1274 2248
3381 917
1007 1370
1327 2772
2231 96
4157 3162
2743 2646
5268 3328
5180 1591
3954 383
1545 2829
3185 2832
4070 497
3786 153
1167 2209
925 364
1093 2168
2883 2714
4763 1569
4926 3208
1030 2680
2767 2654
5703 3174
4684 393
4960 3303
4741 1524
5251 1777
4713 2113
1470 2815
4345 846
5162 2245
1087 2704
4762 1568
2986 650
4240 705
4711 1522
1680 857
1079 2170
600 351
1701 903
2558 326
3837 261
3202 2840
3203 778
1802 2496
993 2674
1675 2462
5104 235
4322 802
4884 3189
3311 861
5182 530
1502 3041
3828 204
3237 816
4072 1558
4054 2652
5205 647
5442 3273
5406 1560
4018 1527
3288 1813
4687 1507
5166 447
4187 641
