2163 2016
3088 1238
884 3910
2807 881
773 702
3046 1207
3791 3946
3692 1852
3166 1391
2522 2221
4911 5404
4244 4537
1375 1261
3948 4096
2716 592
5651 5997
5228 5297
2078 3699
1350 4399
1719 3401
52 51
5222 5338
4207 3059
4196 2998
3380 1576
4369 1511
3514 1742
4669 5041
3783 96
5305 6398
757 635
3080 1263
5104 5019
4288 3217
5354 5573
5029 6010
2379 104
2355 2217
4130 4353
4420 3467
5105 5020
4442 5967
3222 1428
5609 6451
4668 5047
2679 554
560 521
1877 1679
3133 5817
4087 910
814 3900
4365 6209
4718 4154
2207 73
5768 6597
5623 6468
462 364
3740 2199
4787 2856
5649 5998
5473 5869
979 2450
1287 1157
4582 1899
2553 436
5650 5999
3228 6187
5164 5066
5707 6429
3971 544
1662 3331
5681 6366
5561 6294
5050 4778
2662 683
933 869
2774 860
2329 43
731 671
2614 533
4254 5336
925 4184
5634 6482
555 2317
5491 5893
4366 1508
5487 5890
4857 6152
2663 2513
5041 4777
2759 2627
373 406
5180 5215
1701 4685
1117 4130
4093 2821
3138 3183
2799 2763
3446 1697
1687 3363
468 209
2971 1150
4035 4186
5206 5793
5331 5532
3712 3829
4782 4342
2474 3950
4905 3246
4349 3311
4451 3523
5503 6385
1373 4455
3455 1694
2908 2835
535 466
1782 1609
4061 4293
2710 2625
3382 4712
1130 1044
122 2143
3898 4061
851 833
3136 4546
803 3902
3745 3943
4030 4249
1397 1267
1455 3056
591 337
897 4024
5079 5608
5552 6056
2872 953
3341 5465
3966 2530
3051 3055
1137 2553
1584 4596
3530 1743
3328 1518
2598 578
3947 4090
225 2074
2363 260
3150 1361
2366 281
2646 4107
1105 5147
2226 2099
3757 3877
4838 5312
3908 4083
607 423
741 3859
4891 4556
2479 422
5626 6475
3612 1794
4952 5905
2668 2608
325 107
5666 6571
2795 5671
1994 1755
5341 5560
5423 5781
4976 3430
2696 695
1759 5923
5731 6496
2437 2367
3778 2313
406 410
5291 6386
267 292
952 895
4644 5054
2462 2471
4842 5309
3220 1427
366 445
3805 2326
4450 4739
706 644
5150 5111
2832 2819
394 370
4900 5855
4260 3125
5621 6467
5436 5299
3030 3007
4026 768
4883 4549
2737 5139
1030 5703
3631 3615
719 553
3405 1623
160 109
1706 1552
4844 4440
283 277
3506 1737
3734 2073
4411 5930
4094 938
4070 2783
1568 4577
4247 3129
1066 5117
1742 1532
4505 1785
1747 3434
2924 987
5642 6222
561 567
5606 6453
3213 3252
3229 1442
5347 3648
3691 1853
4343 4657
5212 4452
2526 2282
5224 6143
2887 1003
354 2212
1907 3663
3918 564
2943 6087
2748 687
2704 2617
1051 964
395 398
4115 4319
5152 5119
813 697
2770 2774
1781 3414
4846 3080
4931 4634
1313 5224
4703 2612
5425 6421
1802 5481
551 534
4314 1425
1226 2822
4264 3179
3386 1591
1707 1529
5052 3587
4305 1418
3925 2537
3988 2650
4589 3922
2298 2105
1482 1341
959 845
2508 482
3900 2420
3075 1268
4479 1744
4964 3403
2004 3680
2504 2233
5142 5084
4642 4105
5383 6067
4597 3915
1725 3433
3794 2157
2346 2259
1689 5442
1486 1360
1123 4204
2206 41
4039 2700
4910 4600
4736 5155
3077 3095
636 455
1093 5127
938 904
671 560
863 710
4682 5075
4239 5819
5145 5133
3735 3868
1060 2875
4085 6055
4034 4187
4218 3084
3627 1800
4394 4703
4744 6041
2501 415
3379 3474
1930 1830
330 221
3167 3220
5489 6523
2815 5051
4092 4299
3934 5044
5345 4809
274 94
3368 4698
1545 5357
3430 3459
2534 280
3143 4554
2583 562
546 375
5699 6237
5235 6342
573 573
4645 5053
797 3901
1330 1219
2938 1101
4266 5824
4570 3695
3033 1215
4906 6456
4222 6323
5388 6063
3559 1783
4893 4574
469 305
4904 6352
2039 1884
2859 2833
5610 6181
2686 673
2626 2514
3050 1254
2619 2438
802 372
2667 2609
4009 4192
2841 2824
749 622
3280 1490
4796 6291
1241 1043
3115 1334
4510 3605
3923 4960
2963 4394
1281 6111
793 601
3748 2194
967 5092
3076 3094
570 409
2488 3948
2875 967
1780 3413
3146 1352
1690 3391
5241 5387
2766 2789
3862 2360
1269 1145
4877 5826
4449 4740
205 5
3248 1463
1365 4439
5581 6502
2431 335
1225 1130
5183 6102
2032 1769
1815 3501
5524 5958
5448 6161
599 597
4435 5970
5250 5412
3742 2063
2377 2319
5251 5413
868 4991
1711 4708
4256 3150
3373 1571
4426 1668
4304 4598
2828 4243
5310 6249
2974 4407
3938 2545
383 2166
1034 942
3875 3949
4851 5800
789 596
3083 5792
4640 4046
4909 4599
580 332
2255 2190
1180 915
352 178
5057 3613
4713 5649
2959 4271
1764 1631
5459 6446
5575 6497
3439 1674
1223 1080
511 481
5529 5524
3989 2649
1351 1220
3861 3995
5253 6362
5042 3578
3741 3881
270 193
2634 2519
2416 2261
832 2632
5343 4806
665 516
5665 6314
1008 822
977 2837
1102 5156
5723 6459
2948 1117
3965 4089
1966 1844
5573 6419
2783 4975
4715 5108
2327 159
1649 1479
5572 6299
3801 2093
4789 5213
3218 6182
4679 4074
1170 4364
3617 3608
3257 3306
1593 1433
3359 4701
4201 6317
4571 1840
3333 3343
685 2501
2888 1014
1469 3166
1518 3194
2199 3837
5165 5743
5465 5856
3070 5304
4804 4383
4549 1831
4131 2893
2537 2349
2810 2785
4003 2645
3288 5430
4367 6472
3428 1677
53 89
3463 1700
4052 2787
1739 1648
2570 2554
1793 1559
1431 1208
3658 4929
2705 2576
971 2560
1654 1485
2835 5694
1398 3027
598 453
4119 2841
5243 5861
1339 1242
5452 6439
1572 4585
1970 1745
2368 214
4785 4340
2332 2144
3059 1260
2742 839
3560 1782
5619 6363
550 470
5662 6306
2818 2825
3264 5432
4862 3101
704 515
4980 5953
1661 3330
4781 2815
4767 4303
4822 5283
1817 1650
4147 5728
824 816
4409 5479
3731 1902
4756 6274
1412 4473
620 580
4072 4282
4864 4518
1095 5125
5076 3647
3219 1424
3140 5332
4772 2814
4878 4529
1819 3495
1538 4553
976 5070
3769 2224
419 428
405 310
5115 3921
828 2601
351 179
146 142
4474 3552
4712 5150
3351 4678
5144 5690
5199 5285
5338 6415
3705 3827
3664 4947
3395 4744
5187 5234
3364 4697
1712 1546
4739 5153
4379 5920
3185 5362
1644 1493
4316 3267
2421 2275
284 322
2809 900
4294 3225
2972 2929
4616 2262
4322 3276
3189 1396
4602 5002
5098 3916
278 190
1645 3309
1678 1510
1007 4099
4128 2865
3157 1382
3466 1715
5223 5329
4413 4694
2262 42
4801 5711
2613 508
2729 2584
3737 2164
439 216
816 668
2951 2902
5280 5903
2523 2220
1025 4084
2425 2264
4375 5910
1818 1651
5129 5678
4037 4246
2510 538
3603 1789
2725 4970
2220 127
403 367
4157 6096
3015 1111
4360 6368
4432 3476
3881 5018
2749 786
3002 6310
2003 1766
5597 6331
328 155
3194 1400
5099 4989
3095 1302
218 314
5698 6236
2984 1160
3609 1804
2550 2072
3561 1780
5602 6168
1733 3335
3883 4062
648 487
4391 4675
60 110
5508 6381
1458 4528
1657 1496
895 741
2925 1090
5387 6062
809 704
643 540
1309 1204
4837 4475
5433 6505
4028 2755
4102 2820
4274 6163
4816 4417
4775 5194
5789 6536
5227 6434
4742 5727
2592 2400
2760 2621
322 264
951 4218
4492 3581
2722 625
371 115
1579 1415
1746 1660
5418 6106
2752 2726
5380 5700
5553 6057
5188 5249
3909 2445
5268 6524
3235 1448
2461 2472
477 307
1268 1144
5466 5386
3786 2145
600 2531
654 503
3199 3242
455 183
860 699
695 680
5703 6425
4895 4579
4500 1770
3094 1315
3168 3221
2376 2318
465 432
911 4169
5097 4849
2490 2344
271 309
1839 3518
3990 584
4802 4371
872 4982
2848 5701
2680 660
5682 6564
2549 2290
1675 5435
2568 2451
788 595
2645 2517
2898 2813
4945 4644
1926 3646
2309 2114
5442 6436
4308 1421
2732 824
3986 2524
5333 5531
4160 5211
5070 5557
5435 6321
3942 4071
2958 1118
3845 2131
3145 4548
2506 333
1277 5203
4681 4156
1100 4133
2539 403
1029 5684
4456 3529
4077 2759
4301 4594
4242 3111
3914 4072
4176 1114
5689 6375
2231 3860
4302 4595
4246 1311
4641 4045
2578 2435
4178 1124
4259 3164
3517 1750
1202 864
4698 5660
3155 1377
4095 4331
4074 5637
5189 5251
3332 3342
4727 4221
889 813
4410 1607
1243 5198
3863 2361
5632 5906
3650 4936
4758 4294
3980 4174
4054 5651
5567 6072
2468 2316
3963 4160
5568 6073
4050 2734
5296 5480
3877 2358
3302 3352
4926 6198
3285 1497
4143 4387
3827 3967
2738 820
877 4981
3212 1416
2955 1104
3286 1498
258 242
912 857
4354 4654
3870 4013
1316 3013
801 639
4295 5382
4815 886
5605 6583
3962 2550
4490 3566
2642 2494
5282 5454
5483 6461
1195 5176
4770 4302
670 561
769 652
2471 229
4687 5123
4887 4570
673 522
1489 3137
2986 3003
5615 6188
2205 18
3888 4021
982 2831
3985 5654
909 800
2115 3766
1357 4436
38 76
214 87
2801 2816
396 397
4148 2918
3016 4434
3513 1741
4099 4330
5154 5101
3795 2245
4060 4292
1756 1537
1829 3507
1730 5455
3237 3288
1806 1575
4670 5079
1021 954
5673 6555
3860 3986
4823 2975
1204 1081
1812 1581
2714 763
3377 1584
718 2571
4447 1699
2191 1833
3930 4140
2979 1129
2803 2827
888 793
3921 2418
3899 2441
2222 243
1308 1205
675 637
4611 3958
2857 965
4880 6156
3449 1686
5389 5715
2802 905
4192 1151
2820 962
407 282
2915 2934
3028 4493
5173 6275
5340 5559
4997 5950
3275 1489
810 651
2517 2410
4303 5851
3004 5248
4187 2995
4382 5926
3251 3296
4283 1355
5181 5767
4671 5050
4752 6042
3758 241
3044 1239
871 177
1081 4175
4311 3253
2967 2989
286 248
5286 5462
4312 3254
2687 674
2612 507
4399 3451
4489 1776
436 196
4205 6124
3392 3487
4663 5008
4416 3428
2644 693
5406 5192
5511 5933
4084 4311
5026 4762
1674 5436
2826 5708
4535 1811
2388 336
3401 4737
4146 2941
2098 1774
5468 6560
4558 3638
891 795
1729 5461
4529 3617
423 381
4884 6338
2001 3682
4404 5467
1352 5257
4766 6039
4045 2623
3318 1517
898 791
3331 1533
4977 1654
1656 1481
3326 1525
1101 5157
2837 2810
3828 3966
4732 4208
5302 4760
2978 1123
845 798
219 313
3787 3911
2882 5138
1075 4136
3163 1342
3855 2268
1611 3280
2475 440
4929 3301
3246 1458
2272 2184
4872 5801
5505 6382
5680 6464
1715 3368
1799 3479
2929 2912
4993 5959
2842 5688
3202 5371
1772 1619
5708 6430
4951 5904
3837 4025
5234 5351
1804 1684
99 150
3144 1363
4415 3427
1524 1368
387 129
5667 6506
2753 2725
2486 2412
1363 4395
3815 2111
5538 5554
3951 5078
1364 4396
1980 3561
3245 1455
1653 1487
1382 1258
2852 5083
4098 2826
355 2149
4277 4566
4783 5733
5267 6202
2956 1138
3981 4124
2031 1875
615 566
3833 4009
5427 5267
4762 4297
4825 2984
5495 6530
1821 1725
1333 4435
3022 1212
2772 6035
1457 3066
2393 2291
4179 5770
4849 4506
2605 504
2097 1786
3604 1808
2786 2741
3866 2351
2384 2089
3128 1347
4765 5634
2648 713
5407 5752
5184 5764
4902 4586
2450 263
3180 1389
2797 794
1470 5319
3164 1380
456 308
4833 4457
4140 2914
1027 5687
337 446
4071 4283
3912 4079
3703 4939
2873 4159
4018 4212
1971 1746
21 31
2532 2276
5589 6509
3388 4732
444 357
3394 3506
975 5071
3729 1888
571 362
2897 1021
2953 1088
2406 301
5749 6514
5264 6199
1306 1006
1389 1287
3694 3831
4892 4573
2618 251
393 149
2674 730
965 2614
2213 10
3327 3373
990 4244
282 99
3500 1731
4215 3047
592 465
4547 3645
4917 4618
853 694
4860 5341
4082 2770
1805 1673
1979 4853
972 2559
424 2308
303 255
5319 5513
1314 2901
156 2076
4236 1286
995 830
4753 6045
3259 6200
2339 2154
2417 2147
2558 4106
4020 2663
1061 2876
3825 4000
4403 1600
3356 5457
2372 2112
3122 1333
2701 729
255 246
2081 3702
3812 4963
848 4202
2395 208
4814 6295
1078 4151
2708 5029
4674 4102
3391 3488
1167 4247
5447 5823
2 35
2564 444
3227 6185
279 256
4542 3661
2058 3712
2059 3713
4118 950
993 5074
4689 4147
3134 1359
5269 6473
4065 5096
2580 2377
1036 929
3203 3240
4292 3231
3099 1308
3807 4031
4059 4276
717 2570
4315 1430
3977 5662
3337 3355
2991 2930
5344 5548
879 3909
5478 5872
3 59
4139 2904
989 4070
5554 6287
4232 6140
3106 1320
5198 4427
4626 4023
5166 5164
3924 5035
622 532
5205 4453
3848 5036
3818 4032
4064 6037
2533 279
207 19
5245 4601
4903 4591
2541 3875
3009 4374
3064 1269
1002 4067
3354 4693
796 588
3591 1779
2881 5712
492 559
2434 2322
3013 1216
4377 3353
2587 2430
4091 4332
1686 3367
644 541
2581 505
2571 2440
2567 582
5620 6471
1680 4651
3193 5365
4038 4245
4182 2982
2812 5135
2546 2407
2620 485
2665 689
1720 5915
1348 1248
478 319
3911 5052
4899 4587
2672 632
3217 1419
4818 6118
3058 1251
4371 1512
3508 1739
1296 1200
3933 5024
4881 3158
2463 2294
1771 1632
4890 5372
5242 5391
1393 1284
3829 2369
5624 5895
5113 5645
4321 3281
2551 2546
3383 3463
165 61
1213 1095
532 506
3622 5620
3316 4670
1148 2768
4922 5879
2998 5209
4824 2985
1858 1672
941 4170
1667 1482
2829 890
1484 5324
3019 1226
3311 4668
3890 2350
1801 1563
1474 5315
5674 6445
4353 4653
4031 4248
3939 547
5045 1773
5485 5888
5083 1826
147 182
4251 3152
4022 739
906 2334
266 291
970 5103
4097 4312
1327 5775
4298 3239
2094 3805
2712 2634
4728 5686
4100 901
1735 3454
5071 5558
2896 1022
1652 3315
1181 4360
4408 4714
3397 4742
433 404
521 2354
2606 2427
1663 3329
5629 6478
2917 971
1788 4731
4129 4352
4145 2898
5594 6151
4723 4203
5684 6526
1440 1318
2817 5697
3348 5463
2485 2411
3201 1407
4989 5948
2240 191
2744 5639
574 396
1558 1402
1778 3417
4313 1426
3979 2491
5176 5748
2769 861
296 382
3182 1398
4912 4608
5024 3543
264 2098
5719 6447
1607 5409
5622 6469
4913 4609
2754 764
4051 2735
593 591
4939 5892
5469 5865
1353 1247
548 368
1139 1026
740 679
5169 5731
3983 4104
2375 2286
2077 3700
4714 2540
4271 5354
2746 762
10 170
1135 5730
2813 5693
3475 1716
4832 4456
4608 3914
792 2297
2970 2932
3049 1206
4488 4769
5192 6107
3632 1803
3864 3971
2747 819
357 134
4055 5650
559 452
2798 917
2698 2657
2211 6
1698 5446
2976 2921
2402 2271
899 4085
4289 3218
3549 1961
3485 1717
3838 2299
1822 3492
2923 4254
4027 2587
4149 2923
5668 6577
4907 4597
5727 6391
4175 2966
1635 1471
1274 4306
2830 974
1694 1516
3355 5470
5586 5782
4932 6367
3868 2458
463 365
4621 5007
4755 4222
4559 4943
669 499
4240 3103
4561 1838
2512 400
3764 2176
2279 287
5246 5407
4647 2487
115 81
3960 593
738 719
5355 5572
5160 6058
2610 2534
1540 3202
4737 5154
2933 5745
102 206
68 69
4429 1669
496 288
4960 6372
5321 4772
2767 5004
402 267
443 320
980 4094
5592 6327
4041 4237
4513 3592
4485 3560
4080 2771
3298 4648
3169 1386
1336 5277
4081 4273
5151 5709
2761 4977
3894 2465
4834 6309
3806 4030
4047 2778
1383 1264
4634 4001
798 691
4138 2903
4627 3951
4124 2855
3856 226
4053 5657
4790 5229
2600 2446
483 2298
5584 6095
4351 5428
3839 2300
3256 3320
2562 2303
2530 2419
2939 1092
4063 6036
3250 1472
5728 6392
275 185
3279 4650
2401 92
2728 2599
2093 1792
4141 6077
4454 3513
5451 6332
1618 5414
2433 2321
3651 4935
3321 5914
2768 2729
4290 3232
4830 4442
1463 3113
1798 1597
3441 1678
4879 5348
5230 5342
3003 1136
2755 4980
750 621
1488 4520
4328 6357
1916 1707
4813 4418
3037 3070
2554 480
2649 546
4269 3175
3079 1283
3788 3912
3826 3882
148 66
3869 2455
633 681
3537 1762
2273 2185
1087 5120
4694 5132
4058 2757
4306 6180
4352 4641
4284 6167
5587 6135
5528 5523
4921 5878
4751 4219
780 688
1566 5375
2666 707
5416 5218
4383 3364
353 2213
2125 3783
955 916
388 130
552 495
4356 5429
5625 6203
2114 3770
869 802
3021 5774
1119 1012
3252 1473
3954 2556
1454 4483
4381 5927
5114 5055
914 2753
5233 6442
3179 1390
4503 5521
2724 2595
193 98
4347 5431
2208 23
4250 3151
480 304
452 284
2595 456
2883 5137
3836 3962
4504 5522
4949 4645
3738 2162
4527 4794
4297 3238
3035 1235
4154 5230
2868 2628
2840 5081
2548 2425
5688 6217
1240 1146
1574 3228
4339 1476
5274 3369
4430 3471
1245 5226
2790 5661
1256 1122
1564 4567
2511 2307
4935 5427
5182 4336
4961 5918
2448 5031
4186 2994
2901 5146
1089 5113
2673 633
3733 3893
307 65
2935 5172
3123 1353
2157 2023
5162 5735
634 682
2853 989
2743 5638
4335 1467
2616 474
3060 4511
686 555
4717 4153
602 512
1221 1103
1402 1295
992 955
2465 4012
4711 5151
2717 700
1414 1288
3111 3161
1415 1289
4233 6142
1044 994
4684 2565
736 703
2362 2167
227 257
3344 1544
135 197
4962 3397
3268 1488
3272 4647
3100 1329
5207 4441
5713 6440
2877 5131
1748 1639
