1142 1155
1091 1090
2558 2767
4210 4796
2911 3213
1667 1704
3369 3756
775 2947
2319 4277
5094 5902
2542 4448
3110 3462
3416 3832
1277 1316
5058 5869
3456 3879
5122 5935
3764 4254
4792 6030
4920 6147
687 624
3790 4281
1315 3353
450 369
518 443
693 631
4880 5659
5750 6802
3987 5458
4778 5544
5488 6596
1598 1642
806 765
1064 1065
4482 5826
1369 1383
1257 1268
2029 3984
356 280
2771 3045
1816 1868
5207 6065
5639 6697
4849 5624
1635 1682
983 971
4173 4743
1156 1174
1372 1391
5017 5815
638 2844
4551 5245
3994 5464
4182 4761
2921 1219
1053 1051
5241 6117
5510 6615
4103 4664
4917 6129
2347 4297
1425 1471
3113 3454
4017 4563
1571 3580
1229 1249
5371 6505
2852 4691
5502 6445
879 852
2635 586
4284 5686
443 362
665 599
1623 1668
2450 2632
4013 5477
5269 6166
2890 1115
5771 6820
2014 2079
393 312
1990 2080
3867 4374
105 54
2458 2651
5145 5966
1661 1732
4083 4641
1925 1993
4109 5560
4747 6320
1718 1809
978 3109
4660 5389
4117 5564
631 572
3823 4310
1161 1169
5200 6055
4125 4689
2941 3241
1574 1650
3392 3804
3534 5156
4226 4807
3322 3730
5398 6531
753 703
4560 5239
4762 5515
1914 2039
2880 3182
4875 6109
5588 6657
5346 5886
4842 6079
5307 6213
4094 4650
2800 3077
2548 2747
2116 4067
4887 5665
2341 4290
3604 4072
1899 1965
303 236
3669 4131
3194 3564
1729 3739
4128 4690
2824 3106
1624 1662
4287 4892
394 2646
1306 1336
2892 3198
2803 4643
4319 4923
4085 5543
3087 3443
4262 5657
4748 6007
1670 1726
1089 1113
97 43
3656 4107
1674 3696
860 827
342 2600
3942 4475
4076 4625
2523 2718
2524 4438
4009 5475
1400 1430
2629 2846
5278 5755
1800 1839
333 2602
407 2652
5504 6610
4828 5599
3674 4115
3121 3493
5235 6114
323 2572
5009 5795
966 3101
4796 5568
2837 3124
4995 5081
5758 6781
230 134
2796 3061
5586 6541
2567 2778
4295 4903
4819 6054
1083 3178
2908 3215
2912 4734
2609 2823
4217 4802
2844 3138
2661 4531
4829 6063
2455 4371
4380 5020
5041 5838
302 229
3962 4495
632 570
3177 3546
4572 5263
295 230
4576 5268
297 234
3312 3672
2825 3107
868 839
1222 1242
4462 5830
3659 5196
4602 5298
4675 5957
3680 4167
1830 3813
5112 5923
1444 1453
3287 3689
829 790
1596 3605
373 2626
823 786
4406 5037
2367 4306
4840 5618
4492 5153
4032 4583
3689 4165
4573 4192
3938 4473
5029 6239
5598 6562
1021 1016
3060 4813
4705 5449
4642 5370
785 740
2754 3013
3956 4485
4300 4922
259 179
3106 3449
184 97
5404 6323
3515 5113
480 396
446 359
5506 6449
197 2497
4967 5760
5790 6783
1174 1183
5756 6777
1687 1766
2593 2803
1626 1666
2652 2881
4073 4620
1834 1920
4509 5849
962 958
1771 1848
4467 5130
763 719
715 656
4689 5431
5485 6157
4077 4629
5008 5085
771 2933
1884 1953
2871 4698
3715 4217
2111 2180
4158 4737
5245 6125
1647 1703
4160 4741
4159 5591
4903 5687
1490 1508
4922 6134
2409 4344
1356 1370
4071 5526
430 2662
2162 2295
5636 6612
605 2830
3762 4247
5714 6769
801 762
5102 5908
820 779
1576 1600
3798 5308
526 2761
5178 6019
5676 6673
2169 2287
2815 3103
2009 2092
3900 4427
941 3087
4267 4876
5773 6799
141 2461
1632 1679
5683 6685
1324 3358
584 515
2932 4738
1435 1450
1321 1353
2277 4251
215 145
2306 2452
1092 1107
4984 5069
641 577
2711 2949
264 2548
162 96
1786 1874
279 2560
2916 3214
2554 2757
2644 2870
2572 4466
563 493
4206 4785
3628 4141
5441 6563
494 415
4737 5485
1445 3479
835 2993
191 2495
2686 4550
3493 3913
1037 1045
5093 5900
3233 3611
4225 4812
5443 6371
1088 1089
5577 6537
3413 5074
1397 1421
3041 4809
987 978
3431 3827
610 554
5191 6037
5538 6489
5691 6701
2872 4699
4404 5047
3873 5361
4765 4613
2631 2855
568 497
5352 6276
1355 1368
5147 5970
2102 2171
1135 1164
795 752
1618 1701
202 126
2059 2202
2251 2385
5230 6380
1721 1770
1466 3470
4330 4934
5274 6161
1065 1066
5580 6538
1695 3713
4928 5720
5065 5877
3506 3928
3098 3455
5124 5937
682 621
736 2911
3092 3424
4163 5589
1504 1511
4485 5126
3842 5333
2408 2573
4075 4628
1546 1607
2260 2402
3183 3550
1703 1816
1183 1204
5652 6710
318 223
5301 6209
2091 2178
3557 4020
548 477
4931 6143
5272 6438
3397 5055
3149 3554
1421 1447
1558 3565
5618 6591
1789 3775
1009 1006
5744 6764
3376 3762
5027 5819
2127 2186
486 2720
3059 3387
1266 1297
4304 4916
4438 5080
1299 1332
3472 3896
1060 3164
2377 4317
1167 1216
3207 3570
3777 4268
3261 3652
3859 5348
298 203
1342 1357
1343 1361
3178 3575
2155 2282
5146 5967
3984 4518
329 2598
2107 2227
2996 3305
4940 6156
815 775
4589 5279
3297 4992
1675 3695
3232 3610
5171 6008
1561 1586
5295 6448
3644 2233
1868 1951
1778 3750
3453 3871
4045 4595
1276 3311
843 3008
4679 5418
708 650
2130 2196
629 563
1449 1467
1000 994
300 227
5137 5407
2349 2490
2456 2650
869 836
3596 5181
4502 5855
5242 6122
4105 4669
4601 5292
5424 6543
5711 6763
187 2487
1296 3321
3420 3834
3370 3757
2320 4278
2729 2970
1725 1821
5680 6678
1353 1376
967 3110
2291 2432
5223 6093
4510 5174
145 67
1723 1828
4883 5656
5128 5941
927 905
5052 5854
5229 6103
375 2635
4408 5046
5306 6472
70 2387
4872 6108
2752 3011
5490 6594
2920 4735
1418 1446
878 846
1951 3979
1749 1788
3280 3650
148 74
3313 4995
1385 3441
3213 4910
1494 1495
4539 5241
2972 3292
1636 1683
4867 5636
1480 1489
5309 6232
993 3132
5433 6361
2519 4431
2950 3251
1935 3919
4042 4593
5780 6806
5262 6422
2679 2913
398 2638
911 3066
4234 4823
4355 4965
2445 4363
3822 4302
4656 5382
5474 6412
174 103
4709 5454
5324 6237
1365 3413
5732 6784
2199 2337
4104 4665
5243 6123
3635 5216
549 476
796 753
1051 1049
4101 4667
1420 1475
872 3040
5500 6447
1154 1162
1394 1412
4634 5349
4901 5694
2150 2269
1580 1608
1390 1417
3934 4461
4323 5704
5451 6385
4195 4766
1101 1134
5657 6713
994 990
3508 3939
4691 5434
846 811
874 840
4963 6176
2795 3074
1828 3777
4851 6097
777 735
2732 2971
998 1000
3819 5321
1897 1970
4314 4915
579 2809
5121 6287
1125 1140
5068 5884
4440 5076
5345 6259
4564 5244
4310 4917
828 2988
3856 4359
853 818
4843 6080
2674 2909
2685 2918
591 522
4680 5417
219 147
3364 5021
1878 1944
2799 3079
4259 4846
3597 5180
1294 1300
5494 6607
3382 3784
2370 2512
727 677
1999 2075
3381 5042
1902 1978
2405 2557
5072 6264
2881 4713
572 500
2935 4756
5578 6536
5208 6070
1273 1311
4196 5617
3672 5233
61 2367
1279 1287
2594 2810
2741 2989
4035 4587
91 2400
1965 4008
5603 6571
380 289
4347 4982
5527 6483
3307 3663
2066 4011
718 2896
3050 3382
1511 1505
2398 4330
3642 4128
1600 1639
4801 5574
4263 4861
3175 4902
939 928
236 166
2861 3142
2600 2813
1960 4022
1991 2053
1392 1411
890 867
372 2623
101 2409
2639 594
529 448
4513 5177
512 437
5592 6554
1087 3185
2791 4636
1151 1173
1410 1455
3963 4496
2084 2153
788 742
357 272
5213 6369
774 731
5702 6716
1189 1207
5579 6652
1041 3153
201 120
2899 4715
124 2421
3915 4433
4918 5708
2164 2298
2483 2664
3157 4866
1742 3700
144 79
757 2930
1995 2137
1807 1830
4641 4370
1497 1561
4369 4967
4992 6190
2069 2158
5549 6502
3732 2332
233 154
1827 1875
3574 4030
4242 4829
1601 1635
5479 6415
710 654
4853 5638
2093 2140
886 857
1758 1763
319 224
367 2609
3129 3501
4260 4855
481 397
254 159
5737 6752
3000 3312
3615 4113
5428 6548
152 84
5659 6643
1107 1127
848 3006
3109 3461
75 29
5457 6390
427 341
2931 5590
1165 1208
925 3078
1962 2028
4288 5676
1803 3770
776 2943
1256 1267
936 927
2708 4568
1708 1750
751 699
2827 986
2318 2469
3403 3814
2470 2657
1505 1548
5106 5914
1706 1785
5421 6347
2274 2408
3241 4952
3051 3399
3612 4068
585 516
1822 1907
5779 6805
2678 2910
5663 6719
1772 3744
1162 1179
1940 2007
2521 2713
1978 2036
709 651
1948 2014
1582 1621
5054 6245
3062 3402
115 2441
1579 1625
5326 6240
4826 5601
2580 2794
1237 1251
513 427
3408 1911
876 3041
5168 5999
453 2690
1038 1042
505 2740
3176 4882
2031 2162
536 456
1072 3170
5596 6661
1577 1602
3127 3486
831 797
287 215
5090 5240
2113 2254
4820 6059
4359 5747
1457 3498
542 467
4540 4158
4807 5573
768 723
690 628
720 659
4456 5099
120 51
863 832
2309 2460
5696 6707
51 2371
600 538
1211 1229
578 502
3846 4337
1028 1032
3215 3591
1519 1541
5641 6617
1079 1101
5066 5875
3837 5338
4581 5265
2256 2368
1311 1344
1637 1684
4755 5508
1665 1710
1474 1547
1769 1870
1857 1926
1027 3156
2537 2733
159 91
469 384
451 352
960 965
2188 2327
1010 1007
861 3025
5108 5916
1673 1724
1052 1050
496 417
4537 5872
3054 3401
4276 4885
4671 5408
5778 6804
341 2599
758 714
5650 6633
1159 1178
5141 5960
3262 3653
5025 5823
3173 3537
2697 710
2048 3996
5695 6705
3338 3704
2380 2525
3037 3375
1697 1812
3068 3409
656 587
1599 1638
2288 2414
765 2936
4764 6014
4429 5063
4070 5528
5379 6514
2017 4005
317 2570
1207 1231
3224 3621
877 3044
3599 4050
1157 1168
5642 6619
4066 5530
3079 3412
1464 1478
3727 4219
2067 4010
5182 6026
2330 2470
1013 1002
301 228
2630 2851
4779 6024
2293 2436
4695 5440
5746 6798
59 2379
263 2546
2774 3042
5156 5983
1851 1928
274 193
3745 5274
179 92
1295 1301
989 995
3185 3590
4308 4909
2882 3189
225 2521
3474 3890
2780 3049
3494 2031
1217 3257
5623 6683
5665 6653
4904 5698
1036 1043
3755 5278
2667 4540
2259 2399
2176 2278
4376 5731
4296 5680
802 761
161 94
1856 3863
2998 3325
5143 5962
792 746
4293 5681
3291 1723
1852 3864
1171 3233
4591 5277
3923 4440
1050 1046
2763 4612
5135 6301
5627 6604
1208 3271
509 2743
5671 6664
126 2435
1753 1801
2601 2814
5176 6017
2141 2258
3789 4274
4926 5722
5557 6299
457 2701
3231 3615
5555 6510
4713 5980
5475 6413
3424 3829
5154 5979
2966 3274
4945 5727
5040 5842
2197 2339
1656 3635
1594 1680
5287 5792
490 409
4232 4830
211 137
5177 6018
2902 4726
2828 4672
5431 6354
2060 2112
73 2386
5237 6398
855 813
2949 3278
1434 1449
2703 2937
5452 6386
5464 6397
4243 4834
726 667
3341 3764
646 2849
2905 3216
4142 4716
3205 3593
2496 4417
424 2674
2710 2948
3703 4208
625 2842
4090 4645
875 841
4522 5212
3575 4031
4817 5586
1015 1012
3476 5097
3278 4989
4166 4749
4383 5003
3240 3642
2895 3195
3919 4439
857 3020
2168 2299
3057 3397
5628 6605
3951 5425
4356 5729
3673 4138
195 123
545 2776
5206 6064
4571 4186
2801 4642
1770 1841
3489 3914
2026 3988
3457 3875
4850 5628
4231 4820
2868 3166
2233 2351
4363 4972
3621 4145
5687 6696
3373 3742
3100 3442
862 829
4476 5120
4398 5015
3383 3785
1607 1693
477 392
3409 1910
4595 5283
102 2433
5408 6327
5170 6002
484 403
5410 6330
980 985
3055 3404
3247 3623
4420 5056
4365 5740
1150 1161
4246 4827
4544 5888
2946 3269
157 2472
3785 5303
3758 4248
1130 1129
3862 4368
4082 4634
4622 5329
4721 5987
2706 2940
1185 1226
5298 6466
1398 1448
243 164
3996 4533
3787 4282
5728 6740
4437 5784
4729 5476
3423 3858
2603 4493
436 351
4786 5555
5543 6634
5661 6645
5255 6142
5509 6458
1533 3572
2870 3158
530 445
475 382
4059 4608
212 141
5436 6357
2676 2908
3711 4161
1591 3606
5530 6624
900 882
4191 5615
1073 3171
3662 5229
2229 2345
1058 3161
1552 1584
695 634
1766 1795
2896 3191
4204 4783
4472 5116
1113 1123
3034 3372
4283 4883
4538 5871
949 936
1247 1283
1513 1533
1098 1122
459 2695
574 501
4370 4968
2839 3127
4372 5002
4434 5091
5675 6669
2295 4263
1764 1838
4650 5944
5587 6544
4566 5251
4681 5421
1820 1881
5042 5836
1666 1711
3303 3660
2180 4188
692 629
4453 5098
5244 6126
4219 5627
4723 5466
3243 3614
1246 1258
2642 2869
3111 3458
5660 6644
1108 1128
1836 1891
4638 5351
1160 1172
2969 3283
2152 2271
2659 2889
5386 6522
2149 2266
1250 1266
3936 4468
1933 1994
4050 4604
5768 6794
2027 3987
4248 4837
3318 4974
4697 5443
501 412
2301 2448
699 638
3831 4313
3976 4508
4306 4925
729 675
4257 4848
565 495
3163 3569
871 845
5626 6602
3254 3634
4648 5363
2776 3048
4862 5631
4291 5689
2365 2518
479 385
2296 4264
1163 1180
5647 6629
2622 2840
3625 4146
2482 4401
1668 1758
2713 2950
2894 3190
5602 6569
1865 3837
3605 5209
4592 5276
1924 3918
3292 3656
790 747
3209 3576
2237 2358
1499 3526
627 565
2046 2167
4884 5668
3517 3953
1391 1402
5546 6637
3275 3649
739 688
4088 5545
598 2822
5799 6833
4414 3841
3281 3714
4400 5025
331 262
3360 1853
1832 1916
4952 6170
1523 1545
4305 4911
506 432
3894 4424
5327 6248
2089 2213
4498 5162
2930 3236
4756 5512
2142 2237
3550 4059
306 226
3488 3968
3632 4098
4457 5100
401 323
3522 3976
1116 1125
4118 4676
1044 3150
1177 1199
5723 6734
2539 2738
3970 4503
4381 5028
5713 6766
1506 1523
1361 1377
1481 1526
4619 5930
1330 3357
4313 4914
4373 5749
3263 3638
4938 6153
1783 1825
2122 2223
2257 2369
74 20
1573 3607
3122 3476
4844 5620
2859 3147
2613 2826
4526 5863
2463 2653
3429 3849
2957 3252
441 2683
482 2723
3091 4838
5252 6148
3394 3812
2133 2221
3883 5377
4483 5150
5055 5860
2414 2582
5752 6803
200 118
1379 1389
34 0
2719 2956
2638 4515
5399 6317
351 274
5335 6484
2272 4261
3816 5324
3088 3440
4906 6127
3926 4445
4999 5787
387 305
1968 4003
4559 5260
4742 5494
455 367
4555 2274
198 132
261 2538
717 2895
4470 5133
4897 5674
3385 3754
3530 3960
3570 4000
5739 6788
1537 1604
5477 6419
3188 3586
4382 5029
5614 6587
2971 4760
3999 4538
3435 3845
5414 6336
3931 4457
4143 4714
5180 6023
2406 2571
4873 5648
2384 2540
4028 4581
521 442
2884 3181
1493 3485
3084 3423
103 2422
269 2550
1867 1937
1378 3400
2325 2473
1214 3248
4004 4543
352 275
1747 1835
2756 3018
1338 1358
2829 3116
1105 3194
3445 3854
5368 6288
5670 6662
497 2734
4731 5482
3056 3405
1799 3776
832 2991
3081 3437
5755 6775
4939 6160
5498 6444
1136 3199
5082 5236
985 973
121 58
1589 1624
3609 4073
3556 2141
1248 3298
680 619
3367 3794
4512 5183
3971 4506
1994 3965
541 469
5666 6725
3863 4369
1762 1846
3954 4484
3186 3582
2024 2109
2040 2163
4565 5256
5559 6641
935 920
5700 6747
265 182
2424 2597
3611 4089
510 2744
3501 3917
1205 1227
5377 6512
5795 6830
743 692
2499 2682
462 375
5002 5798
3304 3659
2662 2892
4342 4977
4659 5381
5126 5939
2814 3090
4788 6025
2751 3004
4716 5985
3619 4087
3546 5159
366 2627
4239 4832
5611 6581
1197 1211
4002 4539
2530 2732
1219 1234
3668 4129
2153 2267
608 2831
1715 1786
1685 1735
1630 1670
3809 5314
1312 3362
4582 5264
5383 6306
3078 3428
950 937
4496 5172
2914 3217
3896 5379
1890 1966
4051 4603
1777 1798
5542 6497
822 788
2047 3986
4172 4747
5239 6403
797 2958
527 453
3794 4286
1981 3950
4005 5471
922 907
321 2590
3731 4214
1929 2018
1066 3175
1544 3573
2581 4476
3014 3329
472 391
1947 2020
975 982
4954 6167
3683 4172
1297 1308
4970 5761
5701 6751
2239 2349
1334 1360
4390 5045
2586 2800
4451 5088
759 716
4525 5191
1456 3497
4874 5647
5787 6814
1743 1772
3063 4815
1090 1097
1112 1119
1956 2019
2646 4519
547 475
4598 5287
2264 2388
5073 5215
3532 4051
4596 5284
5276 6162
1569 1591
780 2946
3602 5214
2773 3043
1078 1100
2561 2772
3388 3801
1957 2032
1448 1477
2948 3244
5382 6519
2425 2606
3750 5272
1301 1318
371 2624
1131 1130
2699 2932
4251 4836
363 270
4055 4610
2981 3279
5220 6090
2269 4245
3558 4016
3264 3681
1031 1029
4198 4772
3788 4283
84 35
5226 6101
149 71
5581 6654
3993 4536
3046 3385
1202 1239
1432 1452
2037 4017
3817 5319
3961 5430
3980 4514
3535 3973
5435 6555
5624 6598
3124 3473
5209 6068
4139 5570
386 2640
1175 1185
5667 6656
5264 6154
3649 4103
3223 4921
712 644
3663 4134
3499 3946
4612 5312
4841 6076
4677 5415
1912 1974
1288 3345
328 250
3444 3869
2897 3192
4700 5446
5022 5824
2919 3228
5190 6039
4712 5457
735 683
2531 5401
4092 4655
732 680
1892 1987
2608 528
813 774
3562 4086
957 948
3008 3348
3473 3886
3552 3998
4360 5739
2335 4293
3844 4340
573 503
3746 4229
4433 5776
248 160
2242 4231
277 2541
4635 5353
3398 3793
2254 2392
582 513
4979 5777
1192 1203
3880 5364
3167 4888
5777 6824
3959 4488
3069 3431
1987 3962
546 474
3439 3840
2943 4759
294 231
5006 5808
5561 6517
2979 3286
4959 5741
3586 4101
476 2705
533 441
5077 5881
3386 5018
4956 5738
5483 6427
5717 6771
2045 2091
3125 3474
5468 6586
210 115
5400 6318
1129 1142
4608 5304
2855 3144
237 170
336 267
2433 2612
2412 4353
37 10
365 2620
3825 4321
1993 2059
5769 6795
4935 4983
4176 4751
2171 2277
3206 3566
2135 2225
4184 5614
3940 4474
3716 4173
3058 3391
1634 1688
1681 1745
2099 2230
3512 3941
1122 1149
414 329
4461 5106
2517 2714
5018 5820
1381 1388
3150 3518
2556 2760
2307 2458
2161 2313
737 684
2052 2159
4447 5079
5407 6326
69 2395
3133 3533
2392 2545
3470 3964
4863 5632
2591 2804
3141 3494
439 361
5797 6832
4244 5642
3728 5267
2654 2885
1875 1955
2873 1076
2315 2457
4311 5690
2750 2998
1845 1913
3874 5360
2158 2283
1528 3547
5291 6452
3912 5398
914 3069
1529 1538
622 560
223 153
2353 2492
1514 3534
791 748
1699 1739
385 294
397 320
1858 1929
4110 4673
139 60
137 68
2156 2272
4726 5473
4271 4871
4216 4797
1220 1241
1611 1676
5742 6762
3889 4413
5547 6498
2387 4333
3259 3668
887 865
3067 1409
2104 2146
5462 6394
2275 4252
5655 6711
1200 1215
2707 2942
2759 3015
988 3111
3724 4221
1553 1572
466 386
644 578
910 901
4799 4701
3972 4507
1043 1036
3239 3641
2984 3293
3107 1481
2821 3104
952 940
4490 5143
5564 6528
4452 5082
434 2672
3533 4029
2535 4436
5129 6293
4545 4182
3914 4437
4735 5484
750 2923
5107 5300
3147 3509
5254 6145
2185 2279
1405 1428
4924 5717
4274 4884
3769 4260
858 823
1985 2071
2232 2350
4445 5807
2436 2621
2684 2916
2449 2633
3713 4213
3153 3520
588 523
217 4308
2139 2232
764 721
81 2398
5292 6202
4466 5112
5668 6728
704 2888
5192 6042
5473 6584
2227 4226
979 984
2404 2555
1463 3492
4833 5607
207 130
3927 4446
4500 5155
1437 1465
5635 6611
955 947
5576 6535
2314 70
882 858
3800 5309
807 2966
4836 5612
3784 4269
4613 5313
1241 1262
199 133
1976 2027
5445 6374
5323 6247
4316 5697
4025 5490
2924 3229
2614 2829
3010 3340
2177 2320
3571 4001
2106 2172
2263 4242
4665 5391
4523 5201
5574 6651
2820 3102
1359 1374
1454 1524
304 240
270 189
2092 2187
3491 2024
429 349
1860 1938
1701 3720
1067 1069
5270 5733
4133 5569
814 2976
5344 6258
3271 4975
2189 2304
2520 4432
1395 1420
5280 6179
4328 5713
3028 3356
4221 4817
3326 3685
5794 6826
700 641
5210 6367
5189 6036
4628 5334
5321 6230
4710 5455
3400 3824
650 584
193 119
4993 5796
1554 1577
1268 3304
972 977
3681 2250
3446 3855
2329 2480
658 592
4049 5510
4415 5048
2061 2107
5434 6359
2332 2486
539 457
4813 6046
347 2604
3687 4185
3021 3373
2813 4660
3920 4450
2718 2953
4776 5537
312 2578
1568 1633
5332 6243
5536 6493
3210 3578
5740 6753
5150 5974
1450 1473
1592 1636
3200 4896
3193 3592
5378 6513
3019 3336
934 922
1835 1890
2144 2259
4971 5765
1841 1896
370 293
1678 3666
36 7
209 138
1757 1776
5356 6270
818 2980
2457 4376
2611 2828
3693 4147
208 142
1198 1212
1001 996
1187 1206
2095 2226
552 482
4624 5932
3269 3640
3810 5315
1436 1486
666 601
2258 2372
5117 6283
5548 6499
4321 4926
974 966
3020 3364
761 712
3164 4877
3660 4112
3340 3731
2388 2551
2955 3255
3204 3567
1854 3828
1063 3168
47 14
1541 3568
3910 5396
706 649
4151 4729
523 451
4521 5189
1178 1193
4006 5472
3594 4082
3168 4889
4515 5186
2473 4399
4847 6092
5725 6774
4718 5462
1424 1496
4097 4658
42 2362
3377 3753
734 682
2769 3034
173 107
4769 6016
2992 1280
2927 3224
4830 5604
3358 1844
4335 4938
189 101
2849 3135
3242 3617
3450 1995
2841 3128
2545 4449
4137 4705
4620 5320
1784 1806
1538 1593
2401 2559
4837 5616
2234 2352
5011 5805
5131 5942
4877 5651
1709 1819
5770 6796
169 86
766 722
2094 2240
5049 5850
5350 6275
3396 5052
3694 4202
1886 1957
3637 4125
4194 4771
4606 5295
3854 5343
3132 3475
5196 6356
5726 6739
3252 3626
1979 2121
1260 1273
2755 4602
3536 3977
3003 3317
1671 1706
5380 6303
3812 5316
1322 1347
2910 3212
2030 2181
4609 5305
1133 1145
2858 3146
461 372
3049 3393
2466 4384
3486 3938
2132 2220
1431 1492
2666 2900
85 36
1210 3262
87 40
4699 5444
4297 4893
5625 6599
928 911
4541 5218
332 242
3595 4065
812 770
5406 6324
5493 6439
2956 3250
713 645
1238 1255
5601 6663
5347 6262
2184 2280
2366 2522
1751 1852
166 81
2954 3254
5026 5821
2054 2106
5605 6670
3317 3702
56 16
180 102
4899 5678
1953 2017
2775 4622
1649 1697
4845 6085
5738 6787
3706 4187
772 727
3783 4273
3468 3874
3658 4159
5294 6206
4911 5696
1212 1237
3845 4341
3838 4338
1881 1960
435 2673
3120 3502
603 545
4754 5507
467 2706
4791 6029
2507 4421
5218 6086
5633 6450
3544 4055
1492 3508
1560 1573
3070 3432
5313 6218
1934 2055
5096 5258
3879 4385
5688 6692
2889 3186
2050 4102
1983 3982
1939 2030
4789 5554
3332 4987
1047 1038
5089 5889
1482 3484
1548 1575
2651 2878
5568 6530
2300 2456
1374 1390
31 2354
337 268
1693 1796
531 2765
4998 6197
2261 2377
4443 5105
2735 2982
2792 4638
1806 1836
1170 3226
465 381
2959 3289
1640 1729
3513 3942
325 247
5139 5958
3114 3450
3802 4291
1472 3499
599 536
1030 1056
3426 3836
1382 1397
3700 4191
5653 6638
310 2568
1249 1263
3839 4339
5674 6667
3542 5144
5418 6343
4951 6171
5224 6378
4041 4592
4253 5654
969 962
2160 2284
1404 1445
1787 1811
4197 4767
5045 5837
32 6
2656 4528
623 561
4866 5644
4682 5424
918 3072
374 286
3298 4978
5185 6342
1621 1672
330 257
4078 4631
3201 4895
550 480
4907 5691
2486 4415
4329 4948
559 487
3337 3711
167 2488
5566 6526
4637 5347
566 2797
4664 5953
5161 5992
5341 6255
4557 5237
4669 5405
1345 1371
668 602
2053 2126
4990 5782
5021 5816
681 2879
1172 1213
2386 2544
3600 4058
438 2684
390 297
5285 6184
5656 6712
3690 4168
4170 4744
3939 4477
1954 2016
4982 5783
5599 6566
4292 4881
3208 3571
1862 1934
4941 5751
3001 3328
2036 2160
1617 1695
5705 6718
1298 1305
3881 4396
1516 3516
2391 4324
112 46
4012 4555
2970 3285
1782 1847
2033 4038
5130 6294
4458 5115
1302 1313
4469 5148
2494 2680
256 181
4439 5800
4341 4970
2596 2811
68 2396
92 37
1332 3370
1502 3544
2248 2389
1409 1432
3871 5358
4269 4859
3399 5050
2694 2928
1759 3761
2628 2850
3778 4271
4079 4632
5038 5841
417 334
3285 3654
794 749
156 2477
2728 772
2819 3098
3606 4083
2573 2779
3053 4818
5511 6451
4422 5057
364 287
3344 3721
883 859
1955 3930
1103 1105
2565 2777
5621 6680
2606 2819
3726 4198
3336 3719
3590 4094
4022 4574
3806 5317
4250 4835
2431 2614
1363 1414
4878 6106
2460 4379
1062 1071
845 807
2481 339
909 893
2664 2898
2488 4409
5531 6628
4730 5996
1562 1579
500 413
3868 4380
5526 6627
3650 4154
4156 4739
5257 6135
3180 3555
1690 1789
4427 5078
5333 6481
1407 1461
5000 5785
3440 3853
4039 5498
676 608
4846 5622
3509 5137
2619 2834
534 455
947 942
3257 1715
2262 2401
2271 2410
2308 2450
1180 1218
2515 2709
5689 6695
3708 5232
4711 5456
1824 1871
651 585
2479 4403
3986 4521
5320 6233
146 75
3139 3483
2831 3114
2553 2756
358 284
4965 5757
1532 1563
2564 2770
1232 3268
38 2363
2289 2423
2007 3995
1672 1707
540 458
5092 5899
2783 3056
164 2475
515 2751
4499 5160
1152 1166
228 136
2038 2176
1106 1132
284 217
3748 4237
2701 2934
339 256
2011 2076
841 806
3339 3706
3967 4499
55 2370
135 65
4661 5384
3102 3468
3437 3895
1643 1702
4157 4740
1593 1637
2727 2967
82 30
3131 3503
5390 6523
2265 4253
3361 3771
1921 3897
5751 6772
5104 5917
4027 4579
2182 4207
2348 2504
933 3082
3985 5453
305 202
400 2639
4868 6107
290 2563
553 483
5266 6144
3519 4036
3601 4075
1859 1936
3579 5165
5365 6282
2441 2616
338 244
4425 5077
1008 1009
1270 1284
2082 2198
3273 4994
2471 2659
3463 3873
1910 1988
5166 5997
2020 2073
5673 6666
1620 1664
4584 5905
2808 3080
4318 4929
3448 3867
2359 2515
2372 2524
1459 1469
5310 6236
2738 2984
5444 6376
28 1
3678 4180
2474 4400
1829 1925
3428 3833
1259 3318
4277 5667
2270 2394
3174 3581
3756 4236
5198 6051
3104 3451
1813 3759
2850 3136
1526 1546
4632 5345
2008 2169
2351 2501
4138 4706
839 3000
5507 6455
2702 4567
4760 5513
5425 6350
5461 6393
5591 6552
5016 5812
2342 2500
3320 3673
1997 2086
2669 2903
2181 2322
3197 3557
1982 3975
1644 1717
1839 1932
3638 4126
1507 1520
3589 4056
4126 4688
378 295
5396 5986
2840 4680
2964 3281
859 3023
3007 3322
1535 1549
5203 6061
1707 1760
1797 1876
3065 3394
3490 5101
856 820
3712 4212
285 216
3949 4481
3679 4181
2900 3193
4703 5447
1662 1733
1024 1025
1225 3260
99 2430
4929 5716
986 987
747 694
204 131
2878 3169
1549 1597
3836 4329
2492 2678
4578 5259
4396 5022
3284 3662
2658 2887
4590 5907
2395 2553
5338 6492
3510 3958
4338 4944
4871 5645
5043 5834
419 2660
2744 2995
1847 1921
2187 4194
3884 5375
721 660
4808 5578
1182 1205
4614 5922
816 776
2034 2122
2643 2868
54 2353
4605 5915
422 343
5392 6312
4353 4980
895 870
4037 5496
3765 5281
1118 1139
3482 3929
5524 6473
1683 1719
2175 2293
2442 2622
3905 5387
2514 4429
519 444
916 896
72 2412
3797 4284
313 239
3395 3818
3877 4387
2863 3162
60 19
5489 6597
1236 1248
3979 4510
649 583
3192 1623
971 976
1370 1384
5544 6635
1616 1656
4015 4559
5638 6693
2417 4358
3288 3688
1870 1947
4964 5756
1597 3604
1308 3339
251 174
3455 3866
1468 1494
3773 4258
4236 4819
4633 5344
834 798
675 609
2004 4048
1988 3952
2399 2561
4652 5373
4153 4728
5484 6421
5610 6578
2247 4225
3870 5362
707 2891
5078 5221
3652 4119
2114 4120
1019 1019
596 531
5012 5797
1460 1507
368 2613
3651 4155
5513 6620
5760 6782
2071 2116
3184 1564
891 868
1628 1674
5517 6468
1509 1550
851 812
4514 5204
917 897
67 2383
3327 3715
5281 6180
2511 2707
1848 1900
4666 5392
1042 1037
2279 2434
3458 1969
2415 4352
524 2755
5363 6280
2576 2783
5201 6056
2088 2125
4084 5539
3768 5282
1657 1720
1488 3521
3371 3783
5359 6500
5519 6469
749 2924
4763 5516
528 447
5551 6504
2518 2711
4148 4723
4961 5759
537 460
4643 5367
4154 5583
2190 4176
3415 3819
3267 1755
657 590
4797 5567
5798 6829
4805 5575
1327 1365
5698 6708
4972 5762
4694 5975
1328 3378
1796 3792
2246 2356
3528 3966
5087 5895
4449 5086
1300 1314
4975 5770
5391 6524
903 885
965 3105
1351 3386
158 88
1677 1736
2688 2919
1804 1882
2085 2210
3518 5123
4140 4710
1335 1346
4683 5426
3138 3496
2891 1114
493 404
4860 6096
4567 4211
2874 4700
3691 4150
4317 5710
1251 1260
3902 4420
1843 1895
612 2833
2574 2780
5005 5810
662 596
140 2453
1354 1372
3676 4163
4375 5750
558 2792
5389 6310
2282 48
896 872
968 960
3299 3671
2578 2793
5110 5920
2937 3237
2336 2468
2312 4275
3249 3629
4315 4918
3064 3390
4057 4611
5512 6461
1285 1322
825 791
2665 2899
76 32
5061 5861
170 99
5569 6315
1226 3291
5028 6224
3097 3444
945 934
5265 6152
4668 5402
4898 6120
3105 3452
1040 1047
293 214
2331 4292
948 943
4770 5523
5354 6269
2136 2200
3038 3368
4772 5534
5214 6370
4892 5670
3082 3416
426 340
3876 5365
3974 5436
5234 6112
5715 6730
2146 2239
2555 2762
478 393
5735 6750
2988 3301
2999 3309
4603 5913
3892 4410
1904 1984
2145 2260
2838 3123
379 296
4424 5062
664 598
1705 1777
1427 1438
2942 1224
2965 3282
5322 6246
4020 4571
3801 5311
1153 1167
1943 2002
4052 4605
4299 3560
4835 6066
2650 4520
2266 4241
1609 1646
4460 5103
5031 6216
5613 6583
866 834
3103 3469
778 732
636 573
4122 4679
234 161
5522 6626
5729 6742
2410 4345
564 491
5358 6277
4072 5527
1837 3815
4733 5481
3442 3851
1026 1030
3228 3630
275 195
178 2484
3578 4018
4401 5033
2352 2502
3901 4428
2361 2509
2733 2974
5105 5918
5429 6355
4397 5034
3585 4109
3356 5030
1585 1617
1638 1689
4888 4870
2465 4388
5525 6479
803 2965
1595 1628
4707 5452
2245 2375
4894 5677
3629 4142
1368 3418
4096 4659
4698 5976
4556 5254
1517 1535
4934 5721
1141 1154
5757 6778
2723 2962
3466 3878
2587 2798
4611 5310
2832 3122
2281 2413
2126 2208
106 2443
194 2498
504 426
1781 3751
3916 5397
5450 6379
4536 5202
3549 4085
1275 1315
5539 6490
1283 1289
288 220
5669 6729
5772 6821
2070 4095
5302 6208
3422 5075
4936 4960
175 89
1095 1133
5148 5971
3666 4127
5083 5883
639 575
4985 5774
4856 6102
4933 5724
1227 3290
1438 3471
1944 1999
4912 5700
3465 3881
5417 6341
1366 1382
5518 6467
3514 2026
669 605
4227 4808
5515 6464
1724 1826
89 2419
3093 3425
3390 3778
4946 5742
4394 5032
2618 2832
4340 4953
5284 6183
1097 1106
423 2667
4441 5107
1096 1108
3198 3558
2790 4637
694 632
3096 3433
1614 1649
4625 5931
1871 1940
3342 3773
3565 4026
3006 3334
1877 1948
5317 6226
4831 5602
1477 1499
2980 3295
2551 2758
5375 6297
1086 1082
4332 4935
3774 5288
1271 1303
395 2647
1148 1186
3130 3487
1076 1079
257 184
1061 3165
4265 4850
5535 6486
4704 5448
1798 3752
1964 2022
5290 6193
2138 2231
5692 6700
5297 6205
2453 2642
2632 2854
5348 6271
4902 5683
742 686
685 627
2961 3272
2909 3206
1575 1596
1057 1060
4018 4566
3541 4009
3617 5188
2691 4554
5387 6308
3405 3790
2577 2784
2493 2679
847 3003
5216 6077
746 697
4966 6182
1869 1952
590 511
5381 6305
231 135
4354 4984
3598 4052
334 264
5360 6501
109 2415
520 439
452 368
5767 6792
4030 5493
3924 4454
908 892
920 899
4507 5853
630 564
3171 4891
4535 5203
2461 2654
2402 2566
4228 5629
5793 6825
1896 1959
4809 5579
4181 5609
1923 3888
5743 6797
1455 1521
5153 5978
3234 3632
3315 1744
824 780
1887 1961
258 2547
280 198
3199 4898
4230 4810
147 78
3573 5164
1077 1080
4141 5577
1155 1175
5343 6256
1792 1820
5114 5927
4358 4961
1447 1457
1333 1362
4145 4718
2143 2249
645 2848
1006 3131
782 737
116 59
3545 3985
4212 4789
3803 4294
71 2390
2129 2257
1565 1634
5455 6570
5060 5866
3843 4335
1231 3267
4252 4851
185 98
2311 2465
4981 5771
2958 4754
65 24
1900 1981
4209 4795
2427 2584
956 953
2339 2493
444 363
2987 3308
2051 4047
5478 6411
3587 4044
5537 6487
3011 3344
3654 5222
1007 1026
2202 2342
1779 1807
2923 1220
1998 2149
2745 2999
1495 1510
5609 6579
3636 5217
4658 5385
4782 5548
4116 5565
3992 4535
4974 5766
1340 1378
1158 1165
5334 6250
5706 6758
4481 5825
522 436
5662 6649
1629 1675
63 18
4266 4875
5113 6281
3932 4458
3857 4357
3155 3514
382 2637
5774 6800
1102 1135
2851 3148
5303 6210
5658 6714
697 636
4766 5521
1522 1531
647 581
3504 3937
4893 5671
355 271
1790 1823
3820 5322
242 2530
1240 1252
3024 3361
2074 4078
1287 1296
1974 2037
3165 3512
4484 5831
381 2628
4914 5703
4530 5210
5442 6564
5081 6268
495 416
3492 3912
1406 1427
1419 1433
2869 3157
5438 6363
4446 5083
4534 5870
2687 4551
2172 2308
683 616
1084 1085
2419 2581
756 707
679 614
2478 4390
48 13
5232 6105
1583 1618
2480 4398
1016 3134
655 2858
3909 5394
1774 3748
716 657
4518 5187
5482 6417
3145 3540
3667 4143
5707 6721
428 342
1702 3710
5193 6040
1483 1503
3289 5001
4806 5576
2058 2201
4108 5559
1470 1539
4211 4790
1717 1808
1812 3758
1992 2052
3761 4244
4334 4937
562 2795
5420 6540
3272 3669
4927 5719
1722 1771
4450 5087
2940 3240
4134 4703
3459 3876
5222 6089
5449 6377
4532 5199
915 3070
142 66
3308 3664
2705 2939
3190 3553
1963 2025
1121 1131
1416 3435
4423 5788
1788 3774
4119 4678
2148 2245
4548 5242
4377 4993
4008 4548
3179 3556
2977 3287
176 93
1215 1240
1230 1247
62 23
1403 1419
3447 3856
1928 3901
5745 6765
4986 5779
1017 1003
1679 3698
2123 2247
409 2645
4479 3957
532 454
4662 4425
789 743
4207 4781
1193 1209
2294 2442
1872 1939
1289 1307
2522 2717
2252 2378
614 555
899 3059
3035 3367
470 389
733 681
5422 6032
1014 1013
4702 5977
4827 5598
606 2825
2653 2880
2396 4332
1387 1399
4594 5285
4384 5011
3323 3697
3563 4007
951 945
3452 3870
1926 2046
1282 1320
5095 5906
2200 2335
2843 3137
5125 5938
4506 5851
999 993
2010 2077
1625 1673
1029 1052
5034 5833
711 655
4379 5019
5562 6518
5697 6706
2350 2491
3505 3936
3112 3453
618 2839
4600 5291
4812 5580
2077 2216
80 27
5427 6545
4915 6132
1329 1350
1056 1058
4493 5167
1068 1068
4583 5266
5487 6431
4488 5142
57 2382
561 2796
3436 3848
2568 2782
959 957
5024 5818
4336 4945
5508 6460
5127 5940
1094 1104
2649 622
4937 5736
3328 3680
4618 5325
5593 6553
514 438
5312 6217
1610 1647
3631 4096
58 11
5174 6325
5685 6690
2546 2745
2512 2710
5730 6743
2753 3012
241 169
881 851
2883 3188
5716 6770
642 580
3222 3595
3443 3852
4127 4693
5448 6568
808 768
498 419
2834 3120
5337 6485
4322 4924
2647 2875
5120 6286
1235 1253
5115 5926
5308 6231
754 706
4351 5728
1686 1765
4062 4615
2944 3264
5217 6078
5172 6009
95 42
1736 1761
1069 1074
2096 2135
4570 5252
1281 3337
677 612
981 972
4152 4727
449 2692
2340 4289
1850 1922
1731 1810
4773 5535
4563 5226
3861 5356
3432 3830
5480 6414
420 336
1336 3381
4657 5383
3958 4489
2253 2384
5325 6238
4448 3884
5296 5102
5047 6244
4921 6133
2297 2427
5271 6158
1347 1366
3481 3922
4491 5846
2967 4758
1888 1962
3898 4422
5173 6010
5454 6381
3696 4195
3933 4460
1018 3140
1515 3561
912 898
4290 4878
2794 3073
4168 4745
5615 6585
4486 5134
781 2945
4780 5549
1055 1073
3695 5250
2068 2188
4533 5208
633 574
865 837
5361 6278
1100 1141
3946 5419
5197 6053
1545 1614
4913 5701
5718 6773
4610 5307
1310 1324
3433 3847
3531 4027
344 2595
1907 2033
1169 1181
3265 3647
942 3088
3483 3905
4224 4811
5432 6358
3757 5280
4278 5685
2811 3085
3022 3355
5782 6807
686 2884
3655 4108
2459 4381
1317 1351
168 95
4886 6116
3277 4957
239 144
4258 4845
897 883
919 903
4890 5672
1917 3911
4629 5337
3795 4287
3025 3360
2369 2511
4714 5459
1384 1393
1376 1436
5499 6609
1911 1983
5331 6242
2761 3026
2389 4322
5495 6608
2552 2759
5194 6044
5403 6321
4333 4936
1134 1148
3015 4777
4497 5852
1780 1851
4672 5409
2789 3058
5447 6375
2536 4441
3351 3738
837 802
601 542
842 3009
3780 5301
1922 1985
5003 5802
2690 2922
2374 2531
2778 4624
1020 1017
5604 6572
2303 4276
4074 4627
2049 3997
1698 1813
2636 2856
5349 6272
4905 5688
485 402
2090 2177
4725 5469
221 2514
5067 5874
335 265
1417 1479
5064 5879
2846 3139
5681 6681
4024 5489
5183 6027
1726 1780
460 377
4135 4711
854 819
5057 5857
2376 4316
799 758
1984 2041
1936 3902
3966 4500
3181 3552
123 2420
3978 4511
4220 5633
5708 6722
3418 3822
4167 4746
2604 4492
2781 3050
5617 6593
3229 3603
570 2802
5109 5919
3620 4077
2928 4750
958 949
1465 1493
901 881
2922 3222
740 2915
1969 2044
4350 5732
4040 4590
2003 2068
1323 1337
2467 4386
684 2883
3524 3951
1530 1555
589 525
1441 1463
907 3064
3255 4963
1004 1023
4626 5934
229 156
1712 1774
4374 5743
253 158
595 532
5069 5873
5086 5249
3580 2209
3250 3625
308 2583
4816 6048
2786 3057
2018 4004
4968 5763
5646 6704
3244 3622
4454 5090
849 3007
5101 5909
1314 1343
2845 3133
1741 3708
555 2791
5679 6677
2316 4279
1961 2056
5719 6731
5030 6215
1716 1779
307 2579
5305 6471
1194 1210
4268 4864
4561 5231
2078 2215
489 406
271 2554
3686 5219
5439 6558
4086 4646
995 999
4787 5552
361 263
1728 1749
4736 5486
3848 4346
2268 2403
3166 4874
4026 4578
4056 4607
1479 1488
1737 1790
5550 6503
3516 2064
2115 2255
2804 4647
1655 3682
247 167
821 2983
5460 6395
4067 4619
5664 6720
218 148
2866 4692
1581 1620
5554 6508
3195 3562
1730 3737
1458 3481
2716 2954
2468 4397
3460 3920
4988 5790
2075 4079
440 353
1975 2038
4962 5753
2334 2483
2648 2874
1199 1221
3449 3861
3274 3651
5415 6335
4426 5061
1700 1803
454 2691
3502 2051
2500 4406
3553 4032
4185 3307
1557 1585
3561 4006
186 104
2452 2636
4034 4588
1927 1990
3714 4215
2772 4618
4364 4973
688 625
1451 1468
1919 3880
119 50
3072 3410
5694 6703
1512 1562
4477 5121
1916 3877
4273 4868
1826 1923
4403 3769
2904 3200
5085 5248
3159 4887
2198 2338
4060 5517
1218 1236
2963 3277
431 348
45 17
571 2801
5159 5990
3583 4054
1775 1791
4505 5166
1223 1245
961 959
4349 4955
5514 6463
5775 6822
3603 4061
2464 4382
3151 3513
3641 4100
2540 2736
3227 4939
4623 5330
852 817
2043 4064
2986 4762
5046 5168
4115 5561
626 2841
2714 2951
4696 5442
5268 6433
64 21
3350 3724
2830 3113
2390 2539
2056 2124
4631 5339
3226 3600
1898 1972
2044 2090
5402 6319
2898 3197
3498 3910
4416 5049
1344 3398
4685 5964
4687 5968
2777 3047
3016 4779
5300 6220
5263 6151
2025 2099
5158 5470
4442 5801
1034 1041
805 2964
5649 6632
1920 1977
3779 5296
1272 1310
1278 1286
2006 2134
1639 1690
3944 4479
5289 6192
3172 3536
830 803
5731 6746
5142 5961
3973 5437
5710 6724
2193 2316
2439 4362
4080 4633
508 423
2528 2727
5520 6480
2633 4512
990 988
3685 4144
153 80
2381 2526
4719 5463
663 595
1071 1091
90 2393
4371 4969
4953 6168
260 185
1139 1157
769 720
4651 5945
2730 4585
2812 4657
3027 3352
2073 2204
3821 4301
723 2902
543 471
902 890
4777 5542
4724 5467
3709 4196
1137 1170
1393 1406
4910 5695
4790 5556
1469 3472
3352 3726
5035 5845
3354 5014
181 114
5256 6141
5164 5995
5630 6688
3309 3683
1104 3196
4144 4717
3772 5290
2124 2190
4409 5767
2506 2700
2508 2704
2668 4541
1022 1014
4131 3160
5686 6691
2760 3016
425 2677
1823 1912
2298 2449
1906 1973
5204 6366
1293 1331
730 676
4098 4661
1587 1657
3406 3788
667 615
2557 2764
1879 1979
309 2567
2002 3961
1099 1121
4200 5621
4738 5487
4794 4683
291 210
1124 1116
128 2438
2945 3265
1179 1190
2731 4586
94 2397
4869 5641
1754 1802
1689 3712
2748 2997
392 309
4654 5948
1411 1435
4649 5371
2541 2735
767 724
5556 6511
389 313
1032 1028
2527 2726
5010 5089
628 566
3577 4088
3527 3959
4552 5887
1303 3349
3841 5336
418 338
2438 2603
4909 5692
810 771
2354 2496
4120 4684
3899 4423
516 2753
266 190
5764 6789
5328 6249
1471 3505
2173 2288
5050 5844
134 2454
3851 5340
4815 4730
4089 4644
1045 3151
4701 5445
906 895
4781 5547
1750 1782
1959 3934
3258 4949
132 2459
1669 3648
3485 3892
1748 1833
4280 5673
1794 1864
4169 4752
235 165
2041 2164
1126 1138
4784 5553
4793 5562
4795 5566
447 360
3279 3679
544 2775
3775 4257
1905 1982
345 2596
483 2724
3682 4175
2983 3300
2917 3219
4740 5491
4969 5764
4749 6005
1752 3746
1005 1015
654 2857
4362 4971
3075 3407
2112 2253
2191 4174
1388 1395
127 2447
5720 6732
3865 5357
2302 2455
1453 1470
4106 5558
2397 4331
1380 3411
1476 1502
5496 6441
1489 1536
458 2693
5411 6331
1496 1560
5013 5803
5277 6169
2853 3141
4743 5495
5384 6307
4301 4907
4282 4863
4663 5954
2823 4666
3723 4218
4014 5478
2375 2532
2989 3314
4757 5511
4048 4601
3305 5008
3957 4486
1467 1483
327 254
3991 4526
4087 3071
86 28
3997 4534
2818 3097
5258 6136
5199 6052
3196 3563
4783 5550
1074 1070
3161 3507
4908 5693
406 327
560 489
2426 2605
5037 6229
2939 3238
4955 5744
383 2630
4417 5072
3771 4256
2726 2969
177 2485
826 787
4579 5898
2015 3980
4750 6006
604 547
1035 1044
5311 6470
4838 6071
5184 6028
4673 5412
1520 1528
3850 4355
5594 6556
1650 1696
1304 1306
569 496
5316 6223
2757 3019
3083 4842
2584 4478
445 357
4824 5595
3539 5175
2848 4685
4542 5878
316 249
2278 2406
4202 4786
4061 5518
873 3036
1547 1595
5212 6069
4199 3341
696 2886
752 2926
3029 4791
4029 4582
151 85
2244 2357
3230 3612
3776 5297
4516 5182
3925 5411
3808 4295
4804 5572
3187 3583
2357 4303
1258 1264
4722 5465
2134 2205
2640 2866
49 9
5195 6049
2906 3203
2192 2318
5155 5982
1081 1102
1462 3467
2934 3232
892 866
5385 6521
463 376
5622 6682
2660 2890
3471 3891
3707 4153
2610 2824
1711 1817
4064 5532
1612 1681
4517 5205
2117 2241
1531 1551
4686 5428
2505 2694
5595 6557
557 478
4692 5432
5165 6316
320 2587
1941 2010
1588 1655
3300 3727
3143 3517
78 39
3026 3365
4312 4912
3588 4105
2323 2476
4487 5141
867 3031
1267 1282
5167 5998
2434 2611
3225 3599
1164 1176
1891 1967
575 2808
3826 4320
4996 6189
41 2366
503 424
2382 2536
1401 1422
3610 4116
3005 3326
4285 4897
3236 3613
4033 4584
1478 1490
2097 4035
4896 5669
4178 4755
4848 6087
3895 4404
3584 4043
1209 3261
2768 4614
2693 704
2290 4265
2005 2138
2717 2955
487 398
597 2821
2416 2589
2724 2963
4261 4857
1776 1842
976 983
3480 3921
3462 3872
2770 3039
3030 3369
1539 1567
52 2376
3329 3705
1331 1338
904 884
2620 556
5640 6618
4655 5947
5503 6453
206 2506
456 370
2810 4654
3566 4046
4431 5070
4527 5194
1422 1439
3454 3935
673 2876
1109 1136
4480 5139
4720 5988
725 666
3306 3723
33 8
2637 2859
1833 1902
3301 3728
3375 3806
1201 1243
1234 1269
4388 5036
5619 6590
2599 4490
4114 4681
4065 5529
3039 3383
1224 1246
5516 6465
4983 5778
2437 2619
3066 3426
4053 4606
973 967
272 199
2976 3296
1889 3860
5684 6686
3479 3906
2183 4209
473 2716
5521 6476
5648 6630
5253 6149
3661 5230
3355 3779
2550 2748
893 3052
3964 5429
2715 2952
1846 1914
150 72
2159 2309
2105 2165
1950 2015
4286 4880
1428 3446
433 2685
2001 2157
1855 3865
1383 1392
155 82
1563 1581
2125 4135
4410 5039
5373 6295
4688 5969
2836 3121
5169 6001
1243 1281
2273 4262
4256 5649
836 801
5138 6304
4916 5712
2355 2508
388 306
2682 2912
1346 1367
5634 6614
4245 4826
4678 5416
3624 4084
4275 4860
4528 5195
2525 2715
4136 4707
1423 1440
762 718
2451 4366
4324 5705
5788 6813
1734 1767
4320 5707
3080 3419
4549 5225
2529 2728
1972 3969
2241 2361
1184 1225
1487 1504
4771 6022
3995 4532
2063 4012
5558 6639
1861 3842
4802 5571
1817 1886
4113 4675
819 778
2016 2152
1318 1325
2418 2601
3753 4235
3402 3811
3260 3637
2373 4305
2826 4670
3935 4463
2860 3149
982 970
2802 3075
1442 1482
292 192
773 729
5134 5952
1815 1903
3623 4132
698 639
722 662
1556 1619
3101 3438
1801 3732
2925 4736
3162 3506
2292 2411
2140 4104
2326 2474
4095 4656
1739 1832
4822 5592
1319 1328
4607 5302
1853 1933
353 276
2621 4505
1973 2040
1117 1151
1842 1899
2167 2301
1805 1877
238 171
5631 6689
5118 5928
5340 6254
244 2523
5286 6185
415 330
3478 3907
1946 2013
4859 5637
3950 4482
1613 3609
2962 3266
4010 4549
1269 3303
3811 4299
3759 4233
1818 1887
943 951
938 923
122 2451
2926 3223
3148 3500
885 860
1254 3316
129 2439
2498 2681
3411 3797
1206 1228
4337 5709
3688 4184
4639 5355
2249 2365
98 2405
2929 3231
4240 4825
2286 2424
1915 1998
1426 1443
2322 2462
2491 4405
1603 1640
35 2348
1292 1294
2201 2340
3866 4375
4554 5227
5722 6735
314 222
3191 3588
2538 2739
4111 4674
2151 2261
1572 1641
138 69
4459 5132
4727 5474
937 925
1555 1578
5620 6595
4991 5780
1313 3363
267 191
214 140
2856 3143
2170 2303
3253 3633
3144 3504
5644 6622
1608 1658
2098 4028
607 548
3897 5380
3507 2004
2784 4630
4767 5519
3031 3359
5079 5892
1651 1721
4508 5179
5583 6655
5179 6328
3718 4204
5465 6402
4800 4702
405 326
3270 3639
4007 4545
79 38
2243 2373
653 588
3412 3816
4352 5723
5545 6636
5062 5867
738 687
1216 3258
3917 4442
3671 4118
5501 6446
1627 1694
2055 3993
1986 2072
4942 4990
276 204
1763 1840
1111 1118
2497 2688
3372 3796
4249 5653
2865 4694
213 128
3613 4124
2446 4365
224 152
3033 3371
1373 3422
2722 2959
131 2437
3248 3619
5160 6314
5570 6647
3869 4383
5412 6332
1433 3464
4302 4908
4432 5068
3929 4455
432 2670
4978 5054
468 379
2817 3108
2559 4464
3640 4099
1284 3319
3752 5273
924 900
474 383
4568 5890
2990 3315
2154 2262
4744 6003
5584 6348
2960 3288
5351 6274
5540 6496
1680 3678
2516 2712
2994 4768
5319 6225
2978 3284
2443 2610
944 929
4203 4784
1767 1827
4463 5829
2887 1103
3268 3646
5565 6527
2867 3154
3815 5323
4325 4928
2562 4465
2240 2374
4279 4886
1093 1120
3321 3736
1521 1529
4146 4721
923 902
2174 2312
3417 3868
1913 1975
2131 2197
4473 5114
1316 1334
2108 2173
4348 4964
3569 3999
299 207
2196 2333
44 15
4891 5679
4099 4662
4825 5596
3540 5176
2566 2768
659 593
3324 3693
3362 3741
817 777
4402 5023
350 255
1567 1590
4201 4788
1876 1954
507 428
2062 2108
2696 4558
1348 1369
4597 5294
1413 1474
2547 4452
5219 6083
1085 1087
4745 5499
1253 1270
2356 4298
1191 1202
3921 4451
2749 2996
2072 2203
4569 5255
1350 1403
245 163
1325 1341
2358 4304
3988 4522
4418 5065
3043 3377
29 4
1049 3155
3410 3808
4165 4742
894 3053
4814 5581
2907 3204
5616 6588
5747 6801
888 862
613 2835
4003 4542
3648 4093
3537 3974
4222 5639
1221 1244
1605 1653
3293 3667
1713 1742
2734 2975
2310 2445
5748 6768
2204 2325
163 2489
3576 4021
2000 2060
5014 5806
3858 4356
4852 5625
4741 6000
2299 2440
3363 3780
250 2529
2888 3184
2101 4111
2670 4544
5532 6251
1501 1514
5781 6808
4803 6041
2423 2588
5727 6741
3722 5269
1682 1746
5632 6601
1149 1177
282 2564
1508 1527
3325 3694
2250 2381
1970 3947
2021 2069
4471 5119
4011 4556
3146 3524
1357 1398
3500 3916
1570 3584
2689 4553
2076 2098
2592 2805
2121 4114
1168 1182
1143 1158
348 282
913 3068
2429 2592
4501 5192
4386 5746
4715 5984
1305 1312
5736 6786
5761 6817
2012 2104
3657 5211
1586 1629
4858 6100
2876 3180
3169 3542
5560 6515
744 689
1115 1126
2634 4516
1584 1671
4599 5289
1684 1734
5394 6525
576 506
3890 4414
2879 3174
1844 1927
1491 1518
5227 6384
3701 4200
2157 2296
4823 6058
4208 4799
674 2877
2612 2827
4870 5646
1110 1137
2893 3187
3730 4223
3793 4285
4091 4649
1949 2035
689 630
391 2631
1362 1375
1326 1348
5248 5699
984 969
4734 5483
1195 3256
4241 4844
833 2992
2585 2799
1500 1530
349 283
4674 5414
2413 2576
3953 4480
5466 6401
3608 4076
5552 6506
1389 3408
1429 3447
3108 3478
1440 3456
4407 5051
932 914
3830 5328
3975 5439
4839 6082
4298 4894
929 912
1190 3227
1873 1949
5374 6296
3548 5185
5476 6420
954 946
39 5
255 178
1244 1259
1791 1884
2228 4227
172 108
4339 4941
2560 2771
5497 6443
2991 3310
5637 6616
4367 5745
2166 2286
4580 5262
1619 1665
1166 1201
359 288
3717 4190
3310 5006
3430 3825
360 291
5645 6623
1746 3749
3451 3927
3614 4121
2495 2689
1710 1818
4054 4609
2503 2696
1286 1291
3077 3415
3477 3883
1461 3460
5240 6121
2502 4426
1542 1609
748 695
5430 6547
4281 5675
2447 4373
4667 5395
2057 2224
296 2580
5202 6060
1814 1865
222 143
1735 1829
2809 924
1396 1413
4753 5505
3852 4348
3945 5423
3913 4434
3290 1737
2797 3067
2411 4354
4247 4833
5678 6679
5463 6392
324 243
3469 3894
4925 6155
4943 4991
5231 6104
262 4328
3319 3674
3908 5393
5467 6404
1838 1909
3969 5433
3333 4988
1048 1039
130 57
2109 4066
1263 1276
354 277
1503 3531
3134 3482
535 2766
731 679
4326 4927
1864 1942
118 2426
5575 6534
1795 1850
2739 2987
77 2391
2475 2669
4270 4856
2287 2429
311 2577
4646 5946
4155 5582
3592 4080
1002 1021
3960 4491
3760 4234
3893 4407
5149 5973
5741 6754
3511 4002
5076 5880
5416 6339
4068 5525
5419 6344
1524 1543
4063 5531
2472 2658
4495 5173
3404 3799
3645 4122
4876 5650
2657 4529
246 162
4179 5605
4693 5435
343 260
2973 3275
2816 3095
3123 3465
2549 2749
643 579
3118 3463
3767 4246
637 576
4123 4682
4093 4652
4455 5104
5459 6400
1720 3733
5486 6428
3128 3477
4947 5735
3434 3846
1653 1714
1602 1651
5162 5993
1551 1576
4043 5501
1082 1077
3581 5169
4670 5406
4366 4962
678 611
3282 3687
4864 5634
2806 4648
3829 4325
362 269
286 211
5053 5856
2683 2917
4399 5041
83 34
3593 4081
3380 3747
3135 3527
2194 2330
1663 1730
5786 6815
621 559
5472 6410
963 3094
3989 4523
1622 1660
592 2815
3099 3448
5607 6580
3140 3541
2847 3130
3591 4037
889 863
1242 1256
4129 4696
2235 2347
5056 5865
2938 3234
3888 4412
5754 6776
3747 4232
3467 3882
2589 2806
2128 2212
30 3
3245 4933
1676 3670
728 2904
1615 1645
5481 6416
5789 6816
4100 3100
402 319
3977 5441
125 2446
2877 3179
5250 6128
3710 4193
1414 1441
2534 2731
3119 5661
4900 5684
3438 3843
5571 6648
1977 2117
554 484
4785 5551
5063 6253
5075 6260
4205 5623
1264 1275
1473 1516
3572 4063
53 2380
2575 2785
1261 1274
5423 6346
4023 4575
3807 5318
3547 4053
581 512
3217 1611
648 2852
1265 1299
2476 2668
2995 4769
3152 3519
3538 4024
3211 3574
88 41
615 557
5469 6408
1980 3955
2042 2103
4478 5149
1952 2042
3983 4517
1810 1880
3495 5095
4832 5606
4739 5488
412 2643
4759 6012
2569 4471
4932 6159
577 507
2677 4546
1811 1872
2368 2527
3705 4210
3526 3954
1652 3657
5279 5754
3864 4367
4775 5538
2695 2927
3630 4117
1704 1814
5471 6409
133 64
1967 2029
5039 5840
5355 6495
384 310
1918 1989
3675 4152
4543 5223
100 26
5573 6650
5654 6640
4102 4668
114 52
1358 1373
4948 5734
1831 1888
5103 5911
602 544
1059 1064
3699 4199
2607 2818
2032 2083
2337 2494
611 549
3847 4347
2854 3145
4174 5597
1188 1200
3754 5275
586 517
2975 1257
4615 5921
5314 6219
5136 5956
3368 5024
3799 4288
2448 4372
1339 1354
5567 6529
5397 6313
3766 4250
1233 1250
5205 6062
5116 6284
1046 1048
2305 2444
3906 5386
2725 4580
4183 5608
2346 2503
3782 5299
5528 6477
3781 4266
3343 3734
2807 3083
3401 3821
2758 3014
4994 5791
5238 6110
2862 4687
2469 4395
5074 5235
5703 6717
1564 1631
5712 6727
471 390
1971 3948
3294 3658
3052 4814
3804 4296
3525 3989
2617 2845
2421 4361
3018 3335
5133 6300
3918 4444
2393 4334
1880 1958
760 715
1144 1159
844 3005
2039 2175
2655 4527
2283 2425
3860 4364
1291 1293
2779 4626
3653 4148
624 562
4385 5027
4503 5170
3170 3543
3875 5366
3559 5151
5563 6520
3216 3587
3702 4189
4150 4732
2544 2746
3202 3596
4854 6098
1023 1027
551 481
3849 5342
107 2407
5051 5858
2835 4677
4676 5959
2103 4060
2327 2478
4021 4573
4798 6034
5225 6095
4834 6067
3142 4862
3094 3430
2704 2938
4175 4748
3357 3781
1011 1004
4885 6115
5589 6658
1307 1329
1732 1793
587 524
3968 4502
5600 6567
2081 2222
2118 2191
3554 3994
1120 1112
3607 4106
898 880
4254 5655
283 212
3907 5390
3137 3495
2338 2482
2422 2586
660 2864
5553 6507
2698 2931
203 2507
827 800
4214 4787
3389 3789
2489 2686
1958 2023
2532 2729
1128 1156
2163 2315
3568 5154
2230 2355
1290 1317
1874 1950
2317 4272
3286 3655
616 2836
2137 2265
3045 3384
1550 1598
4593 5286
5036 5847
1691 1743
1039 1067
4575 5257
1452 1484
2903 3205
4977 5053
580 508
1146 3208
3697 4197
268 196
1694 1748
3704 4203
2663 2897
4046 4600
1364 1415
2504 2697
1527 3548
3885 5376
1658 1709
3965 4497
3237 3627
1733 3675
5033 5161
4389 5031
2501 2699
3763 4243
1719 3729
2490 4418
3626 4136
3582 4069
870 838
492 410
538 2763
5023 5158
4627 5335
4474 5117
2276 2404
1367 1408
4950 5737
5362 6279
1176 3221
593 2816
3853 4349
4044 5503
1399 1418
3840 2549
491 2725
4489 5147
4130 4697
2681 4547
5088 5896
3684 4177
3047 3395
770 4560
1446 1460
1181 3230
2590 2807
3941 4472
1945 2062
2100 2229
3004 4775
3729 4206
2953 3253
2383 4326
1439 1456
5784 6812
2627 2847
705 647
2864 3163
5470 6407
714 2893
567 494
4361 5725
240 149
5342 6266
3551 4042
3824 5326
2764 3027
2313 2463
3832 4323
404 311
4930 5715
1894 1991
4421 5772
3203 3577
3235 3608
5672 6665
2304 4267
3115 4849
4923 5718
2605 2817
1903 3885
1228 3273
1186 1198
5059 5876
5221 6091
3955 4483
2430 2591
4190 4763
4468 5131
3042 3376
2147 2238
5677 6582
5606 6576
4717 5461
3407 3805
3366 3798
4616 5327
3441 3844
4774 5540
377 292
3670 4133
2165 2297
111 31
1760 3717
1525 1544
3160 3511
5393 6311
3543 4019
2028 3983
5491 6435
5426 6351
1054 1063
5132 5943
2936 3243
2952 3249
3348 3766
3238 3624
2913 3218
5282 6181
4411 5768
464 380
5597 6560
880 844
113 2431
2885 4708
4395 5038
800 759
4621 5929
5259 6137
3013 4774
4124 4686
2951 3259
3136 4865
1337 1355
216 117
4378 4999
2720 4572
2721 4576
2238 2346
1309 3338
5409 6329
745 2920
5446 6373
2285 2418
1127 1124
5007 5799
196 127
5643 6702
4149 4724
2672 2906
1147 3207
5097 6273
4357 4966
4644 5368
2692 2925
4494 4062
1402 3421
2013 2078
1484 3529
4865 5643
1080 3183
4161 5588
5144 5965
3990 4524
376 290
3214 3585
205 125
5699 6709
3827 5331
1132 3209
3529 3967
488 407
5413 6334
2371 2520
3503 3970
4636 5346
252 180
3391 3803
66 25
3627 4090
4882 5652
3349 3767
110 53
3040 3388
4761 5514
4193 4765
4728 5991
1664 1712
5084 5882
3017 3351
1415 1442
2641 2867
1840 1894
525 2754
3770 4249
2360 2505
3677 4164
3496 3908
340 2593
3818 4311
3947 5422
1114 1110
4392 5044
1740 1794
4919 6146
3719 5261
3073 3403
104 33
50 2360
3564 3992
5188 6033
289 221
4177 4757
43 2359
1196 1217
3347 5035
4958 6164
408 331
3560 5152
1536 1565
2985 3297
2997 3306
1203 1223
1239 1254
5261 6150
2833 3119
413 2644
2394 2552
2363 2516
4428 5066
672 2871
2444 2625
3618 5213
227 151
5048 5843
136 62
4016 5479
2700 2935
5044 5835
620 558
3251 4940
3076 3414
635 569
3725 4222
1802 1893
4272 5663
3903 4419
1213 1233
3425 3835
4430 5067
4546 4183
3074 3427
4031 5492
3487 3904
3156 3510
3330 3716
2407 2569
4047 4599
1274 3327
850 810
1430 1444
2435 2617
2379 2534
1937 2001
232 139
4768 5524
779 733
811 767
3334 5017
108 56
5492 6600
2280 4259
724 670
5020 5822
5372 6292
1375 1387
249 173
3266 3644
2385 4315
5369 6290
1371 1385
2484 2663
884 856
143 76
2362 2510
5572 6533
2563 2769
278 201
499 422
5437 6360
281 206
3378 3740
5529 6478
3922 5403
399 315
421 332
4857 5635
2680 2914
2400 2562
4989 5789
4653 5374
840 805
2065 2101
1262 1288
3497 3926
5734 6748
4368 4981
416 333
4524 5198
3044 3379
3379 3786
4213 4792
3036 3374
1255 3313
4019 4564
4604 5912
741 690
1138 1152
3813 4307
2485 4416
4233 4831
5709 6759
1145 1160
2737 4589
2203 2324
2570 2789
2513 2702
5015 5813
3521 4025
5273 6432
2267 4240
4558 5228
4504 5171
4235 5640
4617 5925
3664 4166
940 926
192 116
2993 4770
4855 6099
2019 2087
1785 1873
4327 4950
4973 6187
2035 2161
2579 2787
2440 2615
220 2513
1590 1659
3221 3597
502 421
4081 5536
2328 2479
583 2812
3484 3898
1966 2095
2736 2977
2947 3246
5187 6031
3520 3944
2428 2585
1696 1753
96 44
1070 3172
3427 3823
798 2960
1012 1005
5693 6699
2477 2671
996 3117
609 553
93 45
905 3060
4630 5933
2236 4228
3374 1845
1648 1698
4708 5451
4647 5372
2083 2195
5293 6200
2119 2192
5318 6227
4980 5786
1498 3528
4547 5224
5376 6298
4255 4853
5032 5839
396 2648
1938 1992
5704 6755
1761 3718
2982 3299
2798 3063
2875 3167
4751 5500
4529 5193
4810 6045
5585 6542
2454 2641
661 2865
2086 2211
5123 5936
2742 2990
4684 5427
1996 2085
1989 2142
5792 6823
2378 2535
2533 2730
5304 6211
1003 1022
3182 3549
1475 1512
3331 3701
3089 3459
5004 5809
3335 5016
4147 4731
3692 4151
3464 3925
3085 3429
3009 3347
617 2837
2886 4709
3219 3589
2324 2471
556 2788
5249 6130
5260 6138
5388 6309
1386 1405
2645 2873
1893 1968
2571 2786
5629 6687
5111 5924
4746 6004
5505 6457
2462 2655
786 738
5590 6659
40 12
160 90
2673 2907
3419 3817
4645 5369
437 347
2110 2179
3421 3820
2543 2742
1341 1356
2195 2331
1485 3530
3302 3690
3835 4318
809 766
1245 3302
4391 5012
3828 5332
3751 4230
946 935
2782 3054
3665 4110
3048 3396
1173 1184
1744 3743
3283 3661
5080 5893
3634 4139
5785 6810
154 77
2179 2319
4706 5450
2743 2994
3639 4123
5533 6488
787 744
5721 6733
4309 5702
273 186
3012 3350
991 991
5019 5827
