5681 4515
1739 949
3298 2085
4059 2850
3381 3184
665 327
5162 3602
1100 3512
3035 714
4284 4489
3218 4502
982 555
2976 602
4804 2945
4887 3077
4175 634
2157 1123
5173 4597
5567 4432
4621 2618
1221 640
2479 279
3430 917
5574 4717
2851 4070
4714 348
2517 264
2362 114
4232 4469
673 332
5561 4430
3829 251
1789 3205
3028 1895
4712 2799
3979 1480
1771 929
4951 4293
4149 608
68 104
3861 1377
3870 1391
4354 3139
5072 4377
1363 3683
3703 2414
4973 4532
1674 3862
2883 4107
594 356
2501 273
1802 3898
4755 1609
4770 1685
1364 3684
941 1533
4928 4664
4739 2801
4102 1704
906 1301
2402 196
4684 377
3735 1234
3321 4307
813 428
5383 4098
274 103
5283 3170
3194 797
4139 1777
4872 4200
3246 834
989 2620
5250 3822
3539 3960
3395 3213
4782 2906
1081 2750
3883 2704
4250 1948
4589 1314
4961 3874
2939 637
3102 1912
5267 4518
3379 947
600 1523
2001 2316
5181 3666
1661 2089
4442 3913
4634 1381
4737 2802
2240 162
5469 3815
2696 431
4192 661
1488 3046
3888 1393
993 3485
1687 2112
3868 308
5606 4652
2437 1428
4093 546
4833 1855
788 366
912 517
3862 1427
4935 3145
2815 3457
3333 863
4931 3122
2081 1030
3213 809
1078 2735
979 1384
4422 923
4929 2060
2612 324
1930 1009
135 159
4256 755
4271 3784
925 1548
1907 2306
4930 2061
1123 2764
2744 4037
4003 434
1719 916
4679 2712
931 1542
1686 2116
3807 1425
4860 3038
5597 4643
4050 473
1316 679
3900 1464
2705 1550
3866 1421
1135 4114
4306 4656
2877 3556
899 2680
4762 2864
3393 933
3264 3859
5205 2982
4687 2778
4321 827
4611 1331
4703 411
3341 3882
2753 469
2963 1781
3825 1389
1690 920
570 263
3245 833
2558 1485
898 486
3963 1551
2511 1376
5615 4259
4009 1588
4071 2852
5623 4668
3748 153
4222 4731
5406 2854
354 1318
3046 1886
258 172
1677 860
2674 464
4909 2024
4186 1848
4099 1714
3741 1256
5491 3843
1579 813
3203 2013
3960 378
2272 1316
5338 4584
3786 1280
2828 2821
4394 3167
5243 3813
4070 1678
4783 4126
4298 796
3397 3208
3954 1546
5478 3825
5505 4542
1799 2191
5166 3606
4404 3877
3145 3067
1089 3520
5423 3686
3625 4001
2208 90
5268 4804
2532 1358
3664 3384
2425 185
4645 2676
3951 2727
1701 2152
2645 337
2908 551
965 1559
4939 3848
909 493
3388 3192
3136 3062
4047 505
3848 2653
2698 440
402 184
4751 1602
1066 3538
4671 1380
2972 1788
3030 674
4674 2745
5594 4191
296 266
4328 4757
1732 879
4790 2912
4890 3078
1375 723
5233 4736
4347 3849
4311 812
1810 942
4413 895
2332 1278
2672 393
1087 4099
884 2492
4411 3889
2626 335
4647 314
3399 2176
5584 4139
2376 1397
1688 865
5552 4423
4201 4628
5246 3110
4816 1805
1471 3044
3839 1383
5553 4424
1311 3647
5241 3092
3387 2209
439 143
5629 4772
477 213
2559 1432
1545 3794
2571 277
1306 583
2372 1248
1357 2969
4381 4536
868 3424
4348 2082
2375 205
4834 4726
3769 1352
3908 2730
4251 1949
5621 4669
2539 265
2078 1026
4694 2785
4926 4663
2826 3518
1274 3622
1711 3195
5622 4670
2803 1713
4642 315
5489 4803
122 112
5098 1317
2710 412
816 407
4681 1552
3449 939
2339 1287
4813 1806
4131 594
4966 4528
1061 1750
3235 828
5145 2786
2504 149
1075 2708
5245 3106
4758 1680
4124 567
3555 3287
3837 1414
2298 92
4830 1839
2526 1360
4741 3599
5662 4452
5749 4739
2848 4420
3827 1347
1759 4533
2462 1482
1544 1983
2474 1310
1772 914
5253 4659
4689 1539
4814 4610
975 3477
548 245
4713 4058
3441 931
1804 960
3037 1903
1474 3744
3764 124
4027 1560
4041 1639
1170 2916
2748 418
2537 224
2345 223
5115 1302
3745 1328
3838 1382
3755 2500
4034 1571
424 204
406 274
951 2794
2416 175
4774 4781
4763 2865
1484 3749
3787 1295
793 368
4035 1572
3877 236
4602 3479
1823 3890
3392 2197
2600 278
4218 718
4789 2889
3382 2158
2829 532
2667 406
286 173
2842 4062
3394 3202
3733 1282
4274 4486
5180 2897
879 3414
4322 825
3833 2672
3193 3798
1458 3051
4415 902
4187 1849
4086 4419
4312 2023
4432 935
3318 858
1350 2935
4343 3156
2546 259
4119 1722
5568 4431
1568 3095
4051 474
5554 4422
3942 2703
832 1600
2634 1509
1101 3570
3150 777
3742 1227
2125 1082
3948 1472
2502 1402
2366 212
3971 340
1256 652
3980 1579
2248 133
2262 93
1778 915
592 291
5620 4768
980 3501
3864 1341
2873 2742
4053 4043
2901 4110
5466 3808
1675 3861
3288 3147
3237 2050
2541 2530
4842 2999
1617 3123
4031 1651
5079 3982
4095 1715
4360 4523
3063 1911
4884 4647
3328 857
1714 918
1470 4215
4052 1683
1748 941
2421 1368
2355 158
5142 2736
1007 2665
3863 1426
21 89
4146 1801
4020 442
5198 1821
1167 3588
535 297
480 211
2077 1027
5667 4794
2680 404
2801 537
1720 4527
4399 2154
5104 2654
1781 906
1733 856
4904 4653
4669 3490
1764 930
5416 2898
1489 749
3622 4003
3869 301
1454 3739
5407 3630
2377 1398
4197 677
4205 4631
4265 770
4954 4292
3021 4168
2882 4108
1543 1984
933 525
5668 4840
2955 642
2543 1378
3311 3151
4964 894
1313 3645
1730 4305
4157 4443
2704 403
4670 3539
2959 2816
2058 3290
2728 386
2935 3578
1105 3559
1689 4298
3015 644
1060 1751
4072 2851
1735 964
4597 2592
4409 3891
1696 866
5176 3626
3783 111
1093 3545
3794 1293
2568 289
496 194
2329 84
1095 3537
1296 699
1352 4177
3167 2000
1431 703
4727 2817
2581 328
3757 1237
2970 1793
4899 2010
4128 579
3898 1445
3947 1467
2923 3598
3914 1450
3805 1410
5291 4682
4668 3496
2951 1768
1004 4073
5503 4543
2485 268
4893 1990
1788 3204
4902 2012
5592 4468
3355 3892
4229 719
2813 4077
5114 2685
2231 1222
814 3417
1574 2022
2766 1686
3070 3732
4605 2497
889 500
4233 4470
4382 4535
2463 201
5572 4445
3140 3761
4097 1700
1538 3072
2984 670
1389 732
4641 1435
3705 1115
4143 1780
4972 2143
2379 109
1680 2098
2878 595
1195 3582
4039 1654
2998 4156
1747 2170
5573 4716
3651 3360
3185 3795
2792 4405
2346 187
622 338
4182 1840
4864 1922
4711 2798
2817 4080
4160 3646
4892 1989
5152 2774
5160 4081
1572 3099
4148 607
967 3513
803 2508
5477 4830
3079 729
5230 3039
5707 4629
3199 801
2974 2951
2768 467
1966 1012
5165 3618
4949 2079
1457 3016
5634 4677
483 197
4785 1723
4018 2809
5586 3689
3316 2105
3128 768
3788 1296
5448 4224
4838 3000
3930 1536
4081 2848
4030 1652
2393 208
2835 4417
4247 738
3383 2159
3228 4507
2767 3434
2226 1258
4767 1689
3872 1430
4626 1413
1030 4082
2841 547
4742 3583
5703 4623
872 3410
1025 2628
4732 2808
4822 1820
3828 1346
4300 4499
5608 4748
1564 3807
4094 565
648 300
282 106
4240 1923
2818 550
3966 1522
2725 4032
2810 503
4752 4403
2610 1527
4900 3809
5169 3592
4644 2677
4100 540
3921 1454
2564 284
4895 1995
4832 1854
4905 805
2905 4429
2859 554
2587 271
976 3476
4137 1771
2752 468
1663 868
3818 1423
4091 1716
3332 862
4744 4596
4889 4231
4849 3032
4141 4428
5582 4170
3256 3137
5389 3573
1245 3656
3196 799
2530 270
3202 4244
5227 4732
2852 3492
2933 4124
5251 3821
3981 1502
4038 1649
3259 4517
5269 4771
2743 4036
4288 1996
3806 1424
4911 3107
3155 787
3191 1998
1678 861
2620 298
990 2820
1486 775
2795 4410
3712 2415
5522 4694
1751 3201
303 179
4345 3138
654 320
2553 276
3734 1232
5680 4667
3778 225
2548 1462
2567 371
5188 2929
5731 4785
4266 4221
3168 2001
5242 3811
4781 535
2448 2642
769 398
2094 1110
3083 4475
4883 1953
5223 3018
1839 976
4058 1665
1102 3569
3195 798
1662 2087
3111 762
3912 1457
2668 405
465 283
5442 4733
2971 662
2724 384
2986 1856
2790 4042
4082 495
5182 1719
2924 580
219 226
1327 4169
2255 144
2550 2523
5099 3473
3989 1631
4643 1362
1137 1449
1277 3621
4297 795
3272 3140
