4151 5200
6 35
1652 1973
5756 7388
1995 2495
1751 4153
5442 7177
3972 4973
353 2975
3008 3682
3426 4279
3248 4041
5173 6562
4492 5648
3381 5521
2896 1333
4345 5443
368 4721
2788 3420
266 252
5628 7226
685 3232
5688 7322
2705 5017
953 1077
1346 1593
2262 2803
411 2847
4699 6538
4484 6393
3438 4293
3828 5837
2815 5090
1582 1887
2242 4639
23 10
2155 4587
625 3179
1392 1662
3807 4776
4459 5618
2912 6078
4922 6722
4230 5305
2008 2537
3048 5287
5738 7424
633 717
4520 5681
4838 6655
3265 4064
5222 6670
2414 2931
291 202
5527 7078
5355 7084
3992 5938
2226 4680
4509 6416
767 765
4327 6243
896 1049
2213 12
3215 3988
3762 5793
4277 5364
4803 6936
3469 4332
3802 4670
3483 4342
2927 3636
174 120
890 3369
5591 7166
1385 3760
4192 5249
2867 3552
5219 6651
1448 1737
3632 4517
2810 5121
4832 6128
1416 3845
1007 3442
3625 5716
1600 1911
4754 5063
1878 2249
4250 6192
1225 1470
4284 6204
1240 3698
2853 3539
1061 3556
2637 3216
254 2767
1526 3934
3655 4535
3748 4705
4037 6017
1097 1308
688 757
25 2
3407 4246
1155 1359
4323 6247
4194 5237
1505 1769
3156 3944
1339 1598
2845 3505
5672 7299
3630 4542
2009 2431
1887 2265
4647 4872
1417 1649
3237 4027
478 421
741 3191
4057 5040
5726 7391
2324 2785
2442 3010
1919 4322
1482 3893
461 355
4622 5812
13 30
4261 5335
2774 3416
820 921
1149 3573
1798 2143
1347 1610
3403 4251
3029 5278
3922 4782
3089 5300
3257 1966
1450 1745
2884 1324
5137 4861
1117 1188
2172 2673
4175 5223
4349 5447
1076 1272
215 200
3396 5535
2759 3370
5473 7203
3235 4032
1842 2204
1329 1558
38 56
1579 1883
2956 3686
4453 5587
4986 6344
2772 5023
2950 3648
2448 5879
5028 6825
5762 7457
417 311
1036 1211
5776 7466
4226 5303
3862 4835
3500 4355
2814 3489
1432 1706
3866 4837
5531 7257
1009 1133
357 256
3023 5248
3217 1889
609 698
205 121
1809 2166
1797 2150
4035 5046
4090 5124
4227 5304
218 225
5793 7467
5695 7336
8 11
2212 4641
397 379
4045 5057
1782 2132
3587 4460
848 3358
610 699
1845 2211
145 65
3398 4230
4110 5146
339 194
5305 7069
19 14
1862 2233
2969 3644
495 487
5081 6459
3332 4140
2116 2549
4937 6740
214 154
4861 6176
2282 81
5623 7310
4538 5703
3826 4758
2394 2946
4405 6312
1864 2239
1889 2264
1920 2295
982 1162
4800 6080
3424 4270
4950 6294
1899 2277
5351 6872
1711 4107
379 263
3691 4573
2665 3286
908 1030
4583 5755
1034 3531
1213 1436
1855 4302
3819 5777
5297 6802
1157 1386
56 17
1002 1045
1018 3506
4120 5136
4432 5558
3160 3948
2164 2663
740 794
5751 7415
2612 621
4051 5077
1476 1770
3412 4256
3930 4911
4291 6217
1521 1812
1876 4300
3305 6275
3297 5459
2915 3601
5348 6868
4596 5791
3122 3882
3942 4902
883 3314
4671 5915
1303 3710
2163 2686
1314 1499
3728 5758
4646 6515
1199 1397
3792 5822
5627 7225
3844 4762
4542 6446
779 844
2325 2810
668 3111
1337 1582
2587 3152
1915 2328
3886 4806
192 111
1063 1258
4630 6483
3326 4122
4328 6706
193 151
3303 4096
3901 4874
3914 4882
3555 5677
850 962
482 383
4805 6621
3274 4069
1823 2177
2831 1209
3704 4609
3708 4577
3600 4474
574 542
2502 4863
4027 5035
1026 1154
504 558
399 275
4501 5684
3885 5884
68 2804
2604 3201
5233 6973
4566 5746
945 1103
1725 2076
3270 4070
5327 6847
2100 2593
4694 4962
2598 4936
5586 7153
530 316
1690 2019
11 22
4002 5969
1293 3658
4049 6003
3579 5662
1439 1723
2616 3189
3219 3997
776 3288
2478 5820
3163 3914
4185 3640
147 2862
419 415
2594 4940
1057 1268
5313 6395
1912 2290
1977 4427
2005 2496
2401 2926
2862 5167
3636 5709
5681 7309
3926 5877
1624 1938
3061 5311
5314 6396
3532 4469
1913 2291
3789 4648
2217 2739
1703 4101
4970 6323
5452 7180
2971 5241
1966 2438
249 215
2422 4707
4780 6583
2432 4711
5684 7313
1697 4093
3726 4597
206 2858
5516 7064
717 3262
3861 5873
2501 3094
743 800
1136 1328
5468 7200
2377 2952
1831 2187
635 378
5120 6876
2128 2573
526 3122
1463 3855
4858 6664
995 1117
4060 5091
4783 6590
1569 1873
5252 7003
2315 4638
4167 5198
4104 5153
1087 3484
628 708
2199 4629
5075 6861
3285 4081
3815 5824
885 3321
4143 5194
4353 5452
230 2707
3603 4478
18 0
3744 4646
4907 6239
5521 7073
446 2974
2817 5101
653 725
321 357
5380 6901
3602 6440
1908 2304
1405 1678
4212 3739
3488 5620
2578 3148
2548 3126
5232 6682
4558 5719
1909 2305
596 612
1435 1716
3280 4079
1684 2012
3824 5775
2727 928
3467 4325
5755 7448
1904 2302
1780 4167
1925 2324
5191 6616
3216 3992
2379 2900
2858 3513
1398 1621
851 970
955 1119
1506 1786
4856 6959
2860 3517
2643 3108
4634 5867
3208 3983
1523 1805
4608 5815
9 15
341 2938
5030 6391
5715 7372
2230 2759
2375 2944
4505 4450
2914 3579
1390 1645
2143 2608
232 2738
3964 5890
4531 4536
1801 4175
5299 6804
4189 5252
4961 6766
3369 4186
546 506
637 659
5450 6971
3758 4716
5423 6944
4787 6068
5421 7148
1040 1231
1853 2229
191 2762
5042 6403
1603 1924
4600 5767
3370 4187
3108 1693
4086 6029
3113 1751
1163 1368
754 3275
2627 3233
1309 3743
263 2886
1901 2284
3890 4859
3618 5702
4919 6713
2958 3679
286 244
843 3260
5018 6383
5476 7206
539 315
3401 5539
3277 5441
5170 6582
781 3255
2634 4955
4339 5431
737 3188
4460 5593
4390 6306
783 848
3058 3792
1100 1173
5280 6772
4649 5904
3383 4212
591 524
3954 4934
4829 6117
1338 1584
1421 1690
1325 1557
2436 4845
2599 4914
53 59
2916 3614
5094 6468
3867 5857
2520 4773
4911 6242
3320 4116
5572 7140
662 730
3933 4876
2061 2464
1717 2063
775 4942
473 3129
2130 2559
4511 5693
4253 6185
5570 7273
5657 7347
3178 3947
3434 4290
3171 5374
505 2978
3738 4674
5278 6313
2533 3077
4455 5592
5036 6414
1409 1687
465 453
3078 3795
223 228
3114 3884
5310 7072
3686 5706
865 815
655 3214
1274 3631
5163 7128
1953 2352
727 568
1277 3643
5565 7122
738 811
868 820
5114 6510
787 684
881 965
4159 6623
2764 5041
1242 1458
3105 3853
5216 6957
4314 3999
3197 3976
1950 2350
3896 6502
2960 3594
3873 6503
1713 2046
4191 6634
701 720
568 633
2834 3525
323 2776
2161 2682
1987 2387
5702 7403
689 707
3399 6322
5453 7182
1193 1417
433 3081
3648 2569
1260 1496
4440 5565
3857 5834
2081 2586
1696 2034
4118 5157
4404 5526
4431 5557
459 2937
4053 5995
3550 2528
621 627
2982 3671
2572 4810
4039 5066
5441 7178
4678 6517
3910 5894
1812 4199
367 2830
5281 6335
1917 2331
4268 5349
5264 7015
3124 3887
4254 6184
3865 5848
410 2848
1276 1505
2863 5127
583 3165
799 827
2197 2701
387 2987
2606 3168
2701 3331
317 2798
4716 6557
5526 7253
488 515
4866 6170
5562 7109
3440 2251
1106 3536
370 374
2060 2467
1662 1987
4011 5038
4925 6724
2360 2824
5763 7456
5300 6822
1133 1330
1099 1232
5711 7436
5770 7459
5388 6905
2084 2507
2843 3469
1663 1988
696 3276
4496 6420
1657 1984
3953 4851
4843 6659
2549 3098
2674 3309
1349 1562
5130 6893
1466 3891
1789 4178
1244 1454
1686 2014
1386 1637
5630 7315
536 567
5495 7319
3164 3943
1388 1670
1223 1438
3771 4667
5160 7125
4661 5870
2789 3451
3102 3820
1073 1279
5631 7316
1336 5267
2387 4763
2629 4879
3031 3777
4665 4828
3183 3964
4882 6196
1380 1638
642 702
3833 5850
749 3289
2841 3502
2688 3306
164 2740
949 1115
5013 6374
559 540
1027 3445
5212 6646
5098 6476
4672 5911
2350 4643
2880 1319
1973 2377
1729 4123
980 3423
2474 4825
3205 3959
837 940
1483 1775
4651 6498
731 784
2905 5162
5615 7204
1561 1856
103 2787
719 716
2470 4756
12 41
2069 2514
5250 6711
1843 2196
4016 5953
1969 2378
4077 5103
3542 5640
4337 5428
3577 4515
1001 1196
2482 4740
4378 5484
78 130
2341 5764
5577 7277
5317 6408
729 788
1736 2078
3856 4793
4214 5289
4935 5449
4720 6554
4528 5689
2156 2628
2846 3470
2837 3487
1319 1570
1035 1212
2294 2826
3435 4291
2801 5128
97 86
675 724
475 2954
2704 3311
2829 3481
384 366
3065 3807
4123 5172
5230 6678
1320 1571
3511 5641
1981 4373
235 237
1446 1753
2131 2561
4374 6292
2114 4550
3958 4901
2281 2745
2868 3466
1796 4191
5340 6852
1905 2300
1114 1338
3936 4905
4062 5049
4209 5265
3556 2497
4526 6435
1447 1754
5263 6734
5424 6938
3331 4141
5085 5741
1764 2115
1735 2084
5594 7169
647 603
2087 2488
2286 4679
1933 2329
5146 6540
745 3308
3523 5631
1491 1773
1285 3652
4710 5955
2006 2492
2188 2694
4692 5922
292 2771
1510 1789
3014 3752
2530 3110
1096 1306
2183 4614
5043 6400
4091 5132
2039 2546
479 2985
4574 5757
133 110
361 2800
5119 6496
4713 6537
2179 2688
972 1042
3402 4244
3830 5789
3571 4426
1408 1694
5412 6932
5059 6447
5634 7324
5716 7374
5118 7087
2870 3560
3825 5845
330 273
1404 1633
2366 2936
1128 1191
600 632
4133 6074
2512 3101
5492 7033
1828 2175
2908 3574
1013 1225
2466 5835
4050 5078
2298 2821
1520 1813
1578 3970
5602 7187
2767 5032
4075 5075
1312 3696
3870 4834
3791 5823
5319 6826
1178 1405
245 2845
2901 5160
3536 4404
3869 4864
127 2786
1695 4095
325 231
5499 7233
5366 7099
2489 3085
5172 6584
4845 6657
5443 7179
3125 3888
2423 2889
2873 3468
578 3007
4255 5330
28 43
2793 1089
303 259
861 975
1485 3851
3433 2244
3006 3677
2577 3009
3083 5297
4579 6460
2673 3281
2685 3266
659 640
4393 6309
3659 4533
563 556
1664 1990
5470 6998
5408 6922
2312 4657
3413 5553
4461 5596
4725 5959
2225 2742
4775 6044
2138 2587
4485 4390
4283 5363
1665 1991
431 391
2700 3284
1687 2015
466 476
3806 4775
4822 6111
4997 6791
5673 7375
3389 4221
4921 6721
3734 4642
1527 3927
1942 2337
1972 4389
1452 1734
405 3033
5600 7176
911 3397
5265 6735
142 64
1571 3981
2388 2977
252 296
797 3240
3168 5377
4939 6741
228 18
513 2989
4269 5358
144 170
40 2763
557 3002
1599 1910
259 2850
3821 5779
4347 6271
4079 5095
3247 1950
4225 5291
5157 6902
1022 3537
4878 6190
2023 2461
4119 5155
1730 4125
1060 3555
682 3120
3252 1959
393 299
1955 4361
834 934
5506 7049
1762 4154
897 3363
3040 3737
5316 6824
2959 3595
2731 4967
4853 6656
2941 3662
1744 5483
3554 4418
2592 3149
1322 1523
758 819
529 445
4687 6546
1204 1428
748 678
898 1023
5017 5606
5165 6575
29 54
1551 1849
2034 4436
1643 1962
5558 7343
2737 5045
3651 4579
2186 2645
2974 5226
853 914
392 304
774 837
1996 2426
1693 4092
1487 1784
1923 2314
3086 3822
856 969
2382 2893
614 696
151 153
3872 4844
4578 6457
414 328
4480 5635
4423 6781
3445 2258
2456 3086
2690 3271
4693 4956
2434 4819
1481 3872
5393 6907
801 853
5534 7079
5311 7067
236 238
2583 3175
4795 6067
1037 1219
5467 6996
5718 7446
2666 787
3269 4068
296 3011
1474 3843
5181 6600
519 575
4743 6008
1393 1669
5208 6630
2812 6040
3831 5782
1054 1210
1808 2165
1095 3501
3504 4364
4674 5924
3766 4664
3218 5391
2655 4960
2654 3144
1209 5204
5410 6927
469 407
3952 4852
4363 5468
1245 3616
279 2958
509 2986
5605 7376
2992 1498
4147 5165
940 1101
5050 6410
2425 2991
3448 4306
1959 2358
4142 5179
3174 3925
89 127
4728 6550
817 909
4278 6201
5239 6984
993 3429
4309 6698
5566 7121
4220 6139
315 2941
4643 5885
2942 1416
4341 6265
4469 5636
3658 5725
485 452
2881 5145
2922 3611
3608 4500
4790 6072
4260 3854
1759 4152
1573 3962
4982 6349
3231 4018
4398 5514
4602 5811
265 155
1279 1522
4962 6311
2253 2712
922 1039
565 546
2842 5113
960 3410
372 2970
4150 5173
794 858
438 3026
4580 5752
5705 7276
1348 1606
1395 1658
2652 3131
1308 3744
5489 7218
4276 5353
3586 4529
4321 5416
2735 3282
1701 4100
2140 4530
3746 4709
3582 4492
842 3261
1565 1835
3382 5518
823 694
3817 5788
1343 1603
2828 5123
3230 4020
2589 3209
1310 1541
2416 4796
2835 5111
212 196
4173 5224
816 871
2454 2981
489 3107
5334 6848
3236 4031
4140 5185
4249 6178
1069 1241
4815 6082
4707 5970
416 368
407 3024
804 830
3719 4618
2631 3238
1068 1289
2370 2774
3727 4623
778 843
2372 2882
3948 4915
2153 2626
3793 4737
332 62
3417 5562
314 2799
1516 3912
2396 4693
3649 4528
3721 4621
1252 3621
4751 6011
4823 6112
4836 6123
857 950
3900 4873
1821 2178
2943 5189
4052 5087
5179 7139
551 573
1424 3797
5107 5785
1137 1215
2661 4920
3884 5883
1109 1239
175 27
2054 2463
3881 4833
4358 5464
4289 5371
4914 6251
664 739
1391 1674
3693 4572
1371 1627
5723 7379
3177 3960
694 706
4031 6014
3871 5805
3581 5664
525 2959
863 944
913 3430
1504 1793
2802 3462
2988 3703
1090 1300
1635 1952
5744 7367
2639 731
2330 4666
874 980
914 3431
4280 6211
5161 6567
2872 3540
3 2737
4324 6248
1177 1382
2931 3649
5321 6829
3591 4454
1991 2393
1044 1259
4155 5208
4499 5656
227 209
1139 1352
2569 3181
912 1055
1496 3860
2605 3190
807 3267
290 2885
2749 3383
2938 3661
4548 6451
2790 5062
1332 3748
3036 3766
5448 7181
2160 2646
4206 5282
1436 1677
5377 6896
1554 1858
202 136
3201 5394
455 356
1706 2050
3695 4601
2376 2951
1008 1130
847 3349
1203 1408
4874 6174
2322 4647
2010 2416
3118 3885
2813 5089
4729 5964
5782 7450
2147 2598
3920 4888
988 1189
798 3338
677 681
4841 6654
952 1102
159 161
1927 2318
1461 1766
3955 5868
3564 4415
1290 1481
4364 5470
2575 4820
629 3083
1671 1999
4909 6241
5642 7242
566 3005
272 307
582 655
3863 4836
1218 1453
5799 7475
2635 3095
3452 4309
3698 4607
3466 4319
5 28
122 2829
3071 3790
2607 3043
1815 4218
1185 3564
4656 4812
1611 1917
1597 1906
2543 4877
3148 3924
2963 3641
3453 4310
593 641
597 589
2437 334
1882 2255
1524 1807
460 456
2564 3141
3710 4598
4380 5488
2890 1318
3923 4827
4561 5722
462 427
1956 2354
2708 4963
5112 6490
4673 5905
4342 6268
1525 1808
571 521
498 440
1858 2230
2399 2992
4447 5568
4401 6310
4668 5909
1992 2392
5097 6463
4628 5840
2338 4653
795 802
3939 3171
2400 2993
4778 6581
4804 6090
2313 2853
2567 3177
965 3434
4136 5178
588 591
4188 5251
2300 2872
1397 1660
1031 1251
2591 3127
672 3157
2333 4704
1062 3529
2451 4706
2284 2796
1795 2140
1733 2073
5332 6842
1229 1451
4658 5901
726 653
5007 6795
1118 1257
160 137
1668 1983
3153 3918
1807 2154
2070 4525
41 2790
5135 6886
1879 2286
3578 4435
2285 2758
3241 6250
4315 4007
3147 3915
3349 4166
5761 7471
4559 5754
796 813
1363 3753
5178 6593
3670 4557
5772 7461
2071 2471
1757 2095
2997 3714
830 3254
4999 6353
5069 6441
4231 6162
3585 5695
5585 6943
3729 4604
4857 6666
1082 1301
2495 3066
3512 4368
1742 2083
96 87
17 45
1716 2058
2144 2619
3259 5430
720 759
2718 3273
2535 5849
5792 7465
4153 5213
3513 4369
5005 6800
3720 5740
4798 6611
1560 1869
5095 6471
5308 6830
1394 1666
905 3414
148 103
2306 2724
3436 4294
3009 3693
5309 6831
746 728
3781 4634
4470 5630
4849 6167
5175 6916
1838 2200
4761 6031
4204 3741
1760 4147
3193 3938
5742 7439
2047 2437
4549 5713
654 3213
2739 3389
5159 6559
3741 4665
1467 1774
4772 6051
3142 5360
915 3432
5717 7413
2939 3654
4597 5808
268 313
5567 7126
5700 7353
4839 6636
2517 3102
4313 3998
5568 7127
1574 3966
1317 3702
2463 3028
3232 4022
2459 4744
4172 5218
2168 2665
5027 5612
3951 5934
60 2805
2035 2523
1374 1634
2570 3182
4100 3472
1400 1665
2907 3600
497 2967
3606 4504
1704 4102
1813 4203
207 135
577 583
2421 4802
5040 6407
1835 2188
1301 1527
2002 4385
5645 7074
1023 1195
1107 1254
2650 4925
895 991
3999 4979
4156 6083
4924 6715
691 752
1342 1607
4759 6565
2429 4715
4677 6516
4128 5170
5620 7215
409 4717
1559 1864
2280 4650
80 24
1934 2390
3485 4337
452 380
3318 4113
1191 1425
1895 2307
3682 4589
209 177
4061 5092
5794 7468
3189 5385
3588 4537
1365 3762
4927 6728
759 828
4065 6012
1192 1426
3013 3746
4715 6556
348 359
3258 4058
2106 2532
2089 2580
831 901
4928 6729
3184 1860
2785 3443
5343 6854
4441 5581
5080 6458
5387 6904
1810 2170
1003 3439
7 6
3507 2343
1475 3875
938 1097
2925 3629
3730 4630
398 2822
2568 3145
3035 3774
4097 6059
2181 4616
5622 7308
3980 4971
757 3297
2545 5844
4770 6039
1963 2360
3067 3789
3096 3847
5024 6382
5236 6688
2711 3302
3206 3982
2031 4479
2468 4843
1748 2104
2209 2706
3211 3990
1219 1465
599 650
2268 2775
5720 7414
4330 6256
579 3020
5405 7134
3745 5798
846 3258
2115 2617
2440 2963
3503 4391
4733 6006
3186 3941
3020 3715
4894 6220
5460 6981
2481 2905
4621 6506
3344 4156
2241 2754
143 141
2493 4742
558 3121
2040 2526
3055 3784
5438 7165
5164 6909
4312 5407
1548 1846
4550 5749
2920 5207
2601 3180
2214 2726
1074 1288
4325 5420
5333 6844
2871 3541
354 2976
253 2752
106 2881
4898 6694
2897 1334
362 2827
4305 5402
4448 4321
1449 1746
4449 6360
267 253
4893 6222
2780 1004
2544 3159
4518 5676
428 2895
4512 5673
5368 7100
3783 4720
933 3458
690 712
5785 7452
3877 4847
3893 4808
4920 6714
4824 5234
4163 6097
1928 4340
2602 4917
3846 4699
2588 4903
1189 1393
700 550
4676 6518
4521 5682
819 882
3924 5914
4122 5168
4468 5628
1745 2086
5402 7138
24 2779
1681 2007
5023 6401
102 2836
5481 7009
474 2953
2611 3208
5660 7351
5345 6856
2329 2842
1669 1997
4680 5929
3210 3985
4763 6033
2580 3134
4368 5471
2984 3711
4092 6054
4572 5756
4362 5469
3997 3225
1619 1930
4945 6284
1212 1429
3157 3940
581 656
2177 2687
5188 6614
2203 2681
2150 4571
2355 2899
3093 3842
3913 4867
2710 3326
2696 3312
5154 6551
5363 7088
5722 7416
1226 3606
2933 5187
4195 5253
5704 7433
4547 5711
2159 2679
1954 2353
2975 1469
1459 1767
1975 2372
2691 5020
1377 1631
5749 7412
1606 1921
3391 4228
4183 6127
4565 5751
2057 4531
2976 3659
2752 3381
5241 6696
1455 1685
1361 1616
1851 2227
971 1041
1771 4160
3694 4610
2349 2711
3373 4188
4274 6200
3380 4196
867 3396
1580 1895
5491 7031
3594 4506
2015 2409
2309 2831
4137 5181
5350 6873
79 129
86 8
2967 5239
974 3496
1839 2215
1161 1392
2166 2649
5632 7224
2378 266
4974 6333
1085 1277
4138 5182
4721 6553
27 31
5790 7398
4418 5546
4157 6084
2769 3412
2191 4582
2669 3274
4241 6168
5331 6841
2694 831
5518 7066
4152 3608
4976 5541
3919 5853
1051 1245
4685 6520
2657 4892
3151 3917
5581 7281
1230 1455
37 20
1078 1143
3539 6426
4768 5994
2365 2915
3879 5818
3786 4728
3976 4931
2471 3021
4994 6784
5538 7081
4372 6283
5285 6776
1379 1648
1055 3475
5399 6911
2346 2904
3540 6427
302 2922
3912 4883
959 1088
1563 1870
4632 5831
5629 7228
4569 5747
1512 1764
5471 7000
5258 6723
2826 5110
3853 4752
658 639
486 2942
3956 4895
5409 6924
1067 1247
2781 3435
5182 6601
4141 6075
5699 7338
602 617
3251 5427
3180 3956
4236 5319
36 25
870 949
1430 1710
3627 2565
2539 3118
4413 4237
3829 4794
1120 1344
1207 1422
2584 4889
3209 3987
3711 2640
1234 3609
928 1035
3619 4507
921 1034
5546 7268
4251 6191
2494 4761
453 4749
2684 839
1883 2254
2099 2594
1195 3578
3301 5454
524 2960
5638 7325
1080 5143
3692 4574
5549 7270
934 3448
355 247
1860 2235
349 370
5444 6964
1542 1801
1162 1363
2289 2757
2415 4745
683 624
1897 2274
4224 5290
812 905
4171 5217
3021 5244
1313 3695
5053 6428
5138 6888
246 2844
2041 2527
2098 4440
3537 4403
4714 5965
1005 1067
5349 6869
5134 6512
711 768
5367 7098
3007 3725
2364 4738
4273 6203
2173 2652
2007 4419
2978 3694
3000 3717
1488 5347
2202 2705
502 477
5251 6712
203 2880
3302 6276
948 1069
240 2784
2614 3199
3200 5395
893 3391
1262 1443
3272 5437
1179 1410
2879 3558
1135 3535
4498 5660
3742 4661
5779 7447
852 913
3304 4097
2475 3082
555 3125
4851 6662
4923 6716
1049 1269
487 2962
4806 6622
4058 3395
1921 4335
4587 5784
1250 1478
5407 7143
902 3351
5187 6607
520 3089
1659 1985
3312 4105
1588 1893
2433 4818
4369 5473
3641 4523
3864 4807
1453 1758
2192 2677
2108 2533
5414 6929
3463 4317
3859 6505
3324 4126
5104 6500
1593 1902
4472 5607
4370 5474
1211 1449
4659 5865
5347 6859
3464 4354
2221 2755
518 574
3037 3778
2706 3292
4742 6007
2677 5940
2348 2912
3479 4341
1613 4025
984 1193
4350 6273
5341 6853
1746 2099
1434 1717
3207 3984
1326 1543
1 19
556 3003
2327 2867
1967 2362
277 2764
1316 1532
755 761
2408 2957
3927 5878
4294 5375
5413 6935
678 3114
3046 3773
3643 4546
5712 7369
4552 5723
2418 3038
2044 2436
657 673
3087 5313
2486 3079
5245 6702
4041 5064
3140 3866
2068 2555
31 50
855 981
158 102
4774 7141
4488 5639
4553 5724
762 822
3003 3722
4000 4950
1278 1521
2698 3322
32 36
4870 6674
371 2969
3244 4037
1065 1281
586 622
3790 5800
3066 3775
854 910
2859 3528
827 3245
1841 2195
4001 4951
541 608
5488 7217
3425 4280
3683 4586
5496 7229
1749 2088
1734 2075
705 726
5261 7016
4082 5108
1649 1971
769 806
2733 876
2957 3680
4908 6240
231 2708
1750 2089
4981 6339
318 2777
1281 5222
2550 3039
1753 2093
5379 6898
1406 1679
4813 6627
289 294
707 772
4756 6566
2096 2489
320 3022
4755 6020
1949 2365
3088 3804
1519 1796
2195 4627
1850 2218
5663 7357
322 280
4793 6070
4242 5325
197 2744
3043 3783
5559 7271
1507 1787
1666 1992
2073 2572
1004 3438
2791 5102
3050 3794
3465 4324
5640 7241
264 2902
946 1106
1457 3831
464 454
1270 3707
4042 5009
4238 5322
121 58
5801 7478
4288 5370
5131 6504
3394 4231
2861 3548
5156 6525
1088 1292
4232 6149
3604 4491
2820 3507
2043 4487
1160 1385
4222 6141
1220 1439
2783 3343
1965 4417
4601 5768
2716 3307
963 1178
3592 5678
3290 2018
2167 2666
470 496
3439 2241
4228 6154
869 976
2500 4787
5430 7159
4885 6679
3365 4184
884 851
4535 4538
2824 3520
2251 2734
2032 2424
2407 4768
4343 5435
5330 6840
2340 5763
4675 6884
3666 4549
1564 1836
2985 3704
838 919
2632 3237
1719 4120
4149 5202
1265 1396
1930 2383
784 849
3965 4922
4319 5418
276 305
1636 4043
1445 3839
4243 5321
282 2932
2405 2849
3827 5836
4830 6118
5062 6438
4886 6977
2139 2588
1273 3624
2224 2717
1535 1837
5736 7426
3154 1804
3620 4501
1110 1238
630 438
1202 1340
2030 4493
5415 6930
468 372
4229 5306
3325 4127
1011 1158
4178 5236
2094 2607
540 324
5375 7094
4871 6182
5117 6879
2373 4636
622 642
2994 5229
3321 4124
5656 7350
4952 6753
612 3200
3328 4132
3064 3808
1235 1448
2519 4801
4931 6269
724 3137
2017 2452
3221 3996
2995 5230
1596 1905
1962 2361
3706 4595
5745 7366
1249 1483
875 979
3198 3977
532 543
2449 3031
5031 6390
3011 5250
2563 3140
406 399
1441 1731
4379 5487
3295 5450
0 2733
480 417
619 646
3069 5294
1870 2245
544 2972
910 3376
3300 5455
2427 4689
3296 5451
3384 4201
4007 4981
2492 4743
991 1053
545 2973
4788 6926
4084 6052
4213 5281
1126 1314
3281 5438
3385 4202
4888 5361
5326 6836
2201 2704
335 360
5277 6763
2964 5220
994 1187
5242 6237
182 190
1094 1287
2283 2795
521 3112
351 271
2968 3610
4650 6499
3623 4561
171 183
183 191
1295 1518
3943 5881
5459 7191
3928 4913
14 55
1714 2057
3360 4183
388 2988
2380 4659
2590 3210
925 3402
5177 6592
5401 6915
967 3421
4126 5171
3481 2336
785 859
5353 6862
1443 1749
4905 6238
113 4675
2381 4660
5658 7346
4906 6995
5133 6894
2053 4438
4670 5921
3442 4299
3908 4880
3144 3916
1612 1916
35 2713
5144 6536
5383 6903
3202 5372
598 588
5224 6960
5592 7164
815 854
499 530
873 3394
2085 2578
1804 4205
5186 7145
4 1
2891 1317
926 1081
21 37
5012 6368
5193 6619
975 1015
1101 3516
5026 6384
208 221
2566 4790
2374 4765
611 3041
4503 6411
829 948
429 429
3589 4473
1605 1922
1214 1460
4406 5524
2362 2884
4631 5802
5371 7097
5797 7474
2730 4966
3593 5679
378 262
4504 6412
3813 4772
4400 5516
1631 1947
4335 4048
4663 6521
4420 5542
5456 6976
5737 7404
4424 5550
1906 2288
150 74
3238 4030
891 1007
2000 2399
4063 6000
5302 6810
3644 2589
4536 4539
2825 3521
2318 2887
2851 3441
3971 3211
5486 7213
3085 3815
978 3493
3291 2021
2122 2582
4611 5827
5598 7295
4308 5405
4296 5384
1539 1832
706 747
4298 5389
1794 2142
4166 5195
5061 6434
4174 6099
2555 3128
2337 2892
3968 4926
1947 4362
1451 1748
1470 3833
2460 5833
5569 6910
4101 6048
616 3087
1766 2103
605 3236
2999 3719
5372 6889
5579 7279
4346 5444
3925 4910
4146 6098
950 1125
4515 5675
1113 1310
200 2816
2720 5973
1298 1531
2763 5011
2919 3569
1368 3764
4211 3740
2316 4677
1650 1974
1894 2306
3574 4442
2553 3132
211 144
620 662
5556 7104
803 3248
4926 6727
344 2840
4098 5135
5142 6533
5234 6683
5754 7449
2917 1337
3025 3734
2411 4779
1215 1433
2134 2566
3988 5001
2776 5033
1577 1888
3584 4458
1994 4388
1357 1569
4539 6454
877 3320
5111 6509
247 140
2683 840
5390 7113
3484 2321
112 13
3018 3756
3027 3767
3149 3880
222 139
2537 3091
5487 7022
4554 5721
3549 4509
3430 4275
5025 6386
5199 6632
3052 5302
800 841
2932 3647
2667 5004
4310 5400
1534 1821
2557 3164
243 138
3573 5661
3529 5622
3289 5445
3340 4155
3776 6482
3112 1752
2668 5005
2955 3672
2923 3568
4081 6043
346 210
4968 6326
2045 2435
806 873
4059 5084
1514 3898
156 2834
1572 3968
5504 7234
4169 6094
1536 1829
352 272
4239 5309
66 78
76 84
3100 3859
5647 7258
5574 7137
5213 6648
5357 6874
2476 3072
715 516
3057 3788
1515 3877
4025 5988
3032 5285
1375 1639
572 559
2940 3663
3984 4897
514 536
2117 2606
4810 6624
15 2719
5054 6429
2016 2513
105 88
822 3221
3080 3814
2647 3278
4177 5228
4777 6042
2724 3330
3033 3765
5032 6404
3437 4315
2610 4939
2663 3251
5184 6603
5259 6725
1401 1675
2648 3279
2532 3073
2795 5071
3566 4461
5010 5578
907 3361
570 537
5472 7001
918 3398
2866 3547
4013 5983
2540 3063
4467 5627
3546 5654
2074 4510
1046 1198
1648 1972
4617 6477
3527 4382
2012 2448
686 3242
439 354
444 410
1884 2256
2075 4511
4182 5238
471 508
2093 2493
3355 5507
4303 5383
4762 6032
2849 3532
4624 5807
1964 2359
5434 6948
4739 6005
5454 6972
4125 5154
4458 6379
4329 6246
4381 5490
4478 5646
2947 3657
442 2961
5449 6677
2770 3401
2024 2462
906 3372
4918 6259
1903 4323
64 21
327 353
1014 1171
5758 7420
1634 1951
365 277
4046 5985
1616 1931
1217 1440
3950 4924
4124 5161
5498 7041
4450 6359
311 2917
3946 5882
3176 3965
2937 3660
3288 5446
3376 4198
1469 3883
997 1161
4915 6710
2051 2517
5589 7287
312 2918
324 193
65 51
1688 4089
5530 7249
2352 2861
786 874
1707 4108
210 26
1674 4074
5422 6613
5693 7331
4859 6667
4749 6918
3994 5936
310 2794
5528 6838
4698 6535
1231 1462
233 157
2508 468
1315 3728
3804 4747
1637 4042
1425 1664
2541 3027
161 164
1478 1777
5529 6839
3319 4115
5284 6775
134 2783
3898 4870
1420 3813
5575 7278
4738 5996
4508 5671
3228 5410
3364 5510
3451 5591
1575 1885
1988 2380
3521 5653
3714 4619
5653 7342
2656 4961
2386 2949
1266 3615
2609 552
4776 6047
4384 5486
5425 6934
5411 6928
5552 7102
5150 6547
4093 5131
1140 5164
4726 6543
5397 6912
508 2947
2878 3563
48 2732
1465 1747
929 1038
4356 6743
2818 3476
3179 3955
5256 6263
4477 5615
4737 6002
5561 7118
645 3253
4237 5323
3172 1854
4957 6758
2065 2449
4471 5609
2091 2541
5237 6979
2703 723
2819 3508
2472 2879
2488 4832
5545 7267
305 2761
4524 5692
4709 5962
5021 6381
1334 1556
3030 3747
2528 3119
2498 2873
1958 4366
1104 3494
168 105
4030 6015
553 563
2025 2441
3974 5930
2554 3142
2332 2855
651 721
2103 4472
4322 5417
941 3409
4644 5891
1418 1684
1601 1919
3428 4277
1806 2153
4891 6215
1170 3590
3039 5272
3348 4165
4044 6009
1248 3664
423 3068
4816 6102
710 767
3279 5440
1768 2106
718 3263
1989 4447
2626 4947
2465 3037
845 953
180 75
2531 5843
2026 4412
4897 6227
3056 3785
542 532
2628 4929
1997 2425
5223 6669
5183 6598
195 180
4009 5010
5004 6375
2729 3333
533 3018
3526 4375
4411 6330
280 189
490 541
375 409
2622 3235
5296 5590
789 805
4271 5352
919 1029
5571 7274
3260 4059
665 668
5344 6855
1667 1994
3073 3810
52 2788
401 387
3701 4606
2443 4735
1654 1978
333 2997
5800 7477
3022 3758
1799 2156
5116 6880
3134 3901
4107 5141
3489 4351
5781 7451
3459 4318
2288 4644
5748 7444
5436 6637
5381 7101
3224 5398
45 82
624 710
958 1092
3563 2455
4719 5961
939 1071
3016 5254
5132 6523
3497 4359
1778 4163
2899 3582
420 298
4382 5491
3530 4384
841 809
1640 1948
879 3323
2431 3015
4433 5559
1006 3488
4735 5978
1869 2247
4837 6134
307 2935
4626 6511
3635 5708
3949 4919
4429 5552
5418 6937
5502 7042
2222 69
430 4734
4233 6151
5228 6160
3799 4703
5457 6974
1891 2270
185 32
2102 2529
1227 3607
4402 5520
4489 5643
3223 5409
2620 3197
1979 2473
1335 1595
5683 7312
4085 6024
5243 6700
5338 7262
562 593
503 498
2514 4799
1532 1825
2768 5080
3959 5888
1228 3638
1708 2042
2823 5142
4901 6693
95 76
1604 1925
2485 3078
5215 6650
5244 6701
2467 5842
366 3055
4570 5742
4627 5841
1132 3527
2272 4713
1311 3697
3611 4508
3543 4433
2406 2984
2420 4687
5247 6705
2852 5119
284 288
3981 4952
2457 5832
5590 7288
5513 7244
3137 3897
3514 2363
2135 2581
3947 5935
4386 6300
75 72
3639 5700
5076 6448
3152 3919
607 587
1712 2053
2748 3360
3081 3793
744 682
3119 6684
2600 3167
5066 6444
4026 5058
2593 3025
1296 3730
5465 6993
4868 6966
1414 1691
5110 6479
1221 3673
251 248
3476 5586
3492 4348
2062 2465
4989 6783
2291 60
5149 6541
2889 5183
1805 2161
708 778
1731 2077
3473 4329
5279 6314
72 133
2307 2802
4383 5485
3090 5308
2510 497
2204 2683
3684 4591
3837 5858
5617 7301
1501 1788
3411 4249
1237 1474
3042 3782
3342 5489
4718 4984
510 4785
5593 7167
2358 2833
5403 6921
3990 4982
2072 2571
3749 4651
137 186
734 781
2435 3045
4633 6495
1698 2031
739 812
4203 3742
3653 4575
1691 2023
871 826
297 270
4201 6122
5707 7363
1824 2172
3352 4161
1350 1550
703 773
5155 6524
3395 4235
2331 4746
1861 2237
4946 6289
4266 5340
396 3058
1079 1144
5729 7394
3072 3801
4589 5801
2662 3283
716 729
1138 1345
1792 2133
426 168
5551 7269
1428 3834
5596 7289
4129 5169
4072 6038
5649 7263
1168 1398
1728 2061
1056 1274
676 697
1216 1441
587 647
3868 4862
4640 5886
866 977
2966 1442
4217 5264
4969 6325
1840 2193
2750 963
771 3249
3874 5810
1246 1490
5650 7264
4088 6036
2319 4655
782 3304
4595 5765
1284 1507
1922 2311
1364 3754
3254 4050
2848 5117
3785 5799
4584 6465
594 631
2320 4656
4281 6212
5687 7328
4148 5201
4679 5923
1944 2333
1077 1271
3680 4584
298 2770
1484 3850
695 755
3379 4209
30 44
2129 4560
2487 3115
3441 4296
261 2765
735 719
5786 7455
608 3223
4113 5163
1116 1315
213 85
5462 6990
894 3392
4354 5456
3351 5493
4723 5987
5480 7007
1272 3623
2980 3683
3356 5502
2363 2924
3367 5512
4466 5604
5555 7105
2271 2812
3010 3716
4827 6119
3024 3735
5743 7440
3875 5872
184 2750
2428 4702
3559 5647
3167 5376
389 376
2742 3390
93 126
5666 7362
2649 695
2989 1431
1105 3514
3123 3896
5189 6617
1910 2310
391 2837
1328 3727
5437 6950
2803 3465
1517 1797
1389 1671
4099 5137
1141 1365
3978 5945
1741 4137
4197 5256
2775 5037
2990 1432
4767 6035
2359 2950
3800 5783
1538 3920
4869 6183
169 2723
4785 6066
5667 7284
3894 4881
2732 3379
3743 4668
4397 5515
2446 4718
5083 5717
1638 1955
3045 3770
4486 5632
1122 1204
750 3290
5613 7201
1064 1280
5426 6945
1015 1170
872 3319
5303 6812
2077 4527
1926 2374
1300 1519
1297 1516
51 2741
4564 5733
1738 4134
2876 5139
4074 5044
336 364
2902 5158
283 265
811 932
3490 5589
4529 5685
1108 1255
4421 6338
4304 5399
337 365
2240 2814
440 184
1125 1313
2076 2443
2334 2815
3835 4682
932 1073
3079 3816
4265 3895
808 833
589 654
5197 6615
1134 1331
350 2801
5360 7095
1164 1400
441 2923
4764 6571
4865 6169
1407 1625
1775 2112
4895 6226
1932 2347
5079 6865
4070 5100
4019 4980
569 490
3887 4805
2794 5072
3633 5720
4184 6106
2807 3459
5740 7431
4629 5830
889 1011
4055 5021
4686 6529
3480 2335
2236 4673
418 382
4202 5260
5741 7432
4747 6919
3624 4505
5354 6864
2619 3187
1043 1249
2125 4563
1918 2313
2018 2451
5484 7012
2219 2753
3878 5821
2913 3566
4176 5231
5088 6462
4244 5332
3449 5566
1549 1831
1299 3692
1412 1635
5520 7077
281 276
5045 6399
2744 4996
4954 6752
3132 3900
1623 4034
467 3044
2245 16
5148 6549
3840 4701
515 3124
4417 5560
646 3252
4947 6291
1856 4298
1340 1534
3015 5255
516 553
4944 6285
2910 3597
3515 5605
4732 5999
5014 6377
181 185
448 3032
4807 6089
2521 4784
517 554
3084 3811
2361 2883
1584 1878
3733 4649
1175 1402
5611 7198
2109 4485
5606 7194
2608 492
5674 7300
5176 6585
5207 6641
2367 4697
275 217
4326 5421
5249 6997
42 42
3836 4774
4332 5423
5435 7163
149 73
4367 7025
550 538
3242 4035
155 63
5510 7237
3903 5860
4333 5424
1083 3561
2484 2897
2058 4518
4825 5235
5769 7437
239 2748
2903 3553
3601 4499
4083 5112
3986 4965
4482 6388
81 2715
2027 4411
2722 3329
1726 2070
1070 3551
2194 2695
3359 5503
4456 5588
2059 4519
859 3371
1190 1421
2771 5024
2934 3667
3256 4053
5253 7006
1045 1270
1682 2008
4022 5053
1998 4464
1581 1886
4983 6343
1373 3772
3190 1866
2558 4906
2951 5215
3731 4611
4247 5328
4465 5601
3138 3904
1180 3584
5227 6965
5697 7339
1426 1704
3547 4477
2702 4977
376 125
4930 6266
130 2710
4414 2221
1422 1701
4216 5279
2547 4798
722 789
917 1078
2064 2450
5485 7021
901 1057
2490 4858
1331 1590
3392 4229
59 2760
2480 4751
5428 7285
1859 2232
2888 3577
2753 3382
4391 5501
5217 6958
2811 3471
1609 1927
179 2751
3761 4678
2356 4669
3850 4800
5671 7296
2439 4710
201 2823
2961 3617
1257 1493
4799 6081
3977 5926
2526 4866
5048 5657
1241 1435
5678 7306
1610 1928
4394 5513
5034 6398
3675 4576
4410 5531
1866 2243
1387 1646
4637 6485
3420 4268
5445 6969
1800 2144
3077 3806
3054 3780
5505 7236
4158 5206
5016 6803
5057 6430
274 204
5440 7171
5427 7157
3528 5621
4285 6214
3634 4570
2998 3634
216 2730
5701 7401
1865 4289
1661 4062
3888 4855
4069 5094
5301 6811
670 691
1676 4075
2726 3231
115 91
2092 4495
85 99
1280 1468
26 29
3553 4446
285 287
2243 2766
1442 1715
5362 7096
5573 7136
5463 6988
1677 4076
5267 7020
3249 4046
2887 1304
2368 2921
1502 3869
623 3230
288 293
5231 6675
5447 6668
5180 6597
421 2888
2216 2746
1678 2005
3907 5875
4525 5683
1658 1982
345 2839
5584 7150
1130 1347
4727 5992
3017 3723
4357 5460
3227 5403
3757 4688
2450 3004
5008 6358
2412 4778
3059 3800
1372 1619
2223 4635
5746 7462
1433 5324
1982 4400
2603 3202
4361 6277
2725 4976
4371 5478
1152 1373
4464 5603
5597 7173
4765 5016
1399 1676
1367 1578
3985 5937
3735 4652
4246 5334
4932 6736
2403 5797
1039 3452
3622 5714
5289 6787
3916 5863
2278 2728
454 4750
1153 1374
2856 3510
2037 4434
5644 7247
5713 7371
1282 3646
3155 3936
1852 2250
3388 4225
4854 6146
5323 6849
494 486
632 599
4852 6171
139 2721
1181 3589
4541 5705
1024 1213
3234 4017
5626 7314
3838 4791
5433 7156
4452 5577
2944 3585
4917 6258
3214 5401
2001 2520
5206 6639
1176 1376
2762 5067
2945 3586
5293 6798
4301 5392
704 700
5416 6602
2900 1332
1323 1548
101 2731
1732 4130
2686 5019
4875 6673
3146 3907
4076 5118
2830 3526
3051 3779
196 205
16 2718
4302 5393
1645 1964
5706 7406
1048 1267
1413 3802
3583 4467
4684 5946
2692 4932
380 2819
4407 6319
278 223
882 3313
2276 4645
2792 5065
2142 2592
5588 7286
4664 6507
5121 6877
4682 5928
1522 1819
1653 1976
2371 4726
1410 1651
1493 3909
4234 5307
262 4696
564 485
5560 7108
5037 6828
5654 7344
961 1114
3101 3864
5541 7091
5275 7030
3696 4602
3405 4233
1737 2082
5655 7345
3354 5498
3616 5691
125 2792
5483 7011
5105 6501
3366 4200
4703 5971
3266 4066
3333 4139
3044 3781
4008 5977
4576 5759
5389 6908
271 2971
634 718
1423 1702
4439 6362
3987 6528
3960 4943
4814 6610
1570 3980
5268 7214
3575 4443
1598 1909
5395 7116
4938 6739
4262 6202
1854 4269
802 746
5235 6978
3876 5871
2579 4803
1940 2341
1305 1547
1269 1503
4758 5085
3427 4267
3544 4480
5637 7327
1602 1914
1739 2096
5400 7124
2640 3215
4476 5614
849 946
3989 5002
2398 4685
1411 1697
702 774
2311 2876
3362 4176
258 2948
2613 620
3983 4946
4426 5551
2090 2540
1456 3832
172 199
1628 1943
990 1074
3801 4732
3935 5866
3851 5809
4840 6643
5307 6816
3552 4420
3038 3786
2926 3642
1641 1956
618 3160
3060 5310
4556 5748
4964 6315
194 2768
5052 6422
3049 3776
4292 5381
4015 5947
2171 2637
5162 6568
309 2769
1675 4073
5126 6508
5517 7245
5610 7197
4416 4254
1752 4151
4791 6594
186 67
5295 7046
793 3318
413 2913
340 4723
2565 3150
450 3099
1990 2417
3199 5390
4689 5952
5624 7220
3250 4047
3075 3812
3278 5439
3397 5536
273 2875
4131 5176
424 3046
3273 5436
5514 7063
1754 2094
1709 2048
5625 7221
5692 7333
5682 7383
4005 5966
1547 3946
669 671
4103 5152
818 3340
3764 4708
2215 4663
2097 2490
3803 4719
5328 6846
3818 4783
4724 6534
4006 5967
673 3227
4385 6302
5009 6361
2757 5030
788 804
385 96
1183 1394
1529 1833
3255 5426
1159 1355
5664 7358
5260 6726
3361 5508
674 3228
760 834
1776 2124
3915 5856
5482 7013
2402 2965
3931 3100
493 2927
4154 6092
2110 2538
1802 4204
3327 4133
2839 3491
5490 7023
5595 7168
4442 6363
937 1096
2734 3378
3522 4402
5385 7111
2970 3653
4683 6530
2809 1091
400 4714
3487 2326
3222 4002
1625 1937
4862 6177
954 1118
507 419
1832 2201
1263 1497
4951 6754
3275 2002
916 1079
4948 6290
269 172
1837 2210
2754 3387
1868 2246
2646 4954
3408 2203
5431 6947
4660 5899
1370 1629
3561 4422
2021 2408
4307 6235
5100 6478
977 3492
2190 2644
47 34
5312 6821
1038 1235
1633 1953
4941 6287
1924 4353
1986 2405
1890 2269
2523 3060
3068 3799
4144 5188
374 2854
3736 5766
5209 6645
2088 2482
2883 5148
5607 7193
1058 1276
832 3350
2189 2661
3848 5854
4114 6056
5015 6380
1358 1618
1462 1760
3143 3905
2782 3400
1931 2384
1557 1857
1793 4171
3462 2287
592 3170
4978 5545
5619 7212
3557 2470
1321 1504
3918 4907
4669 5912
4438 5567
697 776
5190 6604
4892 6221
4286 6219
3240 5414
1121 1312
1378 1644
2250 2735
567 484
3962 4941
4605 6480
5294 6806
4748 6555
2259 2817
4519 5680
1438 5329
2946 5186
3458 4308
4218 5296
3406 4234
3787 4733
2004 4470
2987 3676
4902 6231
5141 6527
4666 6513
1849 2213
3446 4303
3128 3894
1012 1159
4033 4999
5092 6467
1553 1865
1803 4195
880 1027
2595 3162
4317 6703
2894 3575
3404 2192
5291 7052
2314 162
4846 6164
1867 2238
4593 5816
4979 6342
3505 4365
4844 6133
4165 5203
548 505
2157 2668
3909 4885
1210 5205
1537 1790
3141 1791
1444 1755
752 856
2343 4686
3718 4605
5145 6545
2738 3384
666 677
942 3380
2137 2629
687 756
641 701
753 823
2847 3530
4940 6742
2453 3061
62 71
1166 3576
256 236
136 2806
2898 3557
1773 4158
449 2943
116 132
363 2838
481 418
2335 4748
2586 3193
3070 5295
2929 5211
4588 5772
3969 5941
2715 4972
5276 6757
5271 6288
2095 2590
4867 6181
5795 7473
1993 4395
1886 2263
3421 4264
3311 5465
957 1075
1382 1643
698 3116
5760 7393
4782 6065
4652 5895
4802 6085
294 249
402 330
2798 3460
1875 2252
5477 7205
3316 5476
725 652
2020 2410
395 3057
742 670
386 2982
836 941
1254 3613
5703 7359
4510 5667
699 3117
4996 6782
5583 7365
1790 2129
2644 3270
4653 5896
500 220
2046 2534
2033 4457
1376 1572
3595 4484
4502 6835
4071 6037
821 3239
947 1065
2127 2550
3902 5861
5648 7260
4560 5732
5519 7246
176 33
2290 4691
2384 2890
4972 6334
2658 4891
4645 5892
5774 7442
903 1033
3991 4991
3510 4379
2996 3713
1836 2189
1333 1540
1607 4010
5067 6443
547 470
1811 2169
4712 5976
3315 2045
4105 5134
790 887
1976 2364
1050 1275
250 2756
347 2934
1327 3720
4585 5773
4752 5986
3957 5898
4722 5982
2695 703
3323 4121
1562 1871
5356 6867
2633 5916
2680 3291
4769 6577
360 369
5582 7149
5554 7103
5461 6989
2086 2579
4563 5718
1440 3858
3293 4091
2625 4869
3074 3787
293 201
3454 5595
4161 6096
4522 5701
2178 2685
220 4731
989 3422
4929 6267
3845 4769
2182 4612
1167 1294
3457 4313
4115 6073
3357 5506
809 872
343 233
4842 6658
2784 5074
3498 2332
2761 5012
5129 6892
1788 4177
4257 5343
4474 5610
684 3220
328 241
1345 1581
4479 5617
3347 5494
3570 4424
5494 7318
3375 4214
813 879
1292 1530
2180 4596
1620 1932
443 386
1781 4170
966 1151
456 396
5757 7419
2185 2641
3182 3963
316 344
4506 6418
638 3096
2390 2789
5497 7040
4422 5547
1330 3759
892 1008
1885 5564
2170 2669
2693 825
3187 3942
5609 7196
1914 4370
4263 5339
4818 6625
5727 7396
4403 4213
3150 3911
2675 3300
3133 5338
3416 4266
5500 7045
3246 4039
2028 2423
2827 1047
643 3217
2864 5126
1892 2299
4513 5669
5398 7133
617 3088
5001 6789
4890 6218
2455 5829
4697 5939
3282 5442
4409 6324
2265 4694
3062 3796
644 3218
3533 5659
3652 4541
4618 6492
1243 3605
4786 6591
4903 6233
4080 5107
427 2871
2924 3596
4355 5453
5055 6433
3317 4112
2636 3195
5690 7332
792 3250
2080 2479
3368 5511
4517 5696
4017 4978
5739 7425
5046 5663
2973 3701
1656 4061
969 1167
1756 2097
2003 2407
2196 2696
3860 4804
3716 4583
4018 5028
1071 1124
770 5968
648 3203
5478 7008
3145 5359
3565 4437
3094 3836
2303 4729
1032 1265
1672 2000
1066 3467
248 100
1208 3583
2525 2930
4534 6442
2641 4884
1059 1263
1396 1673
5639 7239
1896 2267
3456 4316
4833 6129
4034 5047
1042 1248
4089 5125
501 3000
188 134
1767 2118
189 23
5109 6487
1763 2114
976 1014
2797 3433
1592 1900
3769 4722
1283 1520
3103 3824
5238 6692
1102 3515
709 779
3811 4712
535 519
4038 6018
114 2772
4883 6199
4256 6197
4282 5367
2991 3675
2904 3587
2743 4995
3444 4307
3450 4338
4638 5826
5364 7089
3169 3951
2078 4526
2799 3437
862 966
4095 5133
4135 6076
2821 3511
2260 2825
3854 5806
2877 5138
132 2828
1830 4250
3378 4192
2055 2446
878 984
5501 7044
3170 3952
4537 5704
5662 7280
3353 4162
1148 1282
5205 6640
2935 3581
1935 2339
2760 3364
1589 1907
935 1098
5708 7364
4623 5813
4619 5855
3127 3886
1025 3449
5764 7430
4872 6671
2063 2456
1694 2029
1567 1868
5211 6955
2664 3287
242 2841
2218 2743
3739 5776
4971 6332
780 842
2573 2983
3812 5819
527 571
3431 4281
4642 4871
2207 2722
2083 2567
4527 5686
766 623
3115 3876
2865 3538
1341 1604
5320 7071
3233 4029
4272 6208
241 179
606 3051
1724 2068
5651 7265
4591 5792
4740 6548
3501 4356
1236 1486
2208 2709
3567 4462
656 660
4753 6561
4481 6387
2713 3346
2389 4672
5537 7080
108 115
57 2808
1093 3495
4551 5737
404 106
714 4894
560 577
69 48
1833 2191
2582 3176
5139 6531
4635 4788
3097 3840
3496 4350
4240 5318
3963 4948
373 3050
2 7
2509 4840
3517 4374
3797 5771
649 658
543 570
4568 6455
1362 1623
432 2857
3899 4878
1458 3857
2850 3533
4744 6560
962 1166
3092 3841
5406 6925
2354 2780
2766 5096
1499 3879
5074 5731
1566 3949
2638 5902
4963 6768
5058 6445
2404 4690
3181 3961
3019 3755
1187 1384
2237 4640
1528 3926
1747 2101
2383 4795
1978 2373
4507 6421
3820 5778
1829 2198
3410 4252
3336 4146
3110 3863
2118 2556
1608 1926
1019 1179
5734 7402
120 3
3531 4441
4320 6245
2287 2793
2200 2697
5041 6405
1256 1492
3966 4937
369 254
5246 6704
234 211
5728 7397
2119 2557
4087 3461
3499 4371
3535 4399
4904 6695
810 862
1680 4078
4311 5404
1689 4085
3668 4554
5614 7202
2169 2651
956 1052
5759 7392
5099 6481
3610 5697
4636 6484
483 3074
167 2820
412 2914
1477 1771
3098 1689
3973 5931
5019 6389
5365 6878
1679 4077
1383 1647
4068 5093
1902 2289
986 3436
909 1036
3477 4327
5689 7329
1089 3483
4734 4987
1255 5214
99 2832
5000 6352
334 348
1351 1596
2479 3080
987 1134
5262 7018
3243 1941
3506 4360
626 3178
4899 6232
3883 5907
985 1190
5392 6906
3082 3819
3597 5670
5698 7337
4491 6413
4610 5794
1508 1785
973 1150
3849 5839
1660 1986
5093 6466
2301 2797
1454 3825
4831 6125
4029 4997
3474 4334
3268 4067
1791 4180
2676 3222
3461 5576
768 764
4717 4983
2679 3268
3185 3932
4933 6738
3292 4090
1941 2342
4024 5059
2187 4600
3104 3852
3173 1855
2597 3198
1872 2242
3712 4617
772 850
1288 1437
2618 3138
5668 7368
5106 6875
631 595
1630 1945
2712 5036
4351 6274
1468 1757
4245 5333
225 2866
3755 5790
2833 3524
4613 5803
2979 1489
415 342
1952 2376
3993 4969
2141 2621
2499 2874
2806 5097
3415 4259
1156 1358
1699 2035
1626 1939
1877 4295
2511 3067
943 3388
3703 5753
4300 6228
3166 3950
5731 7400
2056 2478
4437 6350
2911 3598
4942 5480
3225 4009
300 197
1318 1559
998 1160
3116 3878
3858 5814
3226 4013
152 152
437 206
1758 2090
3970 5927
860 922
5204 7160
751 808
301 198
1814 2163
5507 7056
2551 3166
5194 6608
680 680
1306 1494
1047 1266
4616 4767
3390 4216
3095 3829
4047 5079
4879 6680
5143 6526
3558 4431
1294 1517
538 3001
3816 5825
1655 5434
2447 3042
3004 5233
1232 1461
615 649
5192 6609
3723 4620
2104 2500
5060 6437
2369 2773
4387 6304
2146 2599
747 685
2682 3224
2477 3053
1205 1409
4993 6786
2952 3681
4365 6281
3671 4540
1576 1884
1685 2013
3737 4671
1084 1284
2786 3419
3798 5795
219 224
1683 2009
2426 2990
46 83
2210 2749
1072 1278
5369 7092
3099 3849
221 4730
1184 3565
3204 3978
4834 6629
71 2716
4847 6663
1029 3446
2816 1176
447 2894
342 2939
2977 3684
844 3277
5394 7115
1267 1501
1275 3639
3329 4136
888 998
4264 5357
5202 6631
1545 3922
2395 2945
4864 6179
2347 4739
1268 1502
2681 4989
1259 3612
5382 7110
4205 6131
4796 6596
3337 4148
165 118
5564 7123
1755 4149
457 3069
3809 5769
5420 7283
2953 3666
2687 5018
1165 1273
3822 5780
692 483
2397 4684
2892 5149
1595 4014
5719 7377
3795 4755
1353 1609
2184 2642
3810 5770
3175 5369
828 3344
5352 6870
2496 4842
4179 6103
3880 6491
3669 4555
2231 4676
5646 7254
5274 6295
1530 1826
2746 3377
4181 6628
2581 3163
3982 4953
22 5
1182 1387
2302 2807
5049 6417
4451 5579
4681 5942
3121 3856
3794 4736
358 297
4826 6108
3298 5457
580 517
765 3194
2326 2809
2469 4829
4639 6489
2840 5116
5286 6778
1718 2064
3613 4556
2562 4886
5466 6994
5269 7026
723 3151
3253 4051
3493 4349
2174 2680
1154 1391
573 618
20 2736
5087 6461
1513 3908
3363 4194
173 187
1473 1724
1402 1680
3443 4301
1936 2330
4812 6941
2019 2427
2756 5029
1075 1127
3961 5932
3028 3763
1115 1316
1403 1681
1946 2346
1238 1447
4443 6364
1098 1233
10 49
1948 2349
4781 6058
3609 4496
135 128
5563 7119
217 4727
552 557
763 786
584 663
3220 4000
2491 4759
3471 4333
5122 7090
2869 3559
1629 1942
3705 4615
82 53
394 3052
1503 3881
3341 5492
585 664
1222 3685
3330 4144
1583 1898
3631 4520
4267 5341
603 629
4960 6765
5665 7282
5730 7395
4530 5699
1632 1946
4487 5638
575 606
4956 6298
5123 6486
1151 1356
1723 4118
1429 3835
2972 3656
2445 4700
2154 2623
3313 5467
3419 2220
1916 2294
3309 5463
1586 1903
4318 5413
4967 6318
4641 5887
2220 2782
4306 6234
1369 1628
1844 2219
5455 7183
627 597
4020 5043
5166 6572
1111 1303
299 2868
4446 5572
1985 2404
2778 5073
2522 3059
3509 5633
923 1090
3111 3871
5685 7320
5282 6336
3673 4558
436 345
5509 7059
2339 2869
2011 2415
2473 4826
1710 2047
3599 4466
3626 4562
2948 3670
2672 3280
2576 3008
3921 4887
2875 3550
3940 5880
5686 7321
4516 5674
4290 5382
4977 5544
814 3257
4586 5774
2022 2422
33 47
146 2852
4160 6091
2079 2480
5771 7460
4877 6180
5140 6900
825 742
4884 6188
2645 3229
3286 4080
4731 5990
244 2714
3777 4698
773 845
4096 5105
4998 6792
3580 2577
1124 1343
4696 4958
3002 6109
3447 4304
4193 5246
4127 5151
43 2725
3203 3971
2518 3034
1772 2122
4248 5331
4359 6279
5616 7010
5587 7155
356 239
163 181
2918 6087
1381 1656
2279 2864
463 426
930 1108
904 1059
5789 7421
1253 1482
4054 5022
3740 4681
3322 4128
4779 6055
390 95
3834 5851
1081 3485
3409 2202
3192 3937
1900 4320
5322 6845
4543 5710
5152 6552
1556 3939
5451 6967
2986 5245
2642 3219
4106 6071
5391 7114
1495 1783
5724 7380
2585 3192
3338 4150
2038 2547
528 444
920 1082
3685 4566
732 785
3076 3805
777 3295
3576 2474
5198 6107
1715 4111
326 335
3130 3889
1304 1549
3650 4578
1017 1230
5210 6956
1880 2262
1143 1378
4338 5429
2936 3630
4064 6001
5226 6665
4295 6224
1344 3733
1041 3546
5508 7238
1898 2282
1030 3456
4145 5193
5342 7083
5318 6409
4604 6475
491 2940
2906 3599
5512 7060
5039 6406
4887 6216
425 432
1307 1511
981 1129
4462 6818
5524 7068
383 2979
1497 3861
3934 5917
1286 1510
4207 5284
1352 3745
1172 3572
3598 4468
511 510
5136 6522
319 2778
157 2747
3612 4486
1646 1968
1558 1863
1777 2117
1194 1423
1555 1859
4711 5975
4425 6347
5767 7458
1911 2303
5641 7240
5787 7454
5694 7335
5115 5828
1642 4052
576 569
1848 2209
153 93
4760 6022
4375 6293
3654 5712
3053 5292
2323 2860
5469 6999
4360 6745
1033 1194
224 227
1127 1351
730 797
1028 1185
331 371
364 226
5218 6954
4533 5698
805 3353
1271 1414
4789 6063
1984 2379
1770 2120
3699 4608
1119 1325
2452 3062
2777 3411
2391 4695
3194 3969
5386 7112
636 3196
2111 2539
255 219
2755 5008
306 174
1822 4226
5113 6882
4797 6077
2211 2729
5621 7307
2538 3143
4198 6140
1431 1657
2299 46
3569 4423
3120 3844
2838 3500
1945 4396
721 3135
5432 7154
5725 7381
3541 4425
1291 1529
4500 5649
5511 7053
2036 2522
4571 4585
119 4
1622 1936
2717 3335
561 594
1324 3729
4523 5694
484 455
951 3424
639 607
4399 5522
5006 6373
2529 3064
1021 1214
3614 4552
3995 5948
1594 3989
4297 5388
4609 5804
