2334 4673
5523 5114
3292 3700
6011 6980
1779 2093
3653 4099
4543 3389
1092 3372
3294 5223
5576 6685
5859 5684
1671 4039
1759 2072
422 644
4609 5910
1625 1914
4461 4822
6256 6473
5891 6959
161 245
3684 4142
195 194
932 4873
1800 2120
1088 3403
5408 5907
6565 7486
3901 4356
6608 7464
201 201
4566 5024
1193 1442
5671 5413
3754 2143
5825 5649
3923 2332
577 801
4742 5203
685 702
4718 3661
2794 3072
2129 4526
2820 3168
4638 6584
2614 373
3062 5940
1997 2388
359 4688
1189 1228
4057 2424
4056 4442
4052 2422
5356 4794
2363 52
6685 7459
1437 1752
533 528
318 182
4603 3463
983 4956
3037 6575
1824 2159
4973 5493
5720 7111
3044 5896
2915 864
233 279
3166 3443
3091 4982
5494 6627
4734 7012
326 361
1262 1405
4907 5434
5335 5857
5252 4584
4996 5513
2235 4649
3007 975
6391 6257
1323 1564
4836 5385
4956 5486
5495 6628
1339 5196
6491 6923
891 3194
2671 3025
2172 2446
875 454
6574 7268
4028 4405
3656 2035
5665 6261
4601 894
3837 2239
3374 1620
1163 5055
3909 6458
3231 3674
1850 2160
3965 4385
5602 5279
1134 6057
5500 5040
1851 4195
4531 5870
4774 1605
6117 6278
1004 1173
3854 2283
3930 2335
4210 4657
1401 3764
6659 7249
1113 5037
2305 2643
4623 5062
6119 7096
6578 7102
2877 3242
4476 3210
4685 6617
4409 4763
1346 1661
6293 6569
2569 2799
5546 4986
5844 5665
1059 3264
4666 1215
5979 5969
417 359
3177 6042
4157 5796
5175 6933
878 1017
5722 7110
3695 5506
5203 2458
5674 5422
4287 4761
5422 4923
1848 2180
1972 2300
5930 4855
5018 4185
6143 6309
6656 7440
4903 6269
1392 1694
5219 4494
2191 2461
5338 4813
3620 1979
5698 7101
1086 3331
3251 3722
1186 3549
5457 6011
355 2733
1566 1852
6474 7162
4605 5109
3128 3585
4090 4436
6726 7518
1536 3929
3498 3867
3825 4267
5583 6115
2222 2588
3790 2202
3188 6046
761 541
2884 3266
6387 7368
6375 6732
3082 3551
4777 3759
5995 6590
2449 2774
2510 2847
5127 6927
4721 5231
2281 6530
6185 6361
2516 260
1610 1915
3187 1374
3542 1868
4147 2526
5004 6325
1345 3755
4373 451
4821 6717
4415 3087
3325 6110
6501 7195
6561 7251
2264 2673
2801 460
6731 7375
5762 5570
2527 210
260 107
4906 4029
3851 2265
4859 3959
4374 4748
4622 6578
3224 1459
3960 2347
3442 1767
3108 5986
5871 5722
2143 2570
5672 6259
4908 5435
1190 1452
5102 5612
6085 7081
5556 6103
1762 2075
1744 2058
5438 5968
834 1043
1522 3912
2951 976
4687 5187
1901 5603
1614 6249
271 2870
4714 5220
5880 5713
111 4
3877 2295
5079 4315
977 3369
5641 5360
3056 5901
4758 3753
471 643
4341 4729
2059 2380
5676 5415
778 896
354 277
5298 5855
3844 4287
4426 4840
6043 7232
6424 7292
4595 5036
1073 3453
3302 5193
3538 5357
4696 5182
3738 5528
5021 6344
889 5914
1792 2117
6465 7147
3564 1884
855 4802
4643 3576
2940 3299
870 3456
3005 4774
4842 6709
2493 2832
295 120
5740 7122
5280 4706
2970 3333
2660 499
1641 5427
5570 5219
4916 5438
4983 6317
2748 2796
4037 2412
4694 1292
3090 1262
1077 1343
6734 7382
1247 1483
4588 5016
6609 7134
884 1165
5513 6032
1277 5139
1216 5112
4396 4785
4984 5501
2994 5878
2 136
2840 798
6252 6468
536 759
4808 3853
2564 2858
3229 3645
3185 6034
3237 1476
6809 7545
4938 1985
630 726
2476 2848
1799 6331
3510 1858
6159 7117
6279 6961
4372 6568
668 4736
3625 1988
6127 7278
1095 6037
2667 450
1342 5208
113 156
898 1124
5761 6350
5053 2228
4043 2431
6569 7092
4614 3460
2806 788
1590 1891
105 22
1343 3693
5984 6607
3171 1321
4107 2465
334 176
2938 3357
2344 119
5541 6998
6683 7395
5503 6016
5143 4398
3828 2242
5771 5580
5651 6739
2246 4631
6508 7202
5518 5108
2913 725
3589 1920
3085 1231
2629 4791
600 647
3782 5585
4604 3462
2699 3113
3803 4290
257 234
2948 3373
3652 4100
1916 2245
2832 329
2912 4891
5604 5272
6687 7403
6460 7311
799 986
5818 5626
3910 2313
2554 336
6622 7149
4473 3265
4993 4145
1084 1316
6236 7326
3015 3398
6709 7164
5528 5106
4707 5190
4388 4817
6082 7039
1650 4021
1135 6056
1704 2001
5506 6579
241 74
4048 4523
3419 3882
282 484
3433 1750
6106 6235
522 423
493 575
1783 4163
49 63
5042 6359
5465 6008
349 498
3256 6080
4676 3603
2828 3271
2463 2873
3095 1271
1043 1244
5442 4973
5625 5337
4736 3730
4293 2883
3866 2282
3002 5838
919 1082
817 903
4658 5134
4889 5419
4006 2408
4893 4020
786 4714
4914 4042
2652 2980
3761 6850
1903 4300
6791 7512
2612 4804
868 1034
188 57
5976 6565
4154 5799
5040 4210
4915 4043
5551 5161
5317 4807
6166 7300
3511 1860
1509 1730
5695 5445
5635 7080
2174 2628
6212 6407
5727 5497
2684 2906
5019 6356
6187 7138
6255 6476
1358 1616
1133 5050
3942 2342
6229 6906
4686 3600
6810 7504
1713 2010
4954 6302
1710 2006
4353 4741
2589 2944
5485 6019
2897 4959
384 365
5425 5945
2416 195
2769 544
196 436
2095 2515
2304 2644
2814 600
61 242
3967 4393
3197 3582
345 255
1304 1398
3239 1464
3552 1876
5166 2417
1751 4132
585 835
1123 1330
2537 2897
5013 6340
1948 2246
4627 6577
5990 5975
3428 1647
657 758
6686 7460
6097 6718
1414 5259
5878 5721
5001 6330
4653 3448
5774 6364
5584 6120
6196 5613
3489 6203
2894 4777
2955 3408
2791 3032
613 3363
1615 3975
3257 1471
6427 7383
4645 5130
2792 3013
3457 1784
880 1029
4933 4076
3570 1902
5821 5632
4641 3501
5456 6012
6494 7338
5688 5437
2704 560
631 619
122 90
2542 2820
3386 1631
3420 1726
4523 5034
4659 6033
2313 2686
5264 4577
4704 5209
5581 7013
6564 7367
6314 7211
4560 6597
1500 3848
4710 3670
1344 5210
3100 3568
2315 2692
1094 6038
3135 1295
5466 5011
2630 2878
4855 3908
5626 7083
5670 5412
2707 3014
3391 1673
178 246
6671 7279
1817 5537
3687 6320
6381 6744
1408 3781
781 833
236 276
481 642
839 4833
5630 6194
3940 4376
557 707
922 1088
6120 6266
317 181
3461 1757
5796 6888
6690 7302
588 847
5260 5808
5193 4449
5585 6651
5474 5030
640 2811
3385 3820
2900 877
4581 3469
1734 2050
3815 4278
2619 386
6046 6146
3408 1714
674 474
6245 5683
2906 813
327 486
4955 5485
4346 5875
4440 5837
3067 1039
5014 5538
1009 1104
2322 2691
6347 7227
1231 1426
2556 2809
1129 1389
5059 4268
6717 7357
3013 3464
6453 7315
6428 7114
4325 3028
5003 4158
4719 3658
3023 3384
5547 5137
5649 3935
4387 3041
2764 685
3939 4361
6146 7109
4708 1378
981 3316
5337 5828
3742 2137
750 2765
1752 4133
448 316
4427 4894
5673 5393
6036 6125
2974 882
792 2968
5062 4280
2876 3241
2040 2358
4525 4953
2434 2953
6108 6725
2899 3381
6534 7353
1000 1176
3550 1883
6173 6830
1789 2123
5840 6439
824 1030
2731 346
1693 5453
4881 4010
6507 7204
78 163
2034 4472
2489 285
4074 5750
4568 5915
1643 6274
3024 3461
6340 7429
6556 7070
3573 3985
2380 68
4784 3804
3994 2410
1026 4990
4506 3248
157 82
3676 4131
3263 3724
3045 6560
4403 3116
599 653
1463 1766
6816 7468
2217 4638
2182 4571
1491 1771
4456 3161
3765 2177
1565 1851
5607 5283
1273 1515
3739 5558
5917 5863
5538 6072
1897 4326
6122 6281
3409 3866
1016 3605
5954 6557
933 4874
5760 6347
6644 7476
5918 5864
617 657
312 192
6326 7019
2903 781
1226 5093
300 175
6576 7276
553 824
5410 5884
3892 2307
1539 6221
3900 2315
2509 2846
4580 5869
1599 1900
5170 6440
4597 1070
2465 235
247 132
5752 6841
375 432
2291 4666
5171 6441
945 5056
4904 6268
405 283
6133 6802
5105 6432
3462 1758
1387 1691
2677 513
3458 3944
6035 7233
818 902
628 741
6368 6716
6529 7218
5323 4721
4756 5120
3304 1526
4689 1216
4690 3616
4419 5818
2627 509
5311 4712
5452 6006
3559 1895
4940 4082
5430 5923
2216 4556
4868 6244
5965 6589
5007 4159
923 1190
1340 5197
4865 5390
2934 939
3980 2371
4781 3835
2923 806
734 910
1813 5530
707 863
641 2823
3627 4070
1385 1678
1369 1667
814 2966
736 2925
5550 6637
6545 6689
2773 3256
3104 1278
6126 6787
3260 1507
2774 3257
1464 3873
6689 7463
3649 2018
862 1023
4779 5275
6396 7097
358 416
2389 2831
2882 4724
4888 5420
4494 4889
940 1177
1147 3435
5431 4972
6153 6811
4818 5314
4496 4978
5683 5425
2611 4805
5966 5996
5406 5942
2548 2793
1731 2049
4918 4045
4587 5015
218 56
4691 5997
4655 5122
123 225
4919 4046
3524 1812
1784 2104
4747 5249
328 180
3431 6190
5548 6099
1404 3832
6343 7029
2947 6546
3626 4087
2543 2819
5061 4271
5086 5608
4682 3641
2721 3063
4733 6071
3751 4196
1683 1977
462 344
941 640
1725 5482
5750 6838
4599 3497
1334 3791
4574 3442
5349 5885
6592 7112
1537 3930
4135 4634
5521 6564
5816 5634
248 133
1611 1916
2088 2389
6681 7388
6096 6230
5224 4491
5420 3283
3283 5228
3143 1205
1697 1998
957 1113
2789 3270
4229 188
1843 2171
1278 5138
1400 5252
5582 3684
2954 3318
3253 1461
5270 6532
1863 2188
5517 5107
2433 169
6383 6748
2745 3099
1879 5586
4498 4922
6517 7215
4937 1976
5994 6022
827 916
6378 7072
3856 2277
3752 2161
5151 4413
1766 2081
4834 5356
6520 7216
3011 3454
5524 6965
5522 6625
4522 5035
388 320
4326 378
1282 1525
1220 5125
5464 5833
1024 1117
4759 6658
2194 4593
4778 5313
2183 4576
1083 1315
3843 2247
968 831
6269 6493
2999 5851
4507 3335
6708 7163
2669 517
5368 5906
3840 2244
217 353
3729 4177
5573 5214
284 284
836 1035
6555 7244
6482 7177
408 303
545 675
2175 2550
2083 2387
299 302
2852 3195
2939 3326
999 1102
140 91
5789 6878
4697 5183
4884 6747
3293 3780
5856 5676
4516 3247
83 38
3310 3708
3207 1429
6478 6443
4370 4852
4198 2566
6742 7413
5370 4930
2959 823
2986 5891
3553 1888
728 4692
4397 3009
4849 3948
4633 5103
1676 4061
2786 3148
3491 1755
961 3305
4841 6182
6063 5264
831 978
420 409
3308 1411
2752 3055
6658 7442
982 4957
2697 2941
807 1018
3016 3393
5756 5544
5424 5937
3670 4127
1333 1379
5039 4209
3316 6089
280 114
6725 7513
2747 3128
4273 2815
5414 5954
3488 1811
5631 5349
1098 3629
2622 350
5454 5988
4084 2434
2206 2613
3285 3701
972 1168
4364 5872
3032 3279
5455 5963
6551 7243
1252 1521
766 899
6276 2707
4180 5781
2560 269
316 217
5199 4456
6774 7458
6614 7406
4827 1732
3569 3962
419 374
3763 5547
1887 4239
5189 4451
2998 1050
252 2931
301 174
2089 2390
848 3502
6382 7085
3319 1531
6345 7015
5706 5459
3966 4392
5398 4895
4309 4735
3246 1447
2807 789
155 44
4282 4731
1222 1498
1117 5022
4359 2919
390 658
6151 6810
449 323
2544 2937
5393 4900
4526 5003
4400 4767
5413 4955
5180 5679
6128 6301
6310 7000
3916 4355
2729 2989
2816 742
4475 4897
4156 5797
489 624
2728 266
3785 4244
5232 2539
4912 4044
3147 3592
1354 1659
6433 7396
4329 4758
2963 3337
3250 1512
1180 1386
3522 5386
3451 3921
1194 6059
3021 4825
5603 5280
4869 6752
2300 2698
2703 2845
5108 5621
2770 543
1266 1487
6722 7363
276 2899
3331 5170
361 263
2824 4964
1225 5094
3871 4336
3352 1650
5826 5648
285 389
1815 5536
6294 6570
1822 5543
5188 4435
6332 6666
508 408
4430 5815
4061 2423
3150 1326
5890 5747
6650 7351
2985 5886
3158 1335
4830 6700
592 586
2781 622
3066 5021
2478 144
499 2973
3381 6154
6361 7438
2145 2565
4761 5274
5227 4497
2338 2723
3579 4034
1953 2254
3357 1619
4502 5953
2724 3010
5453 6563
3744 2175
622 701
4508 4933
3891 2319
1311 5163
2192 2462
5504 6967
466 567
3303 1527
1245 1457
4521 703
6695 7308
4435 3237
2969 5836
3776 2232
4724 3679
6052 6153
6064 6699
812 3503
731 878
3336 3829
3346 5225
1829 2201
3392 1708
6031 6675
842 4827
2950 977
3455 1709
4613 5868
3736 6345
5993 6629
329 253
5087 5607
654 852
2805 3100
6495 6931
5824 6417
6666 7493
182 2743
1397 1687
1093 5041
6017 6649
5372 3163
2517 261
5950 6556
3833 2240
1812 4188
2826 3216
1711 2007
3955 4381
1821 4205
4358 2860
6590 7294
1096 5048
771 836
197 437
2573 220
1394 1639
3898 2321
635 2798
447 315
4844 6715
6723 7430
2608 2917
6162 6324
1102 5058
5739 7124
6601 6845
6654 7433
3051 6001
1544 1841
4673 5148
4660 6606
65 173
3492 3902
1244 1481
3030 1002
4767 5296
939 3269
871 4854
1919 4320
970 3588
151 259
87 53
4339 4793
4705 5211
2733 3046
2838 3150
715 917
3774 4275
5639 7066
2412 291
915 4857
3630 6790
4000 2392
5834 5652
5606 5282
775 795
5610 5290
4618 6559
6452 7317
4489 4848
3565 1885
2376 39
6239 7176
3809 4256
3878 2301
1878 4293
2988 3355
3390 3885
5354 4905
2503 2920
145 238
1568 3901
5241 6951
2037 2359
772 3347
1322 5171
1662 1963
4073 2435
5029 6852
3688 5504
3422 5303
5223 2521
6632 7169
5030 5571
3546 1877
6316 6640
2260 2549
679 844
3113 1288
5561 5144
2565 2859
5334 5858
6013 6977
5666 5398
6533 7224
6694 7407
4412 4826
5809 6418
4723 3676
1341 1592
1699 5464
863 1057
3347 3675
4875 6226
3957 4374
1081 4996
6259 6477
4832 6208
2215 4555
5191 2481
126 45
4876 6227
3928 2328
5063 4273
6577 7275
6048 6148
6348 7228
6595 7392
6273 6496
6426 7295
6215 5642
6308 6987
187 10
76 190
6201 6388
216 354
3482 3968
2632 294
2168 4595
3876 4340
3784 5573
2874 885
6309 6988
2268 4628
2534 2844
392 3024
1722 4101
8 23
6419 7455
3639 2008
5327 2928
4926 4063
2137 4511
4962 2056
3118 3226
4854 5343
4096 4447
2068 2374
6744 7472
3669 5489
1349 5298
4276 2862
4997 5510
2735 4726
1872 2200
3648 2017
5058 6375
1056 6007
116 9
5197 4446
3017 4834
955 4939
1748 2060
705 2772
4311 4814
2120 5762
5417 4924
1859 4221
2710 3096
6049 6667
3619 1975
4202 4661
6118 6769
3629 1984
1296 1545
755 2988
2133 4513
5157 5663
1443 1744
4651 5949
3055 5892
4967 4118
4616 6554
1569 3895
5377 5931
3477 3958
1616 3989
927 1059
4801 1579
4556 3444
5134 2379
212 2965
3161 1327
434 413
2892 856
6828 7549
5543 6996
2626 475
3194 6054
3179 6039
4194 2630
363 415
3029 4818
1403 3726
2647 462
3210 3712
1044 1245
5112 4362
1324 1583
573 572
3191 1359
5910 6551
4171 5783
514 706
3074 6588
2566 2955
3038 3077
1882 4272
1760 2067
5687 5429
6435 6823
3057 3478
4027 2518
6134 6803
1407 1636
4980 5500
5182 4440
1513 3923
6430 7385
3476 3951
3764 6357
5366 4759
1111 1285
54 73
6081 7074
5147 4404
3399 3834
605 631
4594 5899
1052 5979
1420 1702
3821 5595
4670 6010
5294 5846
4829 3896
3577 4022
2989 990
578 683
1421 1703
4072 2442
1473 1778
2114 5763
2766 561
4652 5140
3603 1940
4320 4718
6261 6479
5806 5622
4207 2683
6352 7031
6178 6849
4018 2404
2653 2991
687 913
926 1194
4354 4742
1049 1286
5616 6188
2946 874
3948 2352
6405 7380
2417 196
4254 2826
1733 4108
5804 6423
5177 4421
3787 4265
6599 7119
694 502
2914 830
5659 7084
3977 4399
4541 3344
6736 7502
3124 3566
2486 2821
2012 6469
2401 2767
4776 6116
3329 1613
1720 2025
850 858
4762 3776
1619 5406
418 471
2151 4502
5929 5859
720 829
3330 1614
1380 3799
2594 3079
3650 2019
308 199
6477 6442
3069 3489
3595 1924
3131 1178
6380 6745
4201 6534
1931 4324
3779 6365
4878 4011
4500 4962
5900 2688
5568 7003
4155 5798
2317 4656
1786 4155
1058 1329
1840 5545
6429 7387
4629 3491
1439 1736
826 2842
1663 4033
456 652
757 777
6486 6916
4969 4121
6720 7510
5085 6383
4751 3748
1515 6246
893 3500
6607 7399
1362 3766
3432 6191
4491 3290
4465 3022
3725 6334
2546 2755
2916 953
6042 7030
3136 1296
3953 2355
3378 3729
4361 2961
5611 6160
856 4824
5041 5569
4739 7025
2263 2669
4070 2453
4741 6100
1842 4190
3890 2312
2793 3146
1886 4238
763 904
4917 5439
2374 147
6123 6783
2296 2700
3411 1685
5487 4987
3681 6314
3646 2015
3495 1802
3078 5033
2834 3159
6258 6472
335 228
1976 2377
3517 3963
3321 1587
609 807
5253 4587
1775 2089
1551 1854
4150 2541
1267 1503
2907 814
4675 3628
4097 2440
2173 4439
4825 3890
1195 3557
876 341
4943 4089
3509 1831
1572 1887
2469 274
5142 5653
1632 5408
5634 5350
1196 3558
183 184
6088 7069
4550 3376
949 1150
3387 1688
6392 6771
1857 4230
6721 7362
3063 1201
5316 5827
6312 6992
2580 3062
3870 4335
2930 817
5056 4270
5496 5064
753 780
6541 7048
789 4797
5861 5681
3413 5289
274 205
2026 2343
4270 2824
3157 1334
5874 5720
4239 4697
558 734
5710 7103
6144 6310
4596 1071
2649 2950
3465 1808
5769 5578
4208 5806
3375 3851
1852 4237
5274 4745
4368 3037
2046 4464
535 2838
1281 5146
4513 4995
4369 3038
200 62
1310 5162
3278 6078
2676 514
2964 962
1276 1511
2154 5754
5696 6290
4041 4590
3533 6222
2949 3319
5055 6379
6668 7270
3643 4095
5109 5620
5532 6974
974 4999
3105 3418
1076 5044
1157 1373
784 766
2318 2652
984 3287
2990 1060
5854 5660
886 4921
2242 5771
5247 6522
3727 6337
3141 1314
860 5873
1963 4313
769 851
4089 4453
1441 1721
6402 6777
5024 5548
2655 4914
3728 6338
69 349
722 4722
5748 6336
6161 5516
1396 1663
2756 3137
1041 1260
5552 5176
1547 5334
6593 7456
5623 7053
351 236
6089 6224
5557 6643
6100 6713
746 3058
376 433
5642 5371
1475 6215
556 3188
6228 7174
6509 7200
4146 5801
6467 6890
2983 5840
3190 3643
729 889
3711 4147
2624 157
3753 4179
3769 4191
1365 6137
3110 4992
6411 6797
6163 6328
3683 5503
3083 1159
5968 5990
543 627
5862 4459
2028 2353
4283 4732
4420 5819
1030 3544
2995 5879
4885 5373
2201 4567
596 837
5359 4847
3382 3865
5981 5020
374 421
830 2901
5362 4812
4942 1992
4510 3207
4497 4928
2706 2926
808 5890
3022 4966
6579 7378
4457 4819
1298 3657
2827 3215
4640 3487
6401 6778
2717 2939
4608 5092
2240 4642
2650 579
4925 6779
1409 1648
2718 2940
2467 333
3999 2391
1670 1966
3252 1496
717 4699
431 548
4679 3620
5461 4983
6440 6846
3518 1823
500 562
4159 5795
4754 1492
6782 7467
774 895
4883 1820
2952 4842
3926 2339
5980 6562
362 372
164 6
6333 7032
3071 1195
4668 3575
6628 7182
5331 4765
6680 7389
3696 5507
5656 6241
5857 5677
2815 3169
5088 4343
3578 1907
4402 3082
3054 3441
5730 7298
100 80
1398 3777
2339 2724
180 426
5525 5096
5593 3739
4766 3786
5220 4495
6055 6690
2579 2818
5012 5522
3983 2396
3873 2289
4444 3243
5594 3740
6568 7264
6174 7125
6056 6691
2236 4648
6266 7190
560 663
4214 2599
372 227
6627 7331
2228 4563
3026 5881
3545 1835
5350 5902
3789 2224
6359 5195
5686 6755
1336 1383
6058 5266
4377 4781
2674 3004
526 468
4671 5026
1684 1978
4383 4904
4010 2400
3189 6047
3529 6225
1593 3969
2504 249
1714 2012
2477 2756
5592 5256
1269 3607
3170 1320
421 494
852 4821
3590 6252
4924 4062
3513 3977
4316 2981
4414 3042
1014 1311
3818 4321
6318 7344
4775 6134
4334 2967
6225 6893
1103 1342
4871 6239
397 367
6384 7255
4375 4838
2144 2571
5892 6956
6324 6650
3500 1842
3290 3601
3169 1348
3277 3686
3749 2211
6451 6864
6230 6419
3421 1725
832 932
4454 5894
3467 1793
5367 4786
3117 1297
2306 2695
1980 2311
1924 2286
6766 7447
5655 6228
3407 1700
4517 4944
3956 2354
367 2914
5539 5132
1534 5338
700 2903
6652 7479
440 166
3236 5202
6584 7104
5728 6318
3006 5028
6267 6955
3400 1697
1855 2169
1849 2165
454 610
6357 6161
4551 3375
510 480
636 891
1736 4110
6281 6964
3819 2233
3973 2373
3599 4047
4637 6585
3226 3634
1646 1942
3129 4958
2402 165
2953 4943
3173 3623
3208 1430
6207 6896
5493 5066
548 539
3596 6263
6023 6094
5679 5397
275 204
130 33
3366 5305
3936 4371
1302 5178
487 553
3456 1751
803 5852
5716 5479
1018 5970
5974 6608
1730 2045
4542 3388
680 845
1381 3671
6010 6979
6346 6683
4535 6549
874 455
5378 5930
2960 881
3111 1269
5837 4401
4927 1954
6254 6475
3715 4157
5384 5844
5516 6076
4216 5811
2532 2956
4895 4031
5459 3276
1514 1817
4972 4122
3412 3894
1406 1711
3716 2114
1472 1777
3214 1425
5488 6018
3806 5610
2158 2460
1020 1259
5797 5616
2981 861
5369 5905
6062 6168
6337 6669
1418 1723
6311 6993
3947 2351
56 202
1319 1625
5729 6820
3786 4264
5399 4896
3192 1358
3750 4203
2933 3143
6598 7118
3327 5174
4312 4720
4540 3343
3042 1114
1454 3795
5090 4342
1866 2162
4731 6645
5713 7284
2857 634
3747 4176
3426 3800
1826 5557
5714 7285
2540 2784
1307 1450
1520 1813
4905 4032
6688 7402
2757 570
4610 5909
1297 5153
6170 6835
4224 2732
4470 5929
4717 3648
5793 6405
3814 4277
6093 6211
2742 4829
6149 7108
1434 5263
1841 4206
4650 3590
1498 1718
6617 7142
5519 5115
4835 5384
4206 2585
4338 4792
3164 3626
4740 6660
3198 6023
6210 6408
2552 219
910 870
2294 4660
756 776
4598 3472
6303 6593
5051 6856
143 37
6719 7509
6211 6409
6728 7484
3733 6839
1540 5340
2654 4915
1854 4229
4519 4948
6539 7236
793 305
3025 1040
1363 1600
2480 2782
3317 1524
167 11
3808 4255
5924 5900
6554 7245
4755 3756
4424 4918
5155 4402
6257 6483
6073 7060
4606 6580
2984 1038
951 5932
2252 4637
2364 51
3435 1749
6642 7349
6560 7252
346 237
5540 7350
3768 5567
6208 6399
1553 1828
3393 3824
3367 1653
4501 4961
250 177
305 171
2189 4573
1836 2139
4910 4037
2885 5830
4380 3139
2255 4622
3448 3914
306 172
3148 5992
2615 2849
5622 3857
3514 3993
3234 3743
75 127
4307 4783
2997 3409
1917 5617
843 4828
2366 60
5600 7028
5262 2594
3737 6346
1143 5104
3196 6021
3273 3687
579 684
1834 5551
6454 7312
4071 2452
2292 4663
1386 1652
1562 3933
119 100
6423 7293
4524 3301
6124 6782
2105 4550
794 970
6757 7514
3484 1794
6649 7231
3296 3697
5304 5845
2547 244
4511 4929
4571 3414
3284 1501
6242 6901
482 595
2551 3018
3093 3550
3039 3499
3473 1792
2730 345
5753 5531
5126 4382
2802 3133
3182 1356
1164 6647
2749 3007
5174 4434
4098 2439
5605 6681
2659 267
2115 2544
2319 2687
6530 7219
6475 7161
477 461
5887 5736
4100 2443
3165 3627
4657 6630
4023 6492
930 3186
3036 984
6692 7306
393 375
587 670
2635 563
5531 6973
1457 1788
2550 2777
947 1208
4477 664
2987 1061
916 4858
2895 3307
4001 2393
3541 5355
4803 6156
976 3368
1765 2083
4495 3272
4813 5342
5926 5854
491 370
2973 3362
2522 297
3580 1898
1639 1930
2700 377
5207 2482
1732 4111
1239 1220
5703 5455
6407 6789
6489 6474
646 774
4260 4753
3628 4071
4558 3394
2070 5691
261 106
4149 2525
1847 2168
686 473
952 4925
3678 5494
3175 5039
5385 4837
5411 3250
6547 7058
4664 1294
6374 6737
3685 2068
1237 1439
6633 7170
5709 5470
1735 2047
4505 4870
3692 5505
1218 1256
321 209
4321 4790
3033 4801
2928 924
3525 1864
4982 6316
3440 1671
232 313
3097 3580
1831 2167
590 714
5160 4416
6432 6822
2909 3426
5678 5426
5118 4378
5786 6882
4807 3852
5057 4260
5153 4412
3201 1363
4151 2542
1582 3913
6339 6096
4367 4772
373 420
3202 1364
6216 5643
4418 3034
2156 4524
3343 5226
2036 2346
776 866
3369 3790
4248 2893
402 453
4941 5473
5049 4231
5838 6433
2157 4525
4639 3486
3521 5369
538 3255
4788 7047
1010 1110
2966 478
379 262
1235 1485
2430 2865
2244 2457
6295 6594
1476 1764
879 4926
1757 4141
544 626
1764 4149
6296 6595
858 5861
5889 4505
3298 3699
4843 6179
1309 1593
6026 6097
3356 5320
4578 3459
3881 2310
4867 6237
4634 5102
3001 5839
1078 5009
6003 6971
6523 7196
1448 3817
6113 6767
5482 4989
193 108
6171 6834
337 469
917 846
1774 2092
141 239
6067 7238
3337 6674
5690 4041
964 4985
4715 3650
5667 5400
845 399
5757 5542
4577 5006
1860 2199
5927 5893
1785 2100
706 724
2738 496
4212 4659
2758 3263
4656 5150
2980 862
5032 5554
1691 1989
3712 6329
5190 2438
795 865
742 3322
2778 728
1442 1722
4635 3569
531 635
5048 4233
4877 3998
5759 6851
2648 463
2829 659
3102 1273
6409 6791
5527 6066
1504 1814
4672 5081
6027 7022
4530 6537
1682 1983
4285 2841
2853 3196
6410 6792
5371 4878
4879 6240
2337 4672
895 3165
1715 4094
1405 1680
2535 379
2866 620
3434 6157
4050 2419
2150 4503
4760 3774
6678 7391
5310 4752
3122 3574
760 834
1053 5980
1552 1829
6790 7511
1120 5053
272 167
2795 700
1978 2309
1832 2198
2571 328
1521 3859
2606 2952
1316 5177
4922 6773
2218 2604
3504 1832
273 168
5958 5947
979 1243
1524 5328
6398 7267
6112 6236
4049 2426
2396 2783
5279 4733
3430 1737
2798 3144
2441 72
3466 1772
5433 5950
2583 504
5394 4909
5184 2430
4816 6199
3371 1618
1653 1939
1604 3946
989 3291
962 1251
3668 6817
302 200
125 19
1583 6758
5228 4490
4162 5790
1238 3553
381 3129
4800 5312
3116 1179
4900 1879
99 102
4592 5057
5536 5098
619 639
4748 3732
5554 6092
2831 771
1574 1871
4959 6815
4898 4023
5492 5065
6631 7168
4044 4433
6079 6192
6473 6895
2521 2762
3363 5204
3915 2331
3481 5372
2500 355
3079 3496
4579 5004
4144 2533
1209 1444
1008 1191
3932 2327
3567 1897
19 85
2819 3151
3112 5000
6385 7259
1780 4153
6114 7266
783 765
684 4747
6175 7301
1321 3678
3950 2348
1929 2238
2251 4651
835 3056
995 4969
6002 6062
1099 5010
5529 6610
6065 5273
5668 7086
6154 7113
6492 7340
5402 5903
5515 6075
322 340
1097 1324
4237 2866
517 696
3962 2361
277 2900
6069 6174
3244 1490
4806 6163
6386 7369
3998 4417
6408 6788
6125 6291
4833 5366
2640 143
73 47
1272 3610
5498 5069
91 222
6037 6124
6095 6734
1864 2187
3720 5521
4730 5154
3532 5409
4628 4998
4649 5151
3249 1502
4874 1869
3657 2028
1233 1469
6653 7237
5027 6353
2323 5810
6741 7415
121 84
463 400
2259 2552
414 280
3943 2333
4261 4738
3230 5191
4051 5755
1856 5565
4987 4138
5587 7014
1389 1701
4706 3659
1303 5180
4484 3280
4783 3805
3289 3561
5534 3562
3566 1899
4988 4139
5475 5007
3012 3455
1497 1717
1069 1275
3406 1716
3855 2281
833 933
3172 1291
946 1209
6078 6710
1612 1905
5997 6634
3355 1603
5068 4281
2817 621
1376 1666
5489 5082
5574 6026
4946 6794
4068 2425
4504 5829
5767 6380
5352 4902
998 1096
5047 6363
6044 6655
2508 2891
2314 2693
319 304
3414 3876
5572 5218
4866 1855
678 4727
5620 5277
5697 4053
4986 2069
3450 1795
5577 6639
658 4734
6682 7393
5812 6393
3899 2322
2821 565
5842 5664
3215 3598
5255 5769
4087 2447
5389 4823
2919 883
5872 5723
2456 272
5121 4373
442 3054
129 14
3608 4064
3549 1882
5934 5895
6745 7473
2641 2869
177 78
5271 6531
3443 6218
5365 4760
2623 158
6506 7203
3092 4981
3186 5215
4713 6632
2553 218
6179 6843
3219 1318
1747 6313
4699 3608
5692 5444
2936 4709
985 4979
2243 5772
4602 5882
948 1097
906 4867
5441 6566
5991 6587
2746 721
6289 6966
5067 4276
5156 2500
1214 5207
6667 7374
3857 2260
4181 5782
2559 2837
4585 4728
1136 1153
3130 1287
2843 3231
3515 3905
4764 3801
181 289
5099 4348
1833 2183
1121 1140
6830 7554
2719 3095
4811 3819
2460 2789
6586 7453
2869 3211
3167 1298
1023 5993
582 555
2661 500
468 678
5791 6879
396 366
95 24
6697 7141
6481 6902
4186 2538
3721 2102
987 3367
6160 6821
3766 6355
5231 2535
1543 1840
2646 425
1263 1497
2451 2813
4847 5323
3103 5959
4978 5495
5975 6000
1728 2042
2739 648
3680 4128
935 1198
6074 6197
501 507
5664 5395
5571 5200
627 3219
4509 4937
2761 3060
690 5856
3675 4125
3636 4092
4646 6602
3132 5983
2796 699
5418 5938
2873 3252
6400 7269
4286 2829
4681 5080
3812 4307
3817 2225
147 331
2975 1028
410 665
3238 1463
5054 2229
3861 2261
148 332
1150 3451
4662 5155
5462 4984
4688 3625
3075 1192
2618 2871
1109 3341
3732 2132
3700 2077
3255 1480
168 48
5526 6067
4839 5347
509 4708
708 2769
4831 6703
2193 2611
3701 2078
3829 2243
2162 4509
5225 4489
5332 4766
3562 4024
5613 7046
1320 5168
3592 6260
5715 5478
5234 6523
219 364
1905 4295
3563 4025
6028 6668
3225 1458
3804 4291
370 368
5684 6774
956 4940
6350 7223
3222 5233
1191 1451
4911 4038
1797 4161
5700 5447
747 973
5691 6283
1700 5460
2202 4566
5575 6684
1499 1799
2924 805
5801 6891
4974 4124
174 337
2633 3047
4958 4106
5218 4498
5701 5448
4 71
3003 3351
2574 2872
1769 2087
6793 7485
5505 6576
3087 5027
6129 5465
1668 1962
5508 5047
1918 4322
2685 3092
2782 3158
1137 1154
6181 6358
3801 5583
3635 1999
5421 4974
6606 7401
5765 6351
5843 5657
4815 3864
1915 4323
4665 1293
365 2947
2234 2466
5836 5655
4166 6525
2121 5734
762 826
4296 4744
4085 4610
5194 5688
3314 1354
3379 3854
5624 5333
2410 2778
825 1010
4677 6615
475 339
3362 5205
3315 1355
821 4746
1925 4311
3740 4171
3291 3602
298 348
5497 5023
90 103
1290 1569
4091 4551
2961 3421
3490 1756
3034 1111
1636 4048
6684 7299
4174 2531
2911 880
5318 4808
3540 5392
3654 2029
1861 4222
4120 4624
6000 6025
6302 7197
6670 7525
3040 4816
4437 4890
3655 2030
5755 4197
3571 1901
4654 3533
2558 2805
1838 2178
3472 3952
4680 5995
6619 7145
5601 6142
2634 448
3084 5946
2976 4788
4378 4780
2732 3117
6457 7313
4589 6015
1492 1646
6249 4540
6431 7116
258 99
2996 1003
673 4739
325 525
205 15
2971 1044
3758 2146
5103 4347
4858 5363
3974 2370
6265 6954
4782 3836
3666 2051
1654 5428
1647 1943
4416 3086
719 785
4438 3251
2870 857
1506 3903
5652 5383
4460 5887
580 812
1893 5593
74 65
3496 3964
2822 564
3954 2340
4451 4899
5512 6978
2991 3395
2033 4471
5028 6853
3052 3406
4600 6555
6740 7416
1738 2052
4901 6267
2958 4782
551 573
6746 7475
6071 6196
2017 2336
3286 1510
5165 5668
5405 5897
873 1016
4642 3563
2888 3240
