3849 4364
1249 1539
3158 3639
2958 4973
4091 4642
316 209
2007 2442
6437 7401
6772 7492
2016 2448
4216 5840
6196 6412
1233 1521
1324 1625
6758 7481
530 4821
6371 7258
4792 5363
2150 2653
1188 1460
6171 6841
173 176
5092 5665
4989 6320
1563 1914
456 559
3366 5360
756 817
5162 5732
4461 5944
3815 2321
827 974
6123 6780
3182 1401
1602 1993
5126 4448
1070 1378
1636 4096
138 123
2467 2979
3888 2410
1108 1390
3902 2420
1432 1769
1271 1428
6824 7521
6514 6978
560 638
212 208
5194 5770
2217 2731
3056 5051
4074 5777
4923 5497
5444 5956
4841 5371
452 2913
6281 6961
1400 3791
3222 3697
2984 3461
4765 5331
5955 6558
2020 4433
4110 2678
380 444
1740 2097
5974 6595
850 960
4500 4999
3692 5533
2606 3019
4652 5185
1576 1944
6687 7312
6324 7021
2312 2784
2564 2957
875 795
3103 5108
5917 6552
5593 5310
5088 4396
3194 5181
4758 5320
446 86
4583 5994
6079 6188
4506 5008
579 659
6584 7100
253 186
5918 6553
5594 5311
1782 2180
314 4789
5667 5449
5897 6520
1241 1525
5356 5912
840 1058
2194 4643
403 423
6680 7397
6728 7486
298 271
2805 3171
492 403
5052 5625
6830 7550
3218 3617
3471 5410
4834 5403
2480 2865
1780 4205
703 909
5854 5740
1421 1743
6590 7297
4821 6731
6065 6164
4157 4718
1356 1704
5654 6235
6774 7456
1928 2334
5602 5323
6470 6924
6480 6931
6534 7359
5992 6624
3416 1753
4130 2713
5878 6497
590 678
3090 1253
5575 6682
1202 1514
593 611
2504 2968
6269 6946
378 2844
3568 4016
260 137
1024 1176
3843 2349
3357 1662
3129 3441
5744 5570
2026 2466
6188 6397
6037 6679
6199 6879
1437 1794
3962 2498
5235 6506
4173 4681
1358 1671
3772 4279
6547 7240
1700 4108
1567 1929
4021 2576
4660 6045
5536 6079
6337 6662
5032 5594
3659 4179
1713 2070
227 2918
2796 619
2257 4680
5698 6773
2054 5727
4600 6588
766 936
406 442
6236 7178
5866 6496
6513 6976
2876 3268
537 468
1773 2164
373 381
6250 6933
4403 3130
5393 5949
2191 2633
1905 2302
6146 6804
5375 5902
2817 3220
2161 4576
4283 4791
5067 4346
5789 6872
2913 3306
5693 6286
3283 3709
1251 1559
741 809
1207 1463
3334 3726
1570 4011
2192 2634
863 1081
5483 5010
3656 2107
6587 7287
6518 7197
1410 1727
5761 6375
924 3537
5880 5788
121 72
5696 6292
3456 1805
4772 6187
3215 3637
3352 3840
1720 2083
959 1183
1439 1784
2872 3225
2061 2509
6671 7283
575 546
1177 3636
1162 1474
3081 6026
5462 5044
4579 5080
1455 1721
2136 4609
3856 4368
4836 6245
5076 5648
4910 4077
3581 5452
4462 5845
4131 4657
3201 3670
1907 4309
5529 6626
1732 4163
3442 3954
1063 1274
453 583
4051 5773
3256 5229
980 1142
1489 1871
1796 4188
6108 6738
4319 4841
6604 7309
3052 3435
321 215
1429 3807
1908 4310
2911 3368
1733 4164
2029 2467
1371 1660
6367 7058
6385 7259
2914 3344
517 631
6555 7241
355 2933
5098 5669
789 3239
5643 6213
927 3505
2246 4682
5089 5662
3071 3543
3284 3766
4208 5836
6743 7470
1272 1429
5157 5729
6114 7076
685 738
6597 7396
5644 6214
1892 2287
512 707
2826 3226
6544 7237
2868 4878
834 1065
4771 6153
4148 4707
3579 4066
1113 3518
119 78
2867 5907
4483 6538
2827 3227
4270 2868
6198 6886
4749 5244
1292 1437
1664 2029
2660 407
2816 668
2076 2519
2895 3318
3678 4175
6459 7325
1492 1726
2853 3229
3307 3701
4679 5227
515 714
283 373
930 930
6754 7510
1476 1817
828 3264
4025 6483
5692 6288
4552 5048
6377 6748
835 3297
4844 6208
3490 3961
3374 3834
5409 5934
6655 7438
2144 2662
4084 4546
1331 5275
3730 4225
5767 6384
3928 4423
1990 2417
6689 7404
258 129
1849 2228
3426 3830
1365 5317
536 684
4415 3120
895 3377
2009 2435
5596 6160
5115 6436
1016 3604
5670 6270
4078 4627
3665 4174
2509 2920
6219 6453
6266 7188
5318 4846
3950 2479
1021 1028
5177 5742
966 1256
5684 6775
6722 7436
4012 2557
3522 5434
4116 4664
4219 4750
6592 7300
3292 3718
2899 3357
6010 7000
3897 4403
4915 4086
6384 7067
808 3258
879 3359
5576 6683
2451 2860
5096 6423
1303 3690
3414 3881
2211 2698
3364 3764
2778 3234
779 995
237 289
2343 4761
534 2959
6554 7243
577 744
4475 4950
4807 5384
719 799
2922 3305
3826 5634
824 1049
2028 2469
3038 3313
3113 3605
279 261
1879 4286
4621 5991
4808 5385
6148 7103
2994 4992
3069 3492
1453 1842
2781 543
5367 5913
1671 1987
1456 1819
6339 6665
176 2852
3728 5556
1363 1654
2623 2981
1298 3708
1333 1522
6376 7069
1706 2084
1462 1695
784 837
109 2841
1972 4386
3765 4274
6628 7342
4985 4207
324 395
3931 2450
554 752
4045 4562
2665 2941
2554 3023
2071 2536
2825 4825
4797 5358
3608 4121
3688 5528
3096 1269
3542 4035
977 1054
5304 5854
609 3319
1543 1895
2724 3089
1090 1404
2264 2758
4653 6073
4535 5945
4310 4844
6408 7094
6127 7093
1288 1495
954 1230
2247 2723
1842 4253
5687 6281
2380 1
4098 4559
764 889
5487 5058
4178 4723
4528 5003
2794 3159
466 498
4522 5070
4082 4595
3346 5307
1128 1308
5438 5981
3926 4424
4614 5133
3966 5698
5968 6600
2308 2780
1277 3647
1609 4000
1401 1627
2952 4984
5834 6454
738 955
6332 7032
1859 2237
2174 2701
2270 2753
4028 4503
2239 2671
648 717
1464 3894
2954 3346
1774 2147
658 3129
5068 5636
5558 6114
3007 1005
1418 1763
3093 3534
4860 5453
4478 4927
5566 6095
6761 7527
1616 1911
1341 1646
3488 1863
3062 5073
5432 6574
5057 5628
2949 3343
2027 2464
1906 4307
442 3137
1290 1605
6712 7427
4117 2719
2234 2658
1660 2032
3576 1986
3438 1821
1402 1756
4699 3615
1499 1852
3909 5683
2713 4784
246 187
5242 6508
6741 7467
755 3212
5950 6567
2022 2462
5725 6325
6462 7155
6600 7307
1619 4022
6527 7356
540 221
6258 6936
2203 2692
1117 3514
1547 3914
5804 6431
372 246
5093 5664
632 709
4561 5959
5987 6597
1917 4324
1214 3663
6204 6883
5995 6997
1967 2385
1220 5223
1541 1882
3378 3779
1973 2394
2193 2709
4690 5226
3616 2042
654 814
6506 7205
6068 6712
4521 3277
6272 6526
960 1260
1256 1532
3431 5372
5260 5838
3513 4007
655 815
6507 7206
1531 1912
2847 3293
4741 6128
3489 5394
2737 4833
5033 5597
1343 3763
4801 5362
277 2999
4453 5871
6328 7357
5869 6503
1190 1491
623 683
987 3478
6023 6657
2633 3073
5700 6295
2841 3195
3550 4048
4692 3628
869 3312
2133 4571
262 382
5649 6248
1792 2159
5489 5115
2058 2501
3947 2472
2128 2675
218 91
3166 3515
3119 1304
3001 4965
2768 5846
5147 4479
4740 6669
1339 3719
5600 6673
3873 4382
3343 3740
3919 4419
1930 2336
1244 3753
6284 6955
4850 3982
509 3031
628 725
3667 4176
880 1083
4767 5346
585 775
1516 3946
2014 2446
302 193
1587 1974
1936 2341
5630 6197
4707 5241
346 239
1293 1611
545 630
5117 5684
6444 7145
1739 2117
3869 4388
3486 3974
1355 1669
4828 6203
2139 4621
4464 4944
4777 5337
6292 6967
3031 3475
4810 5387
5634 6226
5580 7034
1596 1992
2738 3155
915 3355
907 3491
4037 2588
6649 7364
3750 4256
3318 5251
4175 4716
4474 6548
4718 5255
1156 3535
870 3474
5020 5585
6454 7159
1008 1225
646 755
63 2830
6478 6920
6409 7096
562 764
3239 3737
3148 5139
274 181
6580 7387
1185 1487
6428 7115
2934 3404
6210 6895
5991 6585
2102 2570
4830 6190
1417 1730
969 1300
3521 5422
1522 3943
6810 7496
3464 5399
5199 4607
5369 5925
1041 3603
1308 1599
5505 6603
472 2962
6318 7211
2815 3201
4103 2644
5759 6853
4408 5887
3010 1077
6522 7202
4755 5318
1999 2428
1985 2409
2285 2761
1475 5395
993 1276
1180 1449
3911 2443
507 542
1004 1204
250 167
5683 6280
3942 4435
2950 3427
3908 4408
4364 5903
6736 7457
1956 2362
1994 2425
4832 6217
4983 5529
1860 2238
994 1277
4276 4794
2184 2685
2996 3455
5234 6517
1005 1205
6414 7108
4946 6297
3517 3991
2909 3388
251 168
4628 5104
5116 5680
975 3438
2182 4632
1933 2337
6314 7214
3428 1703
3060 3482
3302 5272
4800 6196
3246 3735
3311 1588
2230 2712
3018 5049
726 829
5027 6352
2503 2965
1763 2170
815 961
2197 2625
5769 6387
5327 4837
5975 6000
4784 3813
3385 5374
3393 3838
6239 7179
2216 4648
4956 5519
5726 6327
1716 2066
816 962
2834 3205
6354 7048
6288 7195
2 21
561 3285
2276 2745
854 1063
5121 4441
5174 5744
4359 4848
3719 4226
5531 6612
3580 4062
6226 6468
3790 4294
5740 6826
1764 2120
4338 4858
4645 5176
1648 4049
6155 7111
6275 6954
1856 5579
3156 5138
4822 6202
5172 6480
5574 6088
3791 4295
5080 5656
3812 4319
1626 2009
3055 3308
1586 1956
4050 2600
6031 7038
3260 1560
5189 4567
1322 3692
5870 5795
2810 3263
213 51
4560 6596
6820 7544
574 777
3997 2561
4962 4185
6614 7414
5286 5864
1652 2012
1829 2195
5900 6521
207 2837
5331 5882
1809 2174
714 882
1060 1357
4296 4806
2068 2513
6658 7374
2296 2796
3628 4120
3670 4173
5332 5883
5457 6016
3544 5418
3032 3372
3337 5276
5658 6256
1557 1925
4635 5180
565 530
1632 1926
2010 2441
2330 2814
5561 6113
4450 4946
2976 3223
3101 1232
2152 2645
4662 5199
3317 3782
2930 3354
1683 2049
3102 3589
3810 2308
4835 6246
2754 4763
845 739
3905 4405
2465 2942
1517 3947
1686 2010
950 1235
3451 3937
2256 2744
2181 4635
5482 6020
5105 6428
5402 6571
6139 6808
640 3114
4349 4771
5109 5674
5058 5631
2543 2931
2569 4818
3348 3721
6790 7504
3157 3638
1349 3805
3651 4167
673 428
4311 4856
4595 5105
1855 2241
4978 5532
2785 4814
5598 5322
5874 6495
5244 5805
305 2996
740 926
78 2908
4394 4860
3957 2489
5521 6605
2915 862
306 2997
1848 4252
2612 4881
6420 7389
6167 6843
6378 7066
6230 6910
2272 2725
5736 6824
3043 5110
6304 6958
544 612
6609 7139
4044 4527
371 457
2968 3255
6154 7113
647 756
762 3381
706 3315
514 634
3504 4003
627 3267
2065 2580
4342 4823
5122 5701
2120 4578
4496 5019
3633 4141
2341 4762
4631 5099
961 3440
5037 5601
3331 3684
1523 1868
6234 6918
1857 2227
3859 2370
5836 5719
6338 7228
5294 5849
3401 1679
826 572
4100 4563
4806 5353
750 459
874 794
5493 6051
280 147
45 100
68 177
6704 7332
481 569
6714 7472
1786 4203
358 365
793 625
3278 5239
3003 3403
1804 2144
6180 6382
285 307
5633 6170
1724 2095
3684 4186
2017 2447
4625 5173
2620 2992
196 300
3329 3822
335 227
85 102
751 807
356 247
6606 7310
550 225
5262 4714
3440 3875
2668 3119
5112 5678
5727 6329
4697 5225
3969 4463
567 541
4156 4717
752 808
4536 5022
5808 6434
5350 5915
6539 7230
3709 4183
6650 7358
2049 2495
4854 5401
3884 4395
6706 7422
1654 4054
2731 3088
3571 1983
5676 5461
6698 7461
1109 1107
775 871
3208 1471
5045 6372
3281 5288
6530 7219
1558 3945
592 610
70 125
397 348
3068 3493
1705 4114
5465 6015
2652 3052
580 750
549 4817
4060 4539
6172 6847
6815 7524
4035 2587
4883 4001
2158 2618
5311 4779
3443 6223
5428 6572
4465 4926
3406 3911
4524 3300
5577 6093
5668 6751
1263 1564
1252 3769
2508 2955
381 443
529 592
1627 1908
833 987
401 486
4501 4998
4928 5498
3597 4084
3235 6129
307 172
6064 6710
5732 6821
6516 7213
796 944
5012 5575
1086 1094
5000 4221
3654 2101
6491 7184
2202 4645
5475 5069
3095 1270
2579 2945
1431 1744
1306 1640
612 671
3668 6314
713 748
525 695
6229 6915
3655 2102
1757 4171
732 904
5090 4397
6224 6476
6430 7298
2456 2948
3788 2280
5384 5889
5753 5593
1404 3849
6084 7059
5657 5437
887 3307
1506 1792
5128 5709
3413 3818
2160 4575
1552 1881
465 499
3844 4356
4083 4573
349 413
4871 6252
6335 7226
3285 3714
4812 5376
3042 3499
2755 4764
1408 1642
801 1014
2767 4961
4469 6537
5430 5957
3151 1368
3429 3893
1503 1856
4925 6282
3328 3705
325 410
2828 3266
4896 4060
6392 7090
2494 2952
4248 4796
6489 6942
2697 4889
6191 6867
1012 1219
4162 5820
6642 7353
4780 6173
87 39
3958 4454
1488 1870
3178 3630
4702 6125
2577 2910
5497 6038
708 418
4009 4516
1379 1643
6760 7484
162 2832
1013 1220
3410 3880
5645 6230
5873 6493
1040 1051
2476 2888
2802 3179
3125 3591
3498 3908
6445 7144
3683 5547
3660 4178
400 2867
3639 4160
5370 4938
3886 2405
4139 2748
1001 1245
1459 1793
1311 3678
4974 4189
3480 3919
496 3136
5013 6348
3251 3724
1663 1978
2524 2893
3291 3660
3462 3953
5571 6130
3187 3662
3711 4224
581 535
4594 5007
3735 6337
4030 4520
1427 1762
3017 3275
3780 5603
4412 4907
6756 7503
3762 4272
6225 6909
2105 4560
5659 6743
5797 6413
2813 3194
4031 4521
3818 4325
4852 3899
2890 4887
1036 1342
1222 1551
2939 5068
1110 1426
776 928
3434 5356
2650 454
2000 4440
3827 4341
6113 7084
6613 7413
3977 4458
1134 5184
5514 6063
3532 5457
2989 3442
5388 5890
5047 5614
408 320
2852 3228
6429 7299
4673 5204
5138 4466
2129 2643
6357 6708
4589 5087
531 603
3515 1803
2303 2778
5156 4538
36 68
6161 6339
4064 4620
3223 3732
4884 6760
226 2882
3916 4416
6405 7279
5441 6575
3020 1013
1679 2045
1958 2366
4659 6060
652 690
747 968
5028 6350
4675 5232
247 142
6610 7314
6406 7280
2888 3272
467 509
4627 6013
4880 6267
891 903
5228 5791
5317 4845
3134 3593
6731 7451
4069 4572
268 371
5316 5853
620 670
5153 5717
1589 1981
4779 5336
4875 6239
555 745
2700 344
5371 5942
1386 1691
6531 7221
6625 7333
812 3477
6795 7513
1354 1684
272 173
4637 6028
3168 1341
4671 5148
4876 6240
3840 2345
6289 6964
4849 3967
1704 2078
6243 6479
6361 7235
3876 4392
2067 2602
5334 5880
5494 6632
3088 5083
3798 5611
4585 4956
2728 3058
278 260
6227 6467
3006 5101
6305 7194
4070 4550
425 562
1768 2152
2928 925
3066 3434
1216 3606
5527 6070
5337 5862
6492 7349
1067 5143
4859 5443
650 840
5533 6621
1314 1598
3945 2458
4802 5343
6368 7065
422 528
140 77
4664 5216
4568 4983
1890 2288
5541 6633
3930 2449
5133 4485
603 665
4743 5305
6816 7499
2677 420
5410 5933
1601 1979
114 141
1642 2006
1105 1421
4905 4064
6163 6340
919 1114
6574 7271
4869 6249
4032 4529
5097 4410
4193 4715
3362 5299
6581 7282
2966 3262
6359 7047
5895 5833
497 672
6569 7268
2307 2779
1680 4083
3934 4427
5366 5900
5007 4239
2740 2881
5896 5834
2875 3353
1799 5536
2916 3400
3184 3651
3448 3933
1334 1608
3963 4450
4798 6168
4724 5265
5431 5986
3525 4033
462 383
871 3321
3131 3560
859 5026
1594 5448
6078 7063
367 3043
6599 7306
725 830
836 1061
1631 4030
2640 2986
3537 1950
1380 1644
2463 2896
3685 4195
4691 6064
1811 2194
3707 4213
5544 6623
1030 1187
3946 5696
3837 2338
461 2848
1237 1497
5601 6149
2113 4588
3976 4467
73 30
2121 4570
2733 3117
4309 4808
2551 4872
3882 4394
4825 5400
656 3072
4353 4829
568 640
5372 4941
3720 4199
1979 2421
1877 2268
1961 2377
3379 3853
1145 1406
1643 5470
5631 6225
5009 6342
4354 4830
3389 3793
5400 6541
424 480
5248 5810
3767 5588
5543 6629
216 232
810 1045
2844 3024
5417 5964
3466 3965
6435 7124
513 708
2251 4696
4901 6273
3617 4127
2626 3097
2903 767
6271 6525
6331 7023
6221 7169
3825 4337
217 233
1494 1834
49 14
1808 2175
1061 1056
903 1076
3759 4271
3225 3727
6657 7375
170 263
1046 1370
684 3154
276 2998
633 3062
5456 6017
1982 2408
1011 1317
5607 6166
4085 4651
2757 3183
6401 7092
65 79
2698 3071
6515 7196
3952 2471
3657 2077
55 93
1939 2342
2684 3035
1622 4013
3981 5741
2766 493
3980 4461
1941 2347
6152 6815
6400 7274
1092 3506
1514 1869
2033 2524
132 3000
6300 6968
4127 4649
110 44
1578 1958
821 3215
4513 5045
6486 6937
6411 7106
4000 2551
6703 7420
5049 4313
1735 2109
3297 3768
235 57
4747 5291
4433 5868
2313 2798
4001 2552
1781 2160
569 2946
2532 2990
470 122
5055 5629
5801 6890
3534 3983
3482 3989
4839 6228
5898 6510
3355 3824
3511 4029
3415 3882
774 939
3026 5017
1028 1364
4155 5818
6388 7070
194 235
6696 7416
211 188
4885 5430
1661 4063
3191 1414
3140 3574
838 994
4891 4031
4643 3547
2749 3105
521 3001
4677 6057
4586 4957
586 4857
3971 2508
617 673
3801 4305
124 10
2315 2806
3192 1415
4033 4545
4336 3049
3179 5162
361 259
5538 6081
4006 2562
1436 1622
3778 4287
6441 7408
1498 1782
3044 5037
1297 3667
1276 1577
3751 4259
696 594
4919 4094
266 230
3051 5094
5775 7137
4511 5974
3476 3971
6087 6215
6095 6740
1316 3689
5019 5584
3700 2169
5373 5926
6223 6912
2892 820
6477 6919
3626 2056
3960 4443
5592 6152
6265 6950
4104 4591
3147 3590
2080 2548
2848 772
2793 3181
968 1041
5374 5927
2156 4596
5939 6549
6713 7473
6387 7260
6333 7029
1081 3490
231 190
6222 6477
295 161
6380 6750
1447 1770
5048 5618
4437 4934
1239 1382
327 385
3382 3868
5772 5635
2636 3113
6647 7430
946 1197
4407 5886
877 5038
6521 7201
6120 6772
5651 6747
1359 1701
441 2967
1938 2344
1266 1557
2183 4636
3244 3754
2883 3241
5224 4666
6578 7281
84 103
3636 4153
2703 3002
6605 7311
1867 2252
5750 6344
3538 5419
3457 1835
2988 3394
2745 3153
4254 4774
2803 4820
6598 7305
4992 5546
3901 4404
2560 2995
5250 4726
3894 4401
2938 3366
4484 5001
1031 1188
4873 6754
3124 3556
951 3385
1865 2253
936 1200
6124 6781
4725 5190
3823 2328
1963 4373
3454 1837
3207 1472
3557 1972
4107 2666
3439 1822
4783 3812
293 378
2587 3076
382 2871
1566 1919
505 429
4955 5518
6027 6653
1830 2226
1715 4150
4436 5851
6125 6293
3027 5066
5976 6577
686 579
4431 5872
5591 7039
4547 5036
1504 1866
3111 1279
6313 7010
6255 6940
5416 6547
5612 6162
2653 3054
5498 5114
2574 2966
4439 5856
6560 7253
1986 2407
2630 2987
5963 6957
399 539
3564 4051
4327 4767
2170 2635
1056 3486
3492 3935
5983 6966
2565 2958
4361 4863
6697 7317
5552 5209
6267 6953
2804 3135
607 3008
4908 5480
5765 6379
5697 5493
3432 5373
5394 4942
5159 5739
1650 1965
427 2899
6693 7319
3983 2525
1262 1489
5163 5772
1813 4198
2008 2434
1135 5183
1346 1683
5349 5911
6674 7393
841 1059
3939 4430
426 576
1218 1384
825 1039
4811 5377
4061 4526
3627 4119
61 109
3098 1284
4088 4634
6310 6996
2481 2866
459 2978
3155 1366
4847 5391
5569 6098
5324 5858
913 894
1760 2134
3807 6380
671 3079
6098 6722
5603 5324
1137 1267
2637 426
3758 2242
931 1186
3120 1305
1047 1314
2132 4608
5550 6645
2236 2736
2982 706
5993 6625
1240 1498
3046 3371
6781 7464
1711 2081
4794 5350
2047 2490
3553 1966
5110 5677
201 158
6200 6880
5949 6570
4325 4873
2929 3364
5155 5722
1458 1708
932 3374
1312 1637
3986 2521
783 836
608 710
1871 2265
4546 5947
2732 3152
4748 5303
4393 4859
228 2919
3290 3661
2419 106
4964 5524
6312 6987
2692 4776
5420 5000
541 467
2074 2511
5119 5694
388 318
100 61
5702 6778
4312 4799
300 183
2601 3099
4940 5505
2955 3393
4517 4989
6306 6984
2081 4531
1555 1915
5083 5660
518 662
6568 7262
557 663
4341 4822
4389 4894
5030 5592
6048 6694
2486 2883
387 319
5742 6833
2714 3143
5353 5884
6607 7406
935 1185
449 360
1123 1386
3274 1519
1409 1697
2751 455
6007 6985
393 358
5452 6012
3533 5411
3545 4012
6519 7198
2717 4896
4826 5415
5762 6376
275 182
1118 1385
4933 4131
3833 4345
5086 6408
1143 3571
53 6
1684 2048
1637 2004
4760 5327
4149 2727
2327 2810
180 281
6403 7086
6523 7204
6249 6934
5492 6050
2854 729
6421 7112
819 958
1317 1537
5442 5030
4550 3361
473 2963
1548 1847
5435 5027
3217 3640
856 3302
2070 4507
4136 4686
3210 5281
3643 4154
996 1282
6005 7017
4713 6089
3034 3495
4017 4522
6691 7411
2547 175
2900 3362
337 376
3906 4411
4435 3199
2528 3037
5464 5943
3021 3271
702 866
2309 2793
131 2954
6126 6783
2333 4753
447 346
1518 1853
6110 3998
3019 5050
5844 6469
6060 6698
2730 3087
4229 4788
195 152
2412 116
1043 1289
3154 1354
3167 3625
312 3005
2756 3168
1885 2278
6529 7218
362 334
4676 5215
4736 3722
2701 3095
2648 3103
6653 7366
1765 2122
3686 4202
3779 5599
1837 4243
3819 4327
1044 1290
3450 3973
1520 3992
491 416
6156 6323
3242 3634
4636 5150
3523 3986
6311 6989
1976 2423
4525 5024
2997 3418
394 483
2334 4760
107 151
2175 4617
4198 4705
420 405
1287 1609
3814 4320
75 2889
5729 6823
3065 3524
1910 2305
5776 5637
4670 6059
2201 4644
230 170
1658 2018
1761 2155
4150 4670
1714 2072
6020 7019
5233 5827
4866 4027
1911 2306
3240 1517
2284 2762
4020 2585
2705 4815
171 262
3330 3821
19 2840
1862 2239
4897 6768
3368 3855
6402 7091
6730 7444
1130 1435
2115 2629
2866 3245
860 3281
3838 5638
2259 2722
4419 5873
5102 5667
3402 3864
5143 5704
1302 3686
5545 6642
6011 7001
715 923
5827 6451
2666 4795
721 902
3015 3420
910 1021
3427 5378
2887 4867
613 3336
379 278
1501 1802
3703 4209
2617 3102
6038 6677
3175 3508
6029 6651
177 89
6443 7143
1257 1552
594 789
914 1156
5160 5726
4476 3206
1533 3995
1048 1262
2936 3144
3878 4393
3463 3979
3555 4038
482 527
2489 148
3885 2404
6345 7027
5166 4508
3556 4039
5265 4722
1372 1706
6358 7371
4015 2597
3185 5168
6375 6737
1719 2098
2434 2949
2185 2705
390 519
6476 7171
504 430
3932 2451
3904 2424
1529 1903
1310 3677
1082 1397
3411 1725
3420 3920
419 374
3644 2088
1699 4112
3543 4036
1330 1619
2642 3112
3204 3688
3435 3934
493 518
3430 3931
6427 7291
1677 4070
4307 4839
3593 5471
5127 6462
4523 5071
2961 3414
4179 4724
6545 7049
3275 3770
6303 6983
2746 3218
6652 7433
3224 3728
2335 2815
1205 1461
2889 4886
1352 1692
210 101
3620 4136
439 3091
2849 771
1625 4069
1278 3648
5763 6378
3247 1556
3732 2215
6520 6990
1057 1288
2095 4528
1483 1858
443 600
2689 3096
5390 6562
610 3016
2291 2791
5690 5490
111 8
4723 5263
498 2890
3468 3898
5519 6076
5226 5790
3559 4057
2046 4476
6144 6813
1814 4211
328 206
6082 7052
1789 2131
161 160
3594 1998
197 301
5674 6277
3141 3623
3609 4110
3436 1771
6105 6243
1692 4100
1029 1345
5254 5831
3953 2487
267 370
2255 2742
3039 3484
5624 6216
1513 3948
2947 5955
6449 7148
6075 7245
317 195
2122 2607
3675 4191
6117 6777
4326 4877
2219 2707
6055 6696
6418 6816
4556 3409
5752 6837
3174 3629
2621 4917
3487 5438
2624 2980
3805 5616
6350 7227
6173 6849
1521 1749
2548 2914
6056 6697
6245 6481
2943 3325
1872 4282
3228 5234
4559 5961
695 595
2045 4488
1282 1583
3892 2415
4903 6274
3755 5581
4237 4775
4762 3776
6347 7229
2242 4684
4372 6568
4981 5551
6340 7362
6270 6509
303 2859
2893 4892
1738 4177
700 3169
4904 6275
2605 3018
1621 1994
3949 5705
5701 6296
1328 1668
1200 1501
2842 3196
271 156
5397 5870
1653 2014
1392 1733
2619 3060
95 23
4773 5316
2066 2514
3747 4266
2003 2480
3552 4045
3153 3622
3084 5086
4726 6101
5904 6527
1924 2325
733 905
1606 3990
3473 3978
6372 7249
6573 7270
3570 4065
3268 1549
3565 1963
4742 5262
589 565
56 80
6565 7442
1942 2348
2135 2586
5447 6014
6138 6807
3936 4431
5523 6080
4868 6254
151 2976
3630 6294
1405 1724
5404 5861
1132 3588
1485 1813
174 216
3518 3997
5735 5561
4440 5892
619 664
5617 5338
2260 2724
1583 5442
861 1084
5170 5736
2906 3333
1085 1363
1294 1612
4171 5829
6533 7361
3510 4026
3893 4402
2919 3376
605 652
2320 2804
1539 5406
5094 6422
4872 6755
2119 4593
858 5025
6192 6869
1255 1523
5495 6631
5848 6472
254 352
908 1095
3577 4053
559 602
4609 6002
3076 3542
1970 2386
928 1145
759 872
5747 6827
1657 4090
99 73
3717 4227
1367 1677
1836 2231
5264 4721
916 3356
4991 5560
1882 2274
1407 1690
1000 1212
4785 5364
181 189
2862 4986
5180 5750
945 3479
3680 4196
6336 7024
3649 4168
4803 5342
5739 6828
4704 6133
5193 5764
3701 4217
6213 6900
3257 1528
4913 5460
4879 5433
837 720
6262 6501
6211 6896
3388 3792
47 0
1931 4348
2987 3469
4681 5160
5251 5817
5597 6686
1424 1765
6399 7082
4738 3731
3585 4076
6433 7303
5474 6029
3363 5298
22 34
5647 6222
1978 2401
1403 1600
1599 1980
6823 7536
918 1091
1159 1470
4932 5504
1049 1335
2575 4792
4214 4713
1015 1086
5821 6441
4867 6250
1037 1343
5707 6299
3418 3823
3373 6155
3310 3733
245 2916
2535 236
3114 1322
386 473
1929 2332
1510 1865
2912 3216
4666 5202
4774 3820
679 831
3913 4414
1884 4285
4551 3360
6101 6730
3572 5446
5217 5801
4587 5090
42 16
6026 6115
6618 7323
786 3180
1577 1957
3914 4415
3940 4436
1023 5134
5965 6581
5101 5668
6006 7016
3999 2550
5029 6351
3993 2547
6327 7018
1734 2108
631 660
4793 5351
5471 5995
396 347
3891 4400
414 315
4732 6117
5243 4709
2990 1046
949 1161
2213 2699
5488 6035
4648 5122
6451 7150
430 284
5584 6137
5472 5996
5016 6345
1232 1554
1259 1531
5563 6078
3288 3641
6053 7036
519 2925
3339 3815
2048 2500
5202 4604
193 118
2941 5998
5751 6834
3761 5577
1742 2125
2901 5917
1221 1467
4813 5392
1784 2140
6603 7403
232 224
6085 6724
1103 1391
769 922
689 621
1841 4249
6419 7390
4373 3093
6177 6855
1497 1781
384 339
6508 7209
3408 1754
3057 3488
6794 7528
3622 4130
2558 2928
6169 6848
768 848
2552 2974
3023 3416
4494 4952
5130 5713
354 266
4759 6124
3344 5330
6386 7261
2550 2900
6057 6707
799 1006
2553 2975
6389 7079
3484 1851
3625 4138
3954 4439
6160 6822
677 3115
2884 3283
4048 4599
6080 6189
6725 7480
986 1060
792 626
1708 2071
4445 6559
5473 6981
3857 4366
6248 6935
3740 4261
4775 5295
5197 4583
2466 2943
765 941
2410 5
3097 3557
1893 4292
3335 3826
417 357
4334 3012
2214 2638
6140 6809
6440 6859
3172 1340
5227 5793
2891 827
1748 2123
3356 5368
6791 7505
2224 4673
2019 2457
495 506
2782 3182
2917 3401
411 439
4280 4781
435 412
4384 6542
5118 5686
6446 7147
6122 6779
4685 6062
948 1136
2015 2455
5840 6466
1397 1728
2402 2877
330 270
5850 6474
4438 3203
3013 3454
707 873
6482 7336
2599 2935
749 918
2675 3068
3987 2546
2647 3104
1491 1824
126 49
5722 6810
153 199
4402 4924
552 649
6263 6502
1482 3944
2600 2936
5929 6556
6032 6674
1834 4242
2304 2771
6256 6498
1033 1310
4862 5444
6460 7324
2627 384
6194 6881
2573 179
1553 1877
6254 6939
3898 2422
3220 3658
5041 5606
5415 6546
717 3128
1769 2127
922 3512
2096 2568
997 1331
1564 1959
2669 3138
3063 3540
1182 1484
675 844
4538 5034
5680 5472
5590 5304
1479 3873
39 115
1038 1362
5341 5876
3852 4359
3631 4145
3742 4260
3249 1553
2534 2937
532 731
4888 5466
6183 6860
1766 4182
3851 4363
6826 7539
3370 3809
5809 6891
6828 7546
478 2897
6247 6938
547 726
3252 3762
3234 3747
3861 4367
3739 4235
809 951
985 3449
846 1064
2298 2776
6417 7110
6594 7117
167 42
1169 1480
6562 7382
2546 2880
539 2909
1064 1347
6209 6443
3130 3610
165 203
718 890
5323 5857
1853 2236
5814 6902
5513 6046
3037 6005
5268 5839
1993 2429
3196 5170
5220 5783
5187 5753
3647 4157
691 578
5811 6439
2140 2594
3813 2315
5583 6132
888 5055
818 964
122 74
6615 7321
88 19
383 2870
3674 2136
3614 2037
3286 1568
641 3118
4292 4816
587 657
5338 5909
6567 7251
1193 1486
3289 3642
5868 6494
3584 4061
4997 6331
5026 6356
2311 2773
2196 2628
6062 6165
2857 3250
1062 1278
3782 5602
5853 5749
1003 1329
2527 2964
205 62
5641 6233
6279 7191
5418 5958
3149 3584
1390 1722
1189 1349
983 3432
1511 1878
4778 5361
4423 4935
4418 4910
4007 2564
564 228
5539 5175
4411 4880
5620 6172
6132 6794
4941 5509
4399 4866
3255 3752
3634 4140
1785 2146
3205 3595
3180 5163
5755 6365
4951 4148
2741 3109
6070 6692
468 580
5554 6102
3232 1534
6778 7497
709 3253
4414 4912
1525 3897
1042 1324
4972 5542
3340 3773
5129 5710
5040 5608
1406 1750
440 253
5604 6161
6374 7071
1387 1729
2646 3086
5688 5482
4081 5768
6825 7538
4650 3562
6720 7479
4537 3222
6089 6220
5906 6532
2801 3165
5826 6446
1838 2214
4816 6204
5365 5899
4766 3787
5503 6037
5506 6607
464 2932
984 1010
3530 3925
288 329
5184 4541
6644 7429
1295 1589
1604 1861
2563 2872
6398 7272
6077 7062
502 2878
5966 6604
894 3466
1223 1483
4776 6147
3082 3523
333 3080
3409 3872
1682 2052
1176 1488
2499 2907
3695 5520
1850 2233
6034 6671
3405 3847
3469 3901
1078 3496
5377 5941
1019 1228
3467 1843
1554 1899
3874 2391
6744 7471
1469 1848
5186 5754
1651 4104
4584 5020
6448 7149
885 1092
2964 967
3126 3592
2806 3278
6528 7215
348 345
5737 6338
4571 3399
6205 6889
3887 2406
2687 417
998 1160
6465 7164
2615 2970
711 849
3216 6104
4207 4737
5642 5414
1611 4079
1466 3848
1045 1294
1438 1800
1280 1580
5787 6405
2995 4993
1168 1468
3384 1664
5777 6398
2544 2988
4574 5111
804 4953
2607 107
3881 2403
4076 4553
1099 3502
2464 112
6046 6691
4286 4793
4424 4943
5666 6258
667 564
2734 4787
6261 6944
363 369
2111 2646
5677 6269
4202 4740
5453 6578
2986 4990
3970 4473
1480 3874
937 1213
3073 5078
6579 7278
1613 3999
4599 5145
649 792
2792 3126
6352 7037
1153 1424
694 608
5547 6096
4720 5259
6241 6927
6112 6759
4293 4813
4954 5501
4068 4532
3211 5280
6675 7394
2811 3273
4893 5475
748 969
2060 2506
6365 6715
6153 6817
3632 5495
428 323
4598 5126
1656 2026
499 3107
6832 7554
506 517
74 45
454 526
3045 5993
3596 5463
5864 7183
1762 2139
429 324
4220 2821
2720 2829
1069 1334
1878 2264
2800 3247
849 3494
3354 5345
3087 5121
4558 3378
6201 6877
2321 2808
3494 1876
3106 3598
5774 6391
273 174
881 1143
5817 6904
822 642
3324 5271
1096 3516
972 1184
6364 7055
2747 3163
794 991
5183 5752
3828 2331
3089 5084
5626 6735
1253 1524
1870 5586
5500 6041
1148 1405
3712 5538
4071 4551
4843 5370
3770 2258
6293 6972
3802 4308
4721 6144
5887 5798
405 311
5203 4603
933 3375
320 362
4916 5486
3143 3583
6294 6973
5458 6970
2093 4542
3721 4234
3173 3635
1273 1578
4665 5217
1076 3509
1891 2289
1345 3786
172 3
964 3439
5422 5967
4375 4903
5611 6163
5926 5867
6233 6914
4194 4712
3209 3545
1787 2178
2614 3055
3889 6417
955 3411
5001 5537
5573 6135
301 184
1858 2232
4527 5002
6481 6925
3203 3687
1546 1900
1772 2167
4580 4977
3853 2364
2924 3341
3177 5169
4477 3217
1913 2311
3763 5590
5757 6368
6179 6858
4451 4945
4508 5975
4502 5971
2286 2763
4201 6523
4831 6193
1639 2007
6383 7075
147 201
1666 2035
5352 5937
4557 5072
48 15
6133 6802
1125 1394
2218 2718
820 1057
4463 5860
2301 2777
727 927
5231 4674
310 338
767 1025
2042 2503
970 1229
5087 6409
2094 2614
3319 1587
3948 2473
6682 7398
938 1221
1140 1388
5606 6167
4911 4078
5222 5802
3635 4152
5084 6411
2975 1027
5585 6668
638 3022
3922 2454
2808 624
412 2960
1869 2256
2855 730
6285 6956
760 892
2771 587
3011 3445
4159 4719
1129 1434
4667 6071
2769 3176
1224 3715
5997 6628
80 11
2542 2930
2232 2665
2772 588
6551 7238
4926 4117
2716 3185
2748 3015
2589 4854
1463 1818
5480 6022
2770 3177
4470 5952
6694 7417
4379 5852
862 1067
551 554
1966 2384
2449 2842
629 3044
3226 3656
5781 6403
6779 7463
5389 5931
3994 4489
5485 6033
37 40
4842 5367
1668 4126
1826 4232
2819 3191
6646 7360
6686 7460
3070 3497
6259 6941
281 312
893 3498
1468 1829
5818 5687
688 899
1580 4019
6436 7120
365 3051
6557 7246
6656 7370
3314 1475
803 4968
3618 4128
1980 2402
4907 5479
6369 7064
1014 3619
1446 1760
1396 1705
5419 5865
3820 4328
2137 4574
5139 5720
600 656
3437 3857
5135 5716
5903 6524
137 63
6426 7292
5534 5172
3229 3664
1833 2202
6749 7501
2722 3122
3903 2427
618 780
659 802
5223 4660
730 769
1394 1687
5520 6044
6423 7293
4781 5369
1149 1192
2289 2764
1864 2245
3059 5089
538 3248
4151 4671
6063 6157
3387 3877
2760 4807
5713 7098
626 372
6071 6725
2667 3111
4514 5046
5559 6090
6576 7277
2860 758
418 438
4855 3936
2235 2735
797 959
282 351
5714 7099
3176 5214
5206 4675
962 1247
183 140
3193 3659
6097 6728
1823 2206
3198 5174
3872 2390
2571 3026
474 469
5856 6478
436 4765
6717 7435
1615 4014
1052 5142
4170 5828
4174 4677
889 5054
5433 5970
1473 1828
4383 4928
2840 3301
3754 2243
1624 2005
2974 934
4346 5898
4200 4730
3566 1977
1154 1456
3110 3453
999 1162
3666 2104
2104 2589
899 1163
5021 6354
5989 6579
2654 3145
4146 5814
1195 3614
2830 746
3367 3843
4937 2050
4990 5559
304 2858
5710 6786
432 570
1987 2430
2208 2641
3122 3564
548 525
2655 3146
2959 3373
1673 2034
2114 2648
3733 5565
1545 1892
1897 2292
6556 7247
1821 2191
1055 1281
745 920
2831 703
2249 2702
2823 481
3933 2452
1265 1545
4864 5425
5675 6264
6129 6305
5368 5924
6257 6500
5246 4706
2157 4597
814 647
5952 6561
1527 1875
2629 3040
1914 2312
1423 1764
5481 6039
2671 3075
2082 2554
6158 6333
1701 5494
54 20
947 1198
4204 5821
5861 5765
375 389
3276 3771
1662 2033
370 337
1697 2063
4661 5195
6004 7013
1681 4107
5225 4667
1226 1306
2288 2765
3995 5731
6585 7288
657 749
6096 6746
2707 3082
4629 5154
3058 3525
444 601
3862 5651
3817 2320
5345 5859
5832 6456
2635 427
1635 2011
5703 6300
3539 5420
5655 6752
125 2856
3672 4184
1687 4091
883 3363
5463 5987
4531 5953
3912 4413
6100 6729
5099 5666
4019 4523
4980 5531
5216 5800
5862 4606
4622 6011
5638 6716
1032 3572
130 48
2215 4647
622 3276
6771 7491
1997 2459
3681 5515
4606 6003
4367 4862
2948 3383
6033 6675
6766 7489
3028 5067
6252 6487
3399 3844
6627 7338
1925 4333
3746 4247
3425 1787
5778 6400
188 83
5424 5962
4788 6701
3619 2046
2012 5695
6174 7127
3520 4009
1767 2153
494 415
1572 1964
5517 5153
3338 3814
2602 4871
3738 4248
6809 7542
4321 4849
3496 3988
770 990
1790 2181
1165 1469
2040 2488
1730 2089
4509 4982
2870 3337
4705 5245
6018 6091
3726 2193
6093 6739
4789 3803
3569 3996
1998 4418
2073 2512
2279 2734
2443 133
6019 6092
2252 2750
5646 6742
1470 1840
5636 6231
4397 4900
1832 2199
4680 5136
4541 5060
988 3503
3160 5242
3514 4017
2594 4908
5990 6615
873 1070
1912 2309
5985 6611
3123 3575
811 3200
313 363
5682 6278
2787 5850
6381 6749
3277 3707
1326 3700
6116 7269
5018 4275
25 32
2886 3335
5728 6322
69 178
5405 5935
3956 4442
1059 3473
1335 1656
698 737
2100 4490
4719 3655
1340 3720
3237 3749
3599 4095
3951 2475
3327 3685
5838 6461
5103 5670
6322 7008
2151 2652
1812 2156
6716 7477
219 240
2006 2492
4262 4783
778 940
6589 7296
5709 6308
3049 1071
4530 5929
3937 4432
6346 7041
3309 3780
487 501
6069 6169
5730 7116
1568 3960
1551 4024
921 3501
2209 2695
488 502
771 917
2231 2664
2502 2875
434 411
5354 4923
1097 1381
1009 1167
4460 4918
4497 4967
678 3133
1378 1596
3050 1127
5694 6769
6786 7506
2477 2846
674 563
2430 2876
4023 5761
676 886
1210 1500
1851 4257
385 2944
5072 5650
208 46
1187 1448
2329 5842
106 2835
2674 3067
1111 1350
4212 4746
4672 6083
4456 3172
2469 2961
5673 5445
1428 1761
637 3033
3197 3612
3574 1990
398 4785
597 653
152 198
59 97
2337 4759
3161 1365
2044 2494
1151 3527
5876 6504
6561 7252
5392 6555
6512 6975
4982 6321
4899 5473
5528 6077
1754 4193
2147 2632
2556 2929
902 1172
1321 3741
1922 2316
3321 3804
3998 4500
4900 5474
6016 7015
1179 1444
2718 4897
4467 4809
5656 6251
2706 3048
5706 5499
4027 4548
526 484
2763 4810
4539 5997
6379 7072
3287 3759
3968 6460
38 114
3836 4350
2155 4625
5823 6444
3551 4052
4881 4040
3200 3665
1843 2221
1157 1430
2798 492
2290 2768
4422 4925
584 743
3369 3808
4714 5258
4374 5888
1901 4299
991 3485
4734 6112
3294 5286
2053 2499
2043 4472
1138 1389
2340 2828
2829 3242
4177 5826
3955 4444
941 948
5124 6907
5461 5043
5546 6052
1269 3668
6721 7437
722 3151
2123 2640
4386 6545
5454 5999
4649 5191
261 136
4140 2720
1532 3912
5508 6047
1709 2076
6467 7165
680 832
4651 6036
1414 3797
1309 1632
978 1189
508 460
3988 2545
665 788
2092 2549
391 494
5930 5914
5616 6179
2344 2839
944 1133
3787 4290
2305 2770
6593 7391
2522 2985
606 3020
3250 3765
4043 4525
345 244
598 803
1549 1930
4545 5032
3035 5074
3219 1399
5025 6355
6021 6648
6166 7123
374 380
1685 4097
4014 5758
3386 1680
1725 4144
558 682
1493 1826
753 823
5910 6539
4444 4970
5720 6811
2618 2977
1519 1860
4761 5319
3990 4486
5134 4459
2176 4618
329 231
2101 2541
553 753
2079 2517
2695 2845
2097 2538
2881 4899
4949 4147
1574 4037
2776 4770
3359 1688
2063 4464
1412 1748
5799 6878
6396 7080
1528 1904
5758 6851
5587 6666
5663 6257
3188 5179
3407 3890
239 192
1120 3526
5794 6875
6723 7434
1524 3896
4823 5388
6413 7102
4861 6242
1144 3570
2786 3178
5039 5607
556 3219
5413 4975
4417 4890
6753 7509
4080 5767
3186 3649
4504 5920
6549 7367
3221 1455
6719 7478
6715 7475
143 54
3799 2297
599 661
5825 6445
4420 5874
364 2864
236 196
1167 1459
2173 4540
6681 7399
2130 2623
3033 3274
800 3188
4503 5951
3850 5645
3529 3924
1540 3918
5595 6159
1445 1711
1776 2183
744 524
4984 5534
4488 6554
1279 3676
6215 6448
5816 6440
6833 7555
2013 2445
795 935
4577 5081
2902 4909
6353 7044
886 3365
5635 7068
3075 3541
6216 6449
1002 1321
3212 3680
6550 7239
5491 6982
4378 4870
979 1246
3708 4216
4914 4085
3214 3702
3404 3846
3253 3746
2210 2697
145 146
1026 3472
1010 1168
4829 5405
3005 3236
1102 3521
368 321
241 110
917 1009
3774 4278
3118 3431
4203 4732
3461 3952
4764 5352
3078 3448
4837 5413
5267 4754
4066 4549
4400 4865
3756 4264
3991 2528
3727 5555
64 58
3736 5568
1247 1546
2011 4445
533 512
445 2934
2166 2656
6088 7060
4329 4835
6052 6699
3578 4067
3737 5569
6119 7083
2306 2803
3320 1633
4706 5247
4495 3260
4358 4834
5516 6068
2336 2816
5749 6836
3495 3987
2721 3123
3854 2365
5783 6406
187 55
5813 6427
6471 7177
1381 1563
2856 3207
4166 5830
3923 4420
1305 1614
4603 5124
5793 6414
2846 4868
4756 3621
731 906
4938 4139
3121 3601
4097 4558
4874 4034
2821 537
1620 1995
3269 6121
4634 5157
2965 3209
5237 4702
5872 5781
113 98
500 513
3412 3904
4739 6670
5557 6649
1136 1268
252 3004
852 3294
238 288
670 4891
5972 6969
2238 2670
2641 2982
2739 3198
5378 5940
4512 5908
2322 4745
1289 1602
785 1000
3267 1550
182 2874
5310 5869
989 1023
146 75
2998 1050
4073 4544
4498 4966
4669 6097
1495 1884
3422 3828
5188 5751
2790 4768
5056 5627
3390 3886
1415 3798
2561 3041
1192 1445
1775 4200
3648 4159
4485 4937
5551 6110
4087 4555
604 705
2993 4985
1839 2225
602 3038
243 76
3481 3940
3972 4493
1969 2383
5011 5572
3918 4426
3332 5285
1327 3712
1238 1348
6601 7132
322 287
4618 5992
6268 6519
4658 6094
4966 5530
2263 2755
4195 4728
4316 3011
3804 4312
1299 1419
6175 7126
344 472
1158 1464
5145 5721
2243 4685
1072 3480
43 25
1398 3816
1559 1948
6695 7315
3924 6442
6002 6640
4988 4208
3789 2279
2704 465
1614 5451
1667 2030
6128 6792
2273 2730
2207 4650
763 932
6821 7529
578 658
471 558
642 568
480 508
4548 5040
5756 6367
3652 4155
1676 2016
3380 6205
1170 1181
1389 1735
3653 4156
5581 6661
4711 6105
6457 7322
1535 1883
326 305
5178 4530
3978 5738
5764 6377
3248 1555
3312 3777
2287 2767
6316 7020
1430 1745
2923 3340
2342 2822
516 715
3549 4047
851 1022
6214 6908
2319 4742
5362 4895
1112 1439
5232 4676
2189 4638
3394 3885
1369 1696
5796 6882
6738 7498
2723 3064
4827 3930
6622 7328
2699 3142
4731 6108
5171 5737
2907 3334
2833 3244
4067 2619
259 130
186 2857
3642 6301
5893 5835
4096 4564
3646 4161
4416 3121
5556 6116
5815 6437
4952 6796
3871 4385
2318 2774
904 1138
105 18
3921 2453
3715 4219
2275 2741
1815 4215
4754 3760
4996 5554
5151 4495
3524 1873
5833 6459
6094 6727
2729 3083
2269 2737
6456 7156
5253 5808
1230 1409
4320 4802
3696 5521
5152 4496
1569 1806
318 194
5639 6719
2753 549
5746 6343
2281 4733
2795 618
4752 6131
758 852
1693 4103
6115 7074
6162 6835
5046 6374
522 470
2807 3279
1186 3607
1267 1567
392 349
1759 2114
6242 6921
1644 2003
486 38
6207 7153
1943 5640
5839 6471
1932 4349
5812 6888
4824 3888
6537 7432
3105 3483
4282 4790
687 898
1902 2296
2162 4598
1665 2027
3064 5063
5195 4601
4147 4665
1347 1591
1707 2085
5837 5714
4409 4876
2417 2891
1702 2059
1426 1736
4934 6303
350 435
5828 7168
4730 5231
6670 7450
1199 1457
148 200
3965 4447
3296 3716
2719 3148
1630 4018
3472 3972
5051 6383
1747 5513
6185 6862
225 207
611 4874
3259 5279
6659 7377
6668 7273
2199 2674
3002 4964
1919 2318
3973 4455
1512 3966
5843 5725
4898 5476
2127 2579
6762 7514
3595 4089
669 3045
2762 3161
1451 1773
4632 6061
3381 5344
2783 2911
1992 2419
2516 2971
4695 5218
308 202
6709 7341
1948 2350
4656 5194
351 242
5622 5381
2382 2849
2784 2912
5582 5274
4526 5053
501 489
6583 7284
3941 4434
853 1075
377 450
2107 2565
2946 901
6676 7395
527 185
2562 3042
2057 2505
4427 4933
2108 2566
3611 4113
4668 3561
4454 5936
5271 6533
757 818
4616 5985
2879 4885
4733 6118
621 3034
6742 7469
728 3132
5017 6346
3135 1325
2118 4589
3705 4214
4610 6001
1133 3528
3419 3892
395 2953
5610 5334
4682 5240
2582 2940
520 2926
457 2915
6630 7344
1362 3795
3478 3916
3795 4298
2110 2593
3136 1326
1472 1827
4129 2714
6442 6861
4717 5249
6455 7158
1088 1120
3558 1973
1073 3522
643 3125
4791 6192
2204 2693
2980 3396
6559 7248
1020 1291
4562 5960
6586 7388
347 9
3465 1857
6036 6680
2981 3397
3809 4316
3806 4314
4368 4901
2859 648
1454 3842
1605 1917
284 226
1291 1597
1452 1790
5241 6512
6260 6945
1835 4245
5652 6247
4958 5525
1795 2188
4369 4902
5689 6767
178 171
5466 6023
3421 1766
3996 2560
4890 6756
737 3351
4570 5976
3669 5517
5512 6606
1150 1191
6525 7199
6767 7518
1274 1579
2143 2661
3458 3963
1695 4109
974 5131
4592 5112
4943 4146
2710 3141
4572 6591
6143 6319
1610 1991
4805 5354
2780 4772
4446 6560
6577 7276
1353 1562
1691 2053
3531 5431
2659 3039
4605 5151
1556 1924
4657 6058
6130 7285
257 191
1054 1261
3690 5541
3752 2234
1983 2414
573 3213
127 165
6134 6803
1953 2359
2036 2474
4018 4498
4633 5156
6785 7500
2331 2820
4865 5436
3697 4201
6683 7400
4787 5380
5005 4238
1863 2246
3975 2530
1608 1997
4387 4905
1296 1595
3146 1243
2441 2854
17 52
1203 1515
5842 6463
6700 7418
1947 2354
563 4853
720 853
2226 2711
3453 1836
6746 7474
5108 5673
3821 5632
2944 5013
4909 4082
5851 6475
2814 566
1515 5439
2325 2766
6692 7412
4380 4929
5359 5928
3012 3446
1565 1918
5800 6426
5625 6218
2945 5014
791 3238
3029 3280
5165 5734
5412 5923
2960 3395
2970 3380
588 783
5146 4494
2953 3282
4804 5341
6315 5989
3295 3755
1164 5200
5335 5879
1173 1433
4688 5236
2396 2831
2761 3150
995 3443
4137 4695
1034 1311
2758 3221
2877 3269
141 144
5245 5807
5406 5954
4487 4987
1245 1520
6208 6892
5982 6965
2969 4951
3687 5526
2078 2518
6131 6307
906 3349
4489 4947
6453 7320
2300 2799
6672 7452
1261 1565
3483 4008
3030 1042
1996 4438
229 2924
982 3433
4846 5428
6395 7081
1127 1307
292 104
3917 2438
4287 4824
6349 7232
3351 3781
4642 3536
1593 4006
389 500
359 2950
1731 2069
4889 5467
6240 6926
2294 2792
4566 5082
1898 2295
693 887
5414 4954
5496 6048
3974 4456
3079 5158
6186 6863
3417 1767
701 824
3104 1283
407 522
5754 6366
1471 1739
4540 5059
6273 6511
4271 4831
3540 5440
2685 3127
2608 3003
1440 1785
5427 5016
3855 4365
5984 6610
1258 1569
2822 536
2788 4803
2882 3106
3371 3831
6726 7482
4052 4524
166 204
1443 1791
2742 4921
2799 3246
3883 2399
2317 4741
4486 5885
1951 2356
4034 4592
3016 3417
1669 4071
2148 4628
4623 5123
4655 6087
5003 4236
3323 5270
5715 6315
3280 5243
129 29
5831 6458
1952 2357
2206 2716
2005 2491
4261 4782
6022 7007
3716 4223
4602 5012
4215 4747
761 688
5218 5786
2580 3066
4686 3608
5892 6952
1923 4331
1822 4229
1344 3734
4396 4888
6067 7046
309 210
510 482
3749 2209
5785 6404
4466 4801
6541 7042
5079 4376
5426 6576
3500 1893
3808 4315
5396 5916
6366 7376
5911 6540
5679 6263
2021 2465
3890 2413
5038 5600
421 456
5421 5984
155 60
1723 2110
6235 6917
3375 3851
6390 7073
2088 2526
2077 2520
2521 2873
5664 6259
957 1155
952 3402
716 908
1094 5166
6793 7483
6343 7031
6621 7462
2744 5847
1116 1438
3629 4137
2050 4501
2138 2627
1805 2143
6181 6381
3491 3962
3164 3632
4120 4683
3263 3745
5691 6285
1847 2224
4950 6789
3433 3939
2145 2663
4046 2620
1035 1344
976 1055
6074 6726
296 162
2084 5745
4510 4988
2478 2905
1777 4194
6660 7441
83 27
4715 3650
3477 3981
5671 6271
5934 5905
431 477
2510 2921
4133 4658
1779 2151
3607 4046
5212 5794
1332 3739
4468 4958
76 96
1448 1694
2479 2906
5660 5417
634 812
3181 1418
4101 2706
2292 4738
5066 5633
1903 4304
1152 1425
1816 4210
5142 5707
864 3286
2839 3175
5981 6021
898 1129
6690 7410
1022 5135
4959 6313
5196 4587
6217 6450
1163 3548
3589 1996
1592 3985
2622 3047
2797 4797
6203 6415
6170 6842
6797 7516
3875 4390
2931 3387
4089 4566
3391 3862
5504 6587
5270 6534
4877 4025
3776 4281
1457 1841
2634 3092
1852 4251
6740 7468
981 5127
2268 2756
746 3230
5208 5778
1235 1533
2963 5085
1089 1376
4973 5535
3786 4289
489 3208
5979 6599
6629 7343
3150 1355
3083 3530
3238 3736
2032 2478
5766 5621
1248 1574
2072 2537
3509 4002
2083 2523
4056 4536
2248 4694
6469 7327
4090 2624
1500 1731
682 819
2324 2769
6410 6790
855 3292
1544 1896
3342 3819
5385 5932
1197 1453
4013 5757
2112 2575
5060 6388
1413 1752
1194 5205
164 33
4065 4552
830 3243
3270 1466
3744 2217
2389 2851
2085 2555
6727 7372
4350 4832
2676 421
2069 2510
3967 5699
2775 4769
3100 3554
3839 4353
4519 4997
5509 6630
690 3158
5859 5762
2086 2556
4430 5875
1937 2339
6517 6986
4613 5011
5460 6018
4187 4711
3847 4358
3546 4044
3094 1275
661 3157
4176 2746
4429 4826
4819 5404
6412 7101
1281 3653
3347 3743
3054 3460
366 440
4340 4805
3702 4204
963 3481
4205 2760
1121 1251
319 249
2818 4828
6050 6684
3590 5456
1478 1859
5686 6255
1477 1823
2832 425
437 596
1166 1458
1122 1252
3400 1734
5889 5797
3722 4220
3202 3669
5849 6470
6044 6664
5716 6316
6623 7170
1712 2080
3107 3599
866 1074
1172 1465
6039 6659
5140 4480
729 915
872 1130
4927 4122
5988 6598
5014 6347
6782 7466
4689 3585
5190 4557
5256 4735
3877 2397
1710 2082
5279 5848
4377 4869
3444 1778
5958 6580
32 31
4581 3436
331 451
4209 2797
5455 5982
5623 6706
2559 2947
4471 3232
6009 6644
5024 6353
2991 3408
5806 6416
884 1149
4917 5488
4608 5144
2168 4630
1425 3860
660 4893
3650 4170
6212 6894
6149 7107
739 878
2089 2527
542 575
2240 4679
5568 6647
1880 2277
2146 2590
4210 4744
1304 1511
5537 6086
4026 4517
5526 6069
1095 5167
4144 4662
3741 4258
5252 4708
1797 2158
2222 2715
5522 6042
2416 2892
1678 2039
6608 7407
6434 7302
1831 2203
2172 2615
3598 4088
6228 7175
4391 4798
6043 7035
3074 5077
4727 3699
3165 3633
1888 2290
5515 6067
6326 7022
4041 4616
6431 7118
3554 3964
653 689
1674 2040
570 532
5924 5893
2310 2781
5411 4976
2374 2862
5760 6373
3831 4347
2727 3160
596 782
2433 67
923 1175
1827 4244
5572 6138
402 419
6588 7109
6666 7449
1675 2041
4447 4864
6081 7061
6058 6154
6159 6820
3298 3723
4939 6289
233 197
1588 1975
1718 2087
6218 6452
5871 5780
2874 3352
4004 4510
6734 7454
4223 4758
2971 3458
469 651
909 1169
5213 5796
6473 7166
1955 2363
3333 1630
5771 6390
3880 2398
3673 2137
2116 2571
6595 7304
5954 6569
3245 3730
572 521
2750 4811
6106 6241
4457 3108
4072 4543
4638 6027
3424 1786
3536 1949
5891 6951
108 169
40 81
2873 5023
5613 6690
1213 3624
3116 3555
3800 4302
3693 2154
839 3290
200 88
5261 4743
6831 7556
535 309
3910 2426
4815 3870
168 66
29 12
5263 4748
6509 7207
3315 1476
807 1038
6276 6528
1641 4050
5468 6586
189 153
5824 6899
4644 5177
780 1034
3803 4311
4118 2683
2566 3010
3769 4277
4135 4697
4986 4206
3142 1351
6424 7289
6564 7254
3766 5587
4818 5375
2302 2772
1364 1610
4971 5543
3133 3579
956 3410
5795 6410
571 2991
3316 5257
5857 5755
2493 2894
2779 4773
4863 4023
1921 2319
1788 2182
6552 7054
6494 7189
5899 6522
2951 3428
4853 6238
5207 4623
475 387
5665 6265
6189 6864
2649 3036
4967 5544
2500 3007
2537 2969
5883 5789
2869 3249
1964 2396
6546 7369
2764 3214
4696 5224
2540 2898
5524 6594
3313 5260
6151 6814
736 3189
1434 3811
3592 5458
639 3021
4710 5256
5548 6106
668 3140
576 666
2590 364
1581 1969
5298 5855
485 3149
209 87
5894 5809
2885 4919
664 711
5219 5782
248 143
5459 6004
2062 4502
2228 4656
817 963
5588 6136
3870 4384
546 4855
410 533
5890 6505
4515 6557
5532 6613
5239 5804
2632 3032
1208 1266
5010 6341
832 986
2314 2805
4186 4690
1817 4218
630 712
6632 7345
2460 2855
6030 6655
2034 4465
1585 1953
6808 7523
1377 3866
91 119
5425 5966
2038 2486
6458 7160
6017 6646
742 3347
4059 2649
3811 4317
6633 7346
3793 4297
773 965
123 126
3137 3533
6452 7157
299 238
90 69
3230 5250
338 361
2611 4882
3112 5132
3272 3695
3036 3459
3231 5273
4694 3616
4918 4093
543 613
1854 2223
1727 2112
3757 4265
4858 5416
4845 5429
6407 7095
4092 4580
334 205
4942 4143
2940 3326
2897 5035
614 833
4516 5015
4529 4884
5063 4340
6616 7415
829 1043
4729 6141
6360 6709
3567 4058
2154 4624
1336 1530
3128 3580
3753 4267
376 390
5791 6874
1698 2064
1171 3645
1435 1779
4920 6268
6591 7294
1824 2197
1918 2317
4895 4059
4604 5125
5927 6564
3452 3938
781 921
2035 2497
4678 5210
1209 1490
4005 4511
6708 7340
2323 4751
5946 6563
3308 1507
3115 1299
