2934 729
1860 1643
4098 1803
970 2831
408 244
4761 2982
3063 917
3419 1263
6708 6236
1103 1003
6555 6321
6181 5454
1448 3027
3855 1697
6633 5999
3456 1318
274 179
6269 5573
4521 2524
6731 6447
763 708
2895 2570
4074 4872
771 651
5331 3967
2175 1884
6649 6306
4206 1888
4316 2318
2374 191
6357 5299
1365 5775
4819 1286
4908 4595
5372 2487
1540 5325
1918 3527
2900 707
2995 5639
579 540
3422 4455
1784 1557
3034 861
6262 3648
5102 5480
2931 2657
6385 6332
4649 4332
6478 5524
189 193
5857 3613
5425 5078
4248 241
6048 4417
4980 4653
5684 5855
236 255
1093 5116
1582 4513
477 368
3732 1563
538 2531
1336 1006
5659 6156
4286 2157
4491 593
3540 4548
3590 5362
4096 3615
4522 2650
5335 3951
345 217
679 671
536 597
3408 1287
3515 3104
4916 4598
2822 453
302 168
1593 4553
5683 4586
2955 700
5691 4597
2698 2289
5418 4074
5405 5041
271 2149
2162 1875
5515 4297
4865 4546
4775 5248
5631 3101
65 197
3386 1220
808 4984
3337 6111
3477 1347
5224 3645
3635 1481
5980 5649
1740 1515
6726 6574
6391 5369
1186 2768
4090 1800
548 423
2571 301
2960 691
5593 2971
842 3919
351 196
6256 4806
5594 2972
4831 6142
807 798
2729 2276
522 337
4996 4669
4894 3239
5053 1654
6408 5865
5068 3476
4174 1833
3016 2621
4760 1150
316 181
3742 1571
6585 6188
5954 5008
1120 5127
4654 2785
3012 2725
3643 3305
6396 6175
4159 4929
2268 3771
2748 2072
5126 3560
2717 2221
6031 5234
5752 6213
2543 2132
305 129
4571 2663
4155 4935
2892 683
5697 3267
5634 4518
2168 3742
976 2560
5039 1607
4690 2865
3900 1723
1682 1471
3877 1707
5155 1770
3069 2753
4415 2412
3787 3475
2724 2298
1454 4445
794 747
879 4029
3366 4469
5550 5733
1789 3391
2897 2513
3296 2921
6492 6415
3056 4975
4311 4032
2363 76
4910 3252
974 4122
3040 4982
1096 4155
1235 1109
6348 6095
2965 3902
4724 2923
5968 5123
2826 508
3737 5455
3541 5332
2652 282
2396 69
6423 6365
2888 515
4755 1124
1924 1713
743 596
6133 5878
1016 954
474 375
5581 6295
1756 4663
376 365
4157 4934
6654 6502
4370 4045
5623 6124
2430 150
2733 2349
6225 5513
6529 6072
3338 1204
4658 4312
1699 4620
5786 5953
3327 4306
2441 81
130 19
5310 3958
1631 4567
3608 1448
3680 1518
6380 5342
5965 5690
544 512
90 109
4706 2903
3379 1239
5311 2093
405 225
1407 1218
2235 3816
1216 4247
5748 4686
4578 768
275 178
1415 4396
2292 2025
3067 794
6143 4634
4451 2418
4262 2185
1267 1122
4686 2855
1903 3501
4662 4330
913 3996
6613 6484
4781 3059
362 320
3636 3303
327 410
4774 1216
3449 1320
2493 2154
5880 3647
3955 3561
4422 4061
1376 1247
1281 5198
5561 4319
1214 4369
4777 1111
4779 4434
2627 445
2745 2407
3369 3007
4610 5650
983 5070
4895 1407
3215 2835
6314 6058
6561 6330
4224 3855
4982 5431
6598 5895
1832 1648
4501 2529
2907 633
4540 2609
3750 3417
4424 2465
4718 2898
63 3863
6033 5249
3291 2822
2416 230
1797 3379
5528 2783
2417 231
272 134
2884 555
898 857
78 182
4282 3911
273 135
917 606
5713 6357
157 71
3102 962
2697 2233
4925 6180
4477 547
4400 3950
5714 6358
1442 1289
3953 1750
4652 2821
4388 4012
449 262
5408 5050
5753 3397
5801 5967
1398 4436
326 310
5252 3695
3549 1398
219 334
5961 5084
6375 5823
6551 6320
1568 4515
6556 6151
2337 3837
4312 3886
3779 5470
2707 2307
975 4087
3804 3487
2653 2294
6454 6384
889 5644
3284 1123
212 277
5688 3246
5356 3995
2580 382
4974 1517
5789 5948
4782 3060
1194 5149
1748 1516
3197 2813
190 291
1296 1157
4606 5657
3774 4731
1877 1673
4854 3089
4955 3311
4677 5694
5508 4222
508 332
1009 822
1362 4435
5047 5467
6734 6459
3712 5442
1536 3137
3545 1364
1277 5190
3688 5430
3589 1424
1762 1534
5461 4153
3059 4085
2632 263
4592 4237
6564 6436
5349 4001
6475 6239
3782 5471
2449 2105
5488 5153
6586 6560
5393 4083
3440 1238
985 4094
177 2120
1765 3367
3166 2628
2323 4954
4550 673
6023 5215
1189 897
3367 1235
5504 6038
2924 622
6545 5267
832 710
2660 428
5551 4340
3087 4170
4599 2778
3442 1329
1339 4328
2913 554
893 800
4730 886
2240 3805
3118 4040
674 348
5878 3661
1354 1242
6578 6181
5166 1785
5664 4558
1244 1103
5475 4192
4454 5035
2738 403
6460 6381
2559 92
5655 5336
1931 3517
4875 5824
2524 2112
1049 964
5678 4587
4978 4648
3496 3183
6728 6577
1932 3518
3165 2876
2537 213
6579 6451
774 697
1543 1368
1195 2776
4418 2344
856 3910
5696 5404
1304 1028
1098 2874
5679 4556
2655 2471
4847 4486
4806 4430
3476 1333
5332 3966
2306 2018
5626 6158
6196 4746
5067 3471
1611 1419
3592 5365
1732 3330
3747 1576
6816 6536
3844 1678
1733 3331
4741 5211
4325 2369
6682 6469
1879 4735
346 198
5556 5229
2667 381
3873 1700
6608 6530
3382 1254
3156 5687
1857 3458
211 248
5056 3467
5030 5457
880 791
4484 2556
3234 1101
4329 3962
2805 2400
4396 5018
5883 1826
6695 6375
2154 4882
5554 5213
480 470
6175 6477
2296 2023
4642 2816
543 513
6482 6250
1661 4592
2630 2166
1497 1281
6405 6455
2612 2321
2222 3702
6186 6219
873 781
2857 503
5298 5002
4893 3238
125 5
2773 2538
6058 2975
5014 4693
6692 6217
5368 5054
2778 582
3421 1295
2140 1792
2774 2539
5394 2445
3504 1363
5687 4591
5413 2532
113 165
3097 2825
2151 1865
2813 2446
4941 1476
3407 1268
2766 466
5592 5283
5370 4105
1026 4099
318 140
968 2548
891 2379
4397 2316
2732 2419
3277 4394
5090 3513
2954 592
5402 5047
1792 1567
1948 1679
5012 4675
5723 4641
4997 4666
4500 2530
5099 3529
3285 2932
2874 713
1010 834
4699 953
3013 764
3786 3474
5750 5910
1334 3013
4938 1467
1525 4484
5427 2565
3112 4123
1539 5319
4758 2989
3752 1597
4877 1380
2070 3635
4068 1794
1641 4585
3375 3070
4201 5632
4525 2509
2718 2220
3947 1745
4558 695
3711 3355
2991 2632
2123 3707
910 627
2460 2114
5526 4283
3928 1737
514 569
5686 6167
886 5046
977 2559
4156 4933
6081 6153
2026 1742
4627 5637
5018 1591
6656 6506
6128 5412
5698 6352
1908 3491
3679 4650
2503 2259
5700 4608
6746 6496
1838 1631
365 2234
4920 5845
6793 6549
6508 6287
3260 1130
2735 3875
1252 1146
4570 5023
5767 5479
3039 2774
3103 5051
3596 5371
5616 4475
3244 1117
924 900
4261 2184
5975 5132
250 155
5518 4293
6435 5893
6306 6067
2579 65
6157 5888
6230 4772
4907 4594
772 2599
2033 3663
1239 864
2984 820
5004 5437
3033 3892
6431 5890
4906 1403
599 516
6310 5715
379 209
2206 1941
4073 1804
1693 5409
2624 115
988 4244
1133 5125
4650 938
5649 3150
2608 2223
6166 6473
6035 6100
4614 2729
2976 3900
875 2229
5668 6338
741 583
3430 1315
3699 3359
4962 1508
6495 5572
6757 6572
4358 2147
4566 4212
6372 6433
836 802
3159 2894
4346 5036
2852 487
850 642
337 393
2971 824
2451 2143
3310 2930
3079 2763
4733 5742
6602 6475
4913 5379
6017 5748
2217 3804
2946 688
4085 1961
3758 1581
3129 4052
19 110
6382 5820
2951 763
932 4997
1831 1614
4721 2941
2930 635
1878 4736
2194 3734
5117 3552
1569 3087
6134 5879
6093 5329
3965 1755
6208 4760
5019 5920
3646 1488
5635 6152
5672 5372
3292 2929
268 446
1056 5703
979 937
1041 942
5151 1783
2243 4900
1076 4159
3414 3094
75 142
5584 5240
2143 1914
4969 1512
4239 3869
1887 1651
2478 159
2654 2472
312 149
3715 3373
3484 1341
558 580
3458 3161
4368 2360
4470 5061
5024 4698
852 3909
1650 3228
4629 2759
5032 4703
3093 2802
151 257
4237 2194
1084 984
3108 5697
1147 5134
923 904
1342 4344
4825 3103
3801 4732
5692 4599
5522 5724
6281 5645
2629 276
4736 1090
3066 4169
1848 1632
5441 5662
6161 3369
3038 2258
308 164
1583 6169
5362 4013
6337 5223
5366 3949
6794 6597
4660 5693
1863 1625
4924 3276
5667 4566
6687 6478
3184 1014
121 2136
1387 1261
2973 2606
3768 4718
5234 5625
649 644
5079 1699
2611 2322
6601 5906
2923 621
4061 1789
193 94
1633 4577
1616 3196
2216 3700
4577 4185
5398 4079
6228 6252
4498 2439
2869 2494
5676 3217
5399 4080
4748 2966
5021 4697
5639 6323
591 3945
2606 2264
5572 4383
5695 4600
4283 3912
5617 2998
4843 5791
4435 563
418 379
6619 6222
4901 5380
1963 3499
4260 2224
2089 1772
6686 6526
4342 2130
4691 5083
5571 4371
1151 4130
3681 5432
2564 99
818 694
4460 5024
4883 1355
2915 679
454 506
5532 6037
5665 4570
1414 4395
6766 6440
5459 2540
3878 1715
1392 1264
6236 6249
2786 2440
6127 6456
5768 5930
868 795
4513 4173
3413 4439
3533 5817
1081 5087
995 4070
5505 6045
3024 757
1509 1298
5929 5007
6160 5892
634 680
3116 890
5624 4506
3021 3927
6170 5905
6071 5312
3776 3479
5247 5622
5642 4537
6534 6497
5585 6085
2958 3901
3194 5147
306 130
2909 730
3514 1377
4821 5799
6694 6481
4437 4072
1813 5446
1907 3492
3371 1215
6149 6362
3603 1442
4120 3770
381 432
1515 5359
3482 1359
3525 1387
4334 2291
3057 2741
4827 1311
4551 674
6261 4810
812 833
2767 4106
4898 3242
870 741
6117 5387
5759 5918
4696 4352
6043 6302
5804 5520
3347 4374
5055 4742
3286 1129
6293 5678
6411 5872
1854 1657
1163 5121
6676 6466
4361 2275
3595 1428
1245 1080
6339 5218
3532 4572
4367 3971
3302 5226
4695 2850
998 815
1434 4405
1625 1415
6042 6107
3769 1600
1333 2888
1500 3049
3960 1743
5207 1815
3192 1021
2174 1969
6386 6439
1759 1539
6010 6275
2939 2576
4609 5651
1088 4143
982 5071
6079 5309
2364 75
4663 5095
442 2354
4869 5833
1099 5099
6368 5804
503 573
3744 1619
3100 901
4273 96
2721 2385
2434 287
2829 533
2516 260
440 95
5995 5066
5997 5164
6324 5192
3488 1356
2242 4901
6173 5444
3044 4981
1008 898
6666 6555
4776 5214
3177 5141
5534 2814
2574 2172
4510 2491
3055 4966
4813 4511
3628 3289
3498 3066
2553 208
789 3906
4884 6163
6027 6102
5917 5019
1730 3329
2832 251
5323 2111
3042 860
4423 2441
4320 3882
5918 5020
5517 4292
6722 6430
2263 1980
3084 5672
4321 4000
5527 4282
4940 3296
277 2212
5253 1912
5547 2815
4602 4980
367 183
6451 5933
3521 4520
3649 1489
3696 5436
5711 5871
952 3994
6258 5548
1643 5383
3164 2875
178 246
2820 461
2996 786
5494 5727
2156 3681
3745 3407
4150 1853
2899 689
5492 4248
252 2246
2157 3682
4608 4276
3764 5465
4091 3692
2046 3646
6125 4601
4915 1425
2914 660
1822 4710
4186 1840
6308 6062
191 292
5619 6132
5317 4030
3861 1686
6590 6363
4685 5701
4160 4928
609 637
5143 3566
6065 4441
4378 3979
1278 5191
5583 5230
1654 3236
489 521
6171 5904
5462 4154
3317 1136
232 285
1766 3363
3132 5074
2791 2317
613 2635
2782 2451
871 3941
4678 2841
2560 256
560 532
6097 5800
1018 5059
2521 2074
6650 6419
6113 5843
4704 4376
3790 1623
217 322
6554 6327
3720 4685
4034 3717
3141 989
1021 4067
1886 1650
3821 4737
605 499
3083 881
5605 5770
6402 5856
4162 4926
6122 5391
6154 6199
4487 2521
3725 5445
5447 2612
2115 1894
5864 6405
2376 51
862 793
2873 2517
3346 4375
4871 5354
5041 3451
6653 6314
2994 5638
4930 5401
147 313
2789 2554
1233 1095
4958 3317
1083 983
2816 591
5837 1773
5543 6055
5406 5079
319 267
1547 5315
5152 1782
5536 4273
3420 1303
6001 5731
393 319
5512 6274
1725 5422
6477 5523
1218 915
4933 1455
1262 1043
5453 5654
6052 5285
1100 4151
4309 3905
2796 567
2661 427
6401 5386
2758 2546
2988 2601
5891 6031
1401 2968
5574 5711
762 639
4849 1334
4879 5352
1349 4463
3465 1353
1061 4060
6178 5458
3555 1389
4710 2914
1676 3280
466 471
2215 3699
4287 2245
3556 1390
1095 5129
6717 6425
4643 2827
4414 2350
6352 6311
1714 1487
3942 1741
5028 5927
1704 1482
4634 2770
1615 3180
895 2334
933 4998
6506 6056
2150 1866
3124 2810
4524 584
6507 6057
3751 3414
4372 5031
5040 1608
3191 1022
3250 1138
3559 1406
2 186
2959 625
6255 5560
5531 6036
863 813
6096 5341
3620 1465
2815 465
4270 2163
2144 1915
6242 5532
5304 3914
2990 839
5352 2448
4603 2735
370 308
4751 1114
2896 2571
499 2248
573 455
3684 1531
1833 1639
195 185
4881 3231
1086 4101
1386 1231
3564 1400
3356 4493
4657 5135
1614 5357
1882 1684
6028 5764
2083 1769
435 346
1861 1644
3669 4647
6163 5439
2938 2617
919 818
6343 6106
827 699
6112 5351
5086 4740
4859 3175
4023 4871
3385 1207
4909 1421
4830 6140
6259 4809
4151 1852
4719 2897
5662 3198
5420 2562
6433 6524
5048 3427
690 3859
5422 4090
6273 4849
1129 1044
5049 3428
1492 1208
3188 5137
3738 4678
4409 3948
4618 6035
831 748
1775 1542
3657 3315
1397 1258
5521 6039
2551 336
557 566
3626 1473
3253 1088
3763 4702
4387 2358
6201 5487
3974 1762
957 845
417 288
1901 5491
4476 505
3761 5923
5994 5160
4987 3342
5716 3301
2731 280
321 173
5701 4609
4135 3783
5793 5501
6667 6445
4967 1511
4874 1391
5854 3587
4597 836
6073 6133
939 2454
3733 5915
2193 1940
4914 1426
3729 3401
6303 5700
4440 4960
6452 6386
5728 5428
6576 6453
6003 6041
1052 5684
392 307
5729 5429
2614 335
6179 5903
5231 1838
5279 3922
3173 977
4028 1774
5538 5194
3432 5304
1094 5130
3802 4734
3125 939
4904 5381
4661 2826
4656 4331
4731 5728
3753 1584
5500 4219
1403 4399
5519 4303
361 216
5474 4221
2714 2410
6427 6461
6387 6438
3078 4184
2105 4862
1380 1167
1369 1248
6118 5846
4984 4654
4427 2420
1343 2901
3627 3288
4568 5029
4519 4107
3481 4528
3175 5117
4697 4353
3522 4540
4506 544
3538 5333
2817 504
5294 3915
6721 6429
3625 1472
2264 1983
5029 5926
384 305
2088 1771
6378 6143
3739 5461
3219 971
3391 1251
4740 6096
2183 3727
3692 4658
5485 5154
5546 4117
5486 5155
4359 226
4613 5634
4416 2411
784 572
814 2103
3160 2893
780 816
6632 5998
5541 6061
5671 4574
5271 4948
3113 974
4855 3125
3259 2902
6614 6482
5570 2904
1929 1672
3390 1269
2566 2271
4369 2361
4764 1182
3331 5202
4604 2734
6541 5782
1817 4708
4271 2313
3147 2833
1416 4381
201 190
5061 1668
1400 4390
1521 3056
300 139
2704 482
4605 2787
2876 522
3765 1615
3289 4271
5327 2262
3809 1652
6725 6571
6064 5793
1836 1575
6026 4336
4588 4187
1925 3507
1506 3114
4993 3353
3342 1211
5651 5826
6440 5907
4216 4952
792 2128
2255 3766
5087 4739
2647 398
4341 2131
4651 5030
247 107
4725 5725
2095 1844
2236 3815
4912 3254
5197 1807
4338 2299
5007 1545
1421 1267
6430 6521
3355 1212
5976 5660
1141 4133
1513 3140
6489 5554
3303 1145
4214 1902
3939 1739
3229 987
839 4991
3393 1206
5147 1776
3577 3240
3230 4360
1720 1496
3357 1219
3833 1677
1800 1568
2649 247
5838 4777
6491 5563
3373 5774
1134 5157
3650 1490
2522 281
2565 100
4154 4936
3029 4985
3256 5176
2802 409
3749 1660
3017 5001
487 452
1150 4205
3434 5268
431 457
6418 5421
2963 2595
4465 2303
3082 869
6333 5759
2480 43
4655 4299
5260 4943
5359 4043
4514 4174
2481 44
6584 5869
2510 2167
3238 1092
947 916
1321 4378
5431 4147
4931 5400
3857 1688
2246 3786
1537 3138
1406 1284
4579 2587
4317 2319
746 2297
481 534
5577 6077
876 40
1778 1548
3026 4977
5769 4719
4829 3111
4983 5427
4375 2351
4495 2550
4594 3932
100 80
248 108
6668 6348
5756 3403
4723 2918
3381 5277
1340 4329
5836 3578
4672 4243
4208 4939
4918 1430
3255 1104
119 98
999 830
4339 2300
2540 2089
6254 5559
761 372
574 681
482 495
6062 4453
4254 2176
5613 6123
2281 4951
6671 6353
3105 2614
753 588
5142 4769
4637 5661
4497 4089
4542 2645
2646 370
742 595
2747 2425
3784 4712
3948 1746
4057 1795
4903 5382
3015 2627
4212 3829
2700 333
5796 5959
2894 3920
375 364
4210 3827
4633 2771
3336 1226
1476 1326
2618 2148
1849 1603
4713 5712
434 345
2433 206
3325 5209
5607 4457
3167 967
6350 6421
6560 6331
6011 6276
1769 1547
4383 2455
4926 3281
3690 3352
4846 3164
1043 929
5498 2700
1715 3306
2911 703
1524 4483
930 4033
5280 3877
2798 2430
3122 2819
4380 2458
4754 1118
535 2079
2508 2217
2202 3713
2710 400
6345 6091
556 485
5377 4062
4202 3831
3492 3113
5739 6368
5378 4063
5927 5055
335 184
3866 1694
1671 4596
2756 436
1856 4720
301 138
3399 3055
3128 2824
2824 2534
3818 4744
5595 2985
1663 4593
6074 3041
3654 1497
755 3924
276 2213
5438 4119
3655 1498
3075 905
1847 1609
2532 2286
2401 42
2730 279
4866 1382
3415 3095
3803 3488
4911 1418
6129 4618
6400 6446
6741 6391
2906 632
3412 1283
6051 4427
4714 4387
4832 5819
5552 2856
2548 2098
5993 5735
2669 440
6595 6471
4516 2519
5194 4794
4833 3129
961 4108
760 643
1821 3433
3565 1402
5523 4302
1102 4175
5568 6291
363 357
6599 6203
129 4
6108 5801
1697 1479
4377 3980
2182 3725
6709 6237
6474 6240
4680 5081
5457 5150
105 7
5727 4644
1135 5156
6346 5781
4541 2608
776 668
6457 6382
6046 4418
855 4972
4954 5874
5316 4963
3666 1510
1164 5730
2749 2290
766 704
3448 1308
3472 3166
2794 2377
878 780
6471 6398
5745 6472
1764 3374
5338 4025
3685 1525
6309 6063
945 4218
6517 6294
5190 1802
5203 1811
5088 3523
4939 6185
1835 3434
1220 4254
984 2450
368 284
4364 3986
6736 6565
5188 3608
2970 2584
5264 1899
4580 4970
3189 5138
3022 4114
3579 1412
6681 6366
4461 5044
3051 5110
4473 2545
6013 6040
5991 5686
6326 5752
4403 422
3892 1717
3226 4364
5722 6198
6533 6299
4722 6076
1272 2829
4048 3680
3321 1200
3150 994
4835 3151
4166 4947
6089 5338
4836 3152
845 177
5466 4203
4986 1527
5670 4573
2997 687
6289 5669
6340 6544
6194 5961
2380 89
5656 4549
6123 5861
4595 2623
5539 4311
2843 2515
2291 2027
3932 1734
4878 3232
3006 4202
2659 229
6675 6465
148 314
5821 4762
1701 5414
6597 6523
6745 6540
3542 1386
3675 3335
1574 1388
793 2121
1785 1552
5934 4023
4676 950
5740 6209
3916 1731
6384 6434
2793 2435
4598 2748
2554 309
2477 2076
1109 4110
6568 6161
4587 4186
3700 1532
6790 6592
2121 4853
3701 1533
6569 6168
2948 2625
4581 2755
6565 6550
5557 5741
3210 2956
5666 3182
5587 6296
3840 1674
3524 1352
5600 6093
4589 5139
73 39
2752 2355
2801 362
2486 2144
3489 5807
1919 3522
5046 4714
6067 6309
3387 1260
6106 4529
4444 564
317 141
2315 2016
4037 1779
4759 6087
5844 4778
4842 5792
4803 5278
5974 5111
4888 3220
2547 242
6809 6609
3668 6200
2133 3677
5410 5025
2648 397
74 66
4889 3221
1731 3339
6473 5958
3032 511
849 2796
5421 4156
3736 5914
1976 1781
1113 5113
1637 1433
5414 4102
1092 2523
6036 5251
5003 3364
1829 3454
4523 2649
5548 4342
2131 4917
3529 5324
4475 4071
4635 2823
3304 1144
5859 3621
2558 2107
3201 1019
3812 3506
3202 1020
2770 444
1441 1288
3179 5131
5193 3617
1893 5481
2344 166
2314 2017
578 541
2819 2427
5620 4440
6530 6073
3339 1205
2757 480
257 221
5622 3080
2619 2367
4456 2459
3695 5435
883 4024
3785 3463
1866 1594
3491 1314
3678 4651
1302 5206
2674 2308
1783 3386
6658 6509
6239 6010
3185 5120
4756 5172
6740 6392
4668 2820
6114 6342
5177 3592
4905 3244
410 559
261 2135
4596 837
2685 404
981 2496
3363 5224
1747 5891
5369 5053
989 2453
3517 4554
2870 693
5274 3943
1170 2553
2189 3724
5013 4691
5063 1669
140 87
6361 6505
5892 5608
2300 2020
5690 3253
2986 4987
6680 6467
1717 1493
6544 6135
5411 2537
1760 1529
3110 5092
5604 4442
3074 5671
3569 1342
6316 5743
5966 5133
4988 3343
6670 6583
4762 3003
729 702
622 546
5456 5151
5170 5521
4041 3741
2589 2261
720 652
4035 1786
2981 664
5171 5522
783 571
299 268
6481 5531
5606 4456
396 304
4919 1429
2626 406
6069 4452
3766 5463
1157 1026
6577 6454
1316 5203
3676 3344
1053 5685
964 4103
6453 6385
5818 3543
5979 5101
1078 4118
3071 910
687 719
6185 5462
3466 1328
4412 4021
2827 507
5228 3638
4496 4160
3293 1160
5225 1831
6683 6468
2834 2438
3011 2726
2201 3712
2527 214
736 2095
6172 5902
2542 2133
1117 5102
5424 5075
906 4994
3231 2912
5496 4246
5153 3581
5174 3605
3721 1544
5926 3921
4841 5292
3518 1361
4072 1808
533 408
941 374
1851 3413
6159 6367
6684 6210
3619 1463
5493 4249
2129 1905
2068 1766
3825 3459
4788 6317
2534 104
4985 1528
3957 1744
5630 5306
4670 5708
1786 3368
3630 6187
5984 5108
6678 6464
4956 3312
940 895
2699 415
5318 4031
83 28
501 396
5529 5096
4517 4104
2334 3846
4574 739
5596 2984
4006 1780
1774 1546
627 2501
