1674 1943
5954 6521
5794 6788
4759 5189
367 356
2605 2990
1504 1784
207 2868
502 3007
3532 3933
5930 5855
3565 1863
4135 4563
2517 2925
888 3348
3347 3693
2728 3064
678 581
6579 7196
4208 5753
2981 3341
1677 1879
1826 2068
6703 7335
3459 5300
4436 5849
1292 1401
3314 1431
137 144
705 596
51 3
2258 2621
2323 2693
567 604
2906 3280
3697 4121
4808 5304
2098 2443
6534 7278
5828 6815
6727 7369
1928 2227
4569 5974
908 1044
3582 3941
2884 3242
3456 3858
1078 1105
3408 1671
5355 6489
2875 3278
6480 7077
4123 5700
6646 7275
6791 7428
3786 4209
2894 3174
3137 3469
5984 6556
2758 3166
5510 6003
1225 3565
87 109
2740 2978
4952 6250
1303 1414
3391 3792
2641 2981
4673 5146
2313 2682
5364 6491
5787 6353
2553 2945
2970 3333
2086 2425
3912 4348
1745 2007
4131 4555
2832 3138
201 223
3888 2314
3908 4350
5630 6153
4585 4966
5231 5722
587 660
6737 7386
5557 6050
4989 5439
1443 1704
1293 1529
339 2905
6086 6954
5772 6338
4389 4839
3297 3704
222 2799
3554 3880
2180 2539
4388 3037
2537 2929
3426 3775
2834 3187
2704 468
2424 4679
3585 5401
2953 3273
2280 2642
1180 1368
1511 1793
2629 3006
2549 4701
5844 6410
330 342
4061 4478
308 300
2833 3200
1450 1716
5720 6729
6676 7305
743 805
4758 5239
2497 2744
4760 5241
2299 2665
5107 5581
5601 6108
5146 4416
4419 5860
5651 6180
1053 3447
4752 6094
803 3254
2036 2373
2192 2557
522 524
1710 1991
1329 1511
2923 3290
2849 3252
6446 7044
966 3496
5755 6313
5849 6416
5092 5583
6766 7371
2821 589
2692 2943
5004 5481
5859 6432
3513 3917
1972 2282
889 3347
2055 2390
5137 5633
2385 2734
211 244
2454 2783
3903 2320
2092 2431
1644 1901
5795 6361
3235 5191
1713 1970
3571 3983
2203 2571
2399 2817
4001 4426
4667 6048
700 630
5079 5568
6697 7239
5874 6443
4914 3998
2652 3024
2569 4768
2988 3344
6351 6945
2446 2792
2829 3199
4109 5695
4638 5065
2 61
4621 5026
1932 2215
1008 1172
6815 7455
795 885
1173 1356
5052 5535
3238 3654
6542 6943
1282 1501
5028 5490
1804 2028
1568 1756
1086 1104
2750 2998
6550 7162
5625 6171
1891 2189
6384 6965
4244 4678
140 154
3045 5024
6079 6658
3359 3777
2139 4444
6636 7267
2547 2948
5127 5616
128 85
3098 3508
1144 1228
5122 5613
2126 4438
1398 1569
4068 4486
3044 3320
3509 3915
3556 3955
6155 6724
1577 1858
3231 5211
2691 4750
3596 5372
4932 5425
999 1117
3595 4002
3541 3866
1740 1998
4171 5736
2272 2628
3405 3785
2359 2725
6421 7012
4336 2994
6375 6668
3062 3367
344 459
3135 3532
2769 3140
2204 2572
4785 5282
503 618
5110 5600
4325 4794
1138 1314
674 657
5402 5909
6817 7471
4333 4763
6158 6288
276 2975
3281 5220
172 116
341 2871
759 841
6619 7242
4564 4980
4486 5898
6504 7269
3493 3856
2903 3274
3477 3894
5220 5707
1956 2253
2255 2617
5746 6300
4558 3312
4105 4537
2240 2607
4162 5729
2277 2637
6048 6102
3285 3653
4681 6056
5675 6212
2209 2577
5093 5582
2734 2967
258 229
4296 4747
1093 3473
1798 2117
2822 588
1525 3826
5929 6506
695 678
5555 6591
6339 6602
5340 5809
3817 2220
6274 6872
5730 6737
5577 6075
95 105
3460 1766
4727 3608
1039 1267
500 559
6330 6927
6411 7008
513 655
6208 6810
1843 2128
380 454
3695 4073
4294 4719
5761 6323
3249 3681
6120 6694
1403 1550
2443 2881
1102 3485
320 379
5467 6534
6592 7216
19 2805
5688 6238
4541 5005
5729 6743
5600 6093
766 872
3215 3574
1909 2200
5027 6302
4284 5771
1879 4189
1774 2053
1861 2134
6011 6563
6122 6237
2471 2785
1172 1385
2540 2890
3917 4356
3899 2322
1824 2108
845 826
6632 7263
3557 3976
583 658
5810 6800
4903 6224
6717 7359
3583 3942
4298 4669
501 542
6236 7072
4704 6086
1791 2112
6147 6714
4926 5416
3792 4191
2298 2663
5653 6178
2335 2697
1475 3813
1779 2058
4407 4808
5955 5869
5575 6621
1029 1251
5562 6070
2041 2379
2234 2591
3296 3659
2633 3031
1032 1185
2045 4372
4713 5145
3895 4315
48 81
1689 1955
5847 6414
598 739
3169 3563
1458 1632
114 185
2284 2646
6139 6732
1409 3789
6674 7302
6210 6812
973 1190
5815 5606
6270 6867
4559 5947
1121 1232
2783 3008
4261 4713
4893 5388
2396 2804
4871 5352
6540 7283
39 130
2197 2561
891 926
2818 3043
5991 6550
6003 6560
3781 5506
5328 5789
3443 5313
6303 6901
1048 1198
3277 3641
2614 3015
5039 5531
1693 4010
187 163
445 316
1614 3922
5764 6325
3600 4013
4340 4762
606 461
1679 1946
1106 1308
1114 1317
919 1054
6522 7112
6334 6935
4909 5405
3415 3806
5145 5642
5982 6524
3353 3728
4645 5124
2152 2513
61 142
597 665
3860 2264
3332 5225
5576 6622
1491 1743
2061 2402
4718 5193
4431 4801
4367 4807
3570 3984
6047 6606
6321 6921
6366 7160
6233 7071
4282 4733
5850 6417
5643 6169
3510 3944
121 145
4889 5377
6405 6991
4618 5023
4918 4007
2674 3046
2840 3235
5633 6139
6810 7452
3765 4197
4092 4514
3199 1328
1562 1764
5674 6227
4966 5460
1166 1373
5708 6259
942 1065
406 3107
4489 4901
5924 6509
2161 2523
531 612
521 3065
3880 4322
1327 1446
6388 6968
771 862
767 932
1201 3576
6151 6734
6533 7140
2049 2391
4176 2644
4950 6243
4641 5112
5488 6005
5389 5899
2343 4631
1075 1307
2340 2704
4868 6203
5692 6241
4299 4712
3906 4341
1787 2085
3074 5071
2945 3255
4563 4978
1742 2046
4006 4422
409 541
5520 6023
1746 2008
6621 7330
3239 3655
2422 2787
4356 5814
5029 5491
3708 4137
386 476
2873 3229
5421 5942
1479 1649
2560 2958
3060 3414
3219 1337
566 708
1092 1123
2148 2501
103 120
4361 4802
165 237
1341 1557
2063 4394
6254 6852
499 473
5297 6482
6637 7268
4341 4769
2467 2901
2143 2503
6832 7474
6705 7336
21 21
2895 3262
3454 1751
2958 3240
79 170
4363 4700
5186 5675
3605 1905
5055 5536
3841 2221
6083 6651
5280 4688
3129 3425
926 1101
1471 1664
2859 3216
3799 2192
6033 6614
3257 1440
653 704
2796 594
3673 4116
1097 1300
1463 1731
4900 5387
6025 6926
2011 4336
1028 1265
5934 6511
961 1006
3225 3635
1596 1885
1767 2075
1300 1517
912 1038
3956 4378
4080 5678
3569 3914
834 977
1773 2081
5726 6278
5538 6044
6308 6904
2244 2605
3995 4419
1480 1650
1815 2043
5382 4812
4037 4454
5232 4577
1099 1126
3119 3524
4916 5399
5266 5755
6574 7189
3864 2250
1847 2132
5442 4958
616 624
1236 1453
975 1019
4149 2634
4957 5441
6519 7110
3620 4045
1460 1753
6395 6981
3877 2294
5762 6334
3713 4095
1043 1211
1385 1627
507 583
6075 6952
2824 4939
3871 4310
4288 4703
3998 4420
4297 4739
5735 6291
5590 3649
2790 4797
3240 3663
1604 1790
1882 4205
3182 1319
2665 2966
2787 4803
5875 6444
4915 3999
319 330
1182 1398
1720 1984
1527 1785
2582 2931
686 670
5294 5808
4836 6191
3696 4074
433 560
4418 4858
4688 5171
2013 2346
6328 7139
4682 5172
3642 5414
486 295
1902 2191
3644 4066
4986 4138
5871 5703
4816 6158
5989 6542
371 458
3401 3780
5025 5516
1560 3860
6723 7360
6639 7343
5613 6105
1113 3483
280 239
6205 6802
66 64
5089 5578
289 2819
5099 5588
1281 3605
3097 3476
2474 2809
1719 2009
3656 4090
4172 4586
290 125
2544 2949
4039 4455
403 455
638 3117
3094 1178
1229 1449
6379 6971
1224 1416
2288 2652
1389 1648
2998 963
2550 172
1439 1701
1112 1344
2861 3172
1000 1160
2507 2880
6338 7146
3331 3637
6761 7434
3961 4385
2022 2359
5582 5208
5826 6388
995 3422
4429 4799
3136 3533
2770 3141
5103 5593
3716 4144
5551 6066
5892 6865
5768 6330
3735 5475
3248 1460
4029 5659
4929 5413
3740 4192
5944 6499
2311 2667
337 397
5870 6442
1519 1779
577 701
2966 3267
5902 6468
5661 6684
4535 5938
2330 2695
6128 6711
788 3221
2460 2831
2662 4734
2678 4743
3922 2336
146 158
5914 6875
5808 6373
2104 2448
4378 4817
318 301
1227 1409
6556 7169
294 96
4731 5165
5549 6583
1533 3908
506 569
4822 6157
295 262
424 498
2776 2973
6681 7309
5125 4387
5251 5746
5550 6590
1446 1684
6275 6873
120 2823
6821 7461
4380 4862
3113 3526
1315 3639
1684 4042
6040 6619
64 110
157 165
1943 4258
1247 1455
4260 4722
209 192
3218 3566
1129 1347
1103 1304
5327 4767
3141 3539
4907 5392
3374 3766
4132 4561
2473 2810
3519 3919
4934 6256
1230 1354
2755 2960
1004 1158
4602 5008
4818 5292
4693 5151
1629 1903
3076 3463
122 146
5490 5988
5992 6567
1540 1703
3590 3932
338 382
6348 7150
1430 1665
6811 7453
2469 2887
550 428
110 117
4411 4838
5620 6133
1174 1358
5314 5769
6195 6790
4390 5820
6644 7351
3434 3761
6111 6681
3831 4265
145 200
6167 6752
3272 3617
1380 1567
4139 4570
898 1055
5390 5875
4526 4991
851 965
154 157
6501 7095
4578 5058
3591 3988
5690 5404
2336 2698
3993 2446
3846 4290
5309 5783
2867 4884
4547 4989
2819 3168
2974 876
730 777
5344 6495
4820 6162
241 212
4394 4823
2456 2872
2306 2678
2669 3082
5432 5922
3539 3868
6435 7031
3886 4329
2354 50
1981 4320
229 2922
3613 4031
2938 3311
6204 6801
6138 6726
3462 3863
3730 4128
1158 1378
169 179
5394 4885
5752 6746
2719 3104
3092 3404
2470 4666
5271 5761
1122 1233
2850 4929
4446 5878
6245 6429
5507 5063
411 466
57 2710
107 187
5728 6274
2144 2504
227 197
2896 3263
4605 5087
6684 7223
1074 1241
6311 6907
2463 2853
1366 1610
1126 1316
76 141
1276 1497
556 3197
2419 127
6588 7010
164 138
978 1134
62 2806
5956 6522
6656 7284
2276 2639
5863 6435
6523 7113
6747 7353
192 2771
1482 1715
5548 6065
6304 6888
6396 6980
4742 5203
6814 7454
4516 4955
6161 6295
5455 5955
5356 5873
3230 3589
6695 7329
5155 5649
2871 3157
5179 5671
2521 2866
3669 5437
2269 4571
1663 1874
2014 2349
4658 6059
3514 3936
1328 1570
2459 2828
1100 1143
3100 3472
4206 4604
2600 2939
2069 2408
5346 6484
5634 6179
4477 3171
6218 6395
5851 6418
3485 3909
5408 5915
811 3258
3941 4368
2703 3016
5971 6549
3763 5504
2806 3209
5963 6514
4440 4827
2690 4749
1485 1729
5678 6232
1002 1225
2496 2780
2648 3058
477 505
195 217
3125 3519
1558 1740
2267 2626
3856 4304
6627 7253
5286 5816
4395 4829
6762 7439
6152 6735
1667 1934
4691 5119
3904 2326
4250 4664
2698 3056
4685 5117
1899 2204
6771 7413
5668 6188
3719 4146
1637 1902
340 168
5086 6360
1650 3966
1344 3697
6736 7382
4210 4615
6217 6821
1544 1808
5747 6279
5169 5664
3057 3419
4177 4591
3812 4231
1259 1454
6800 7442
3823 4267
2107 2464
1290 1524
2515 2950
924 1091
2602 2997
6261 6858
2969 3231
3242 3580
2701 3069
3720 4100
3360 3734
5533 6579
5776 5559
2319 2688
6767 7443
6115 6679
1876 2150
1383 1628
1561 3861
3105 3434
4374 5857
2090 2436
6655 7365
2270 2636
5973 6541
2477 2834
166 238
3868 5562
6252 6436
2913 3268
1524 3825
1822 4119
5116 5607
4648 5097
4633 5107
2653 3028
3608 4032
6584 7203
2339 2701
5637 6667
5187 5676
641 550
6174 7032
138 177
2679 4742
6401 6994
785 925
2196 2559
155 150
3229 3596
3156 3445
1938 2235
32 84
3348 3682
810 962
3678 4078
630 707
3260 1470
1685 4004
4456 3133
4259 4650
5224 5711
1664 1932
448 445
4034 4448
5830 6818
6141 6263
6682 7308
6148 7003
2318 2677
1353 1504
5352 5893
3410 3801
649 747
345 343
3619 4041
4898 5390
1213 3572
264 348
3480 3838
4100 4523
213 166
2015 2350
216 287
3047 3411
1302 1412
5964 6520
6309 6905
789 3269
1912 2177
4059 2528
6616 7327
569 378
4465 4886
3184 3577
58 58
1818 2047
4686 5161
1085 1284
5019 5487
1342 3690
2524 2882
956 973
6343 6937
2960 3338
2491 4643
6455 7056
564 438
741 798
296 263
354 352
4877 3943
4285 4737
3756 4186
5303 5799
6430 7019
3246 3657
1388 1656
3333 3736
5341 5838
6273 6463
2798 3152
5689 6217
3255 3672
6816 7421
101 23
4757 5228
1187 1371
247 231
3973 4399
5241 6454
1626 1915
3952 2380
592 639
1448 1621
6764 7367
5664 6210
5431 5952
1277 1367
3622 4037
2230 2594
6641 7271
4318 4682
5890 6455
4761 5238
6240 6836
1658 1926
4659 5105
3468 3820
3481 3857
5246 4588
5671 6222
4798 6132
5968 6546
2899 3286
2072 2405
178 219
5783 6349
4509 4933
1242 3685
2891 772
4026 4437
16 17
2525 4659
3438 3864
450 491
5614 6106
2166 2530
2089 2429
2320 2687
6444 7041
2194 2563
621 3120
4406 4787
5494 6007
957 1088
3832 4266
4040 4456
3352 3767
728 609
6661 7289
245 203
6658 7287
543 616
4789 3739
5135 5629
481 573
685 733
3373 5244
5130 5627
3621 5398
4842 5297
4093 2569
2926 856
5136 4406
1788 2088
5338 5858
2657 4756
6023 6597
4739 6083
3657 1973
248 232
1467 1746
6104 6675
6014 6571
1070 1288
5206 4551
5178 4483
1783 2020
6668 7190
6241 6837
1073 3475
267 364
563 3083
661 590
6471 7069
6667 7300
5917 6500
5196 4533
2154 2510
6178 6769
637 479
3945 2369
1280 1498
5372 4872
2791 3125
4096 4520
2023 4366
585 721
8 47
1476 1730
5952 6512
4747 5218
4480 4851
1967 2270
5062 5550
5838 6405
1127 1254
3626 1959
3421 1680
4434 4867
1387 1639
6563 7178
5988 6554
4859 5358
869 861
1997 2323
6186 6774
5254 5748
6386 7180
325 413
3953 4374
2140 2493
913 939
3147 3528
4300 4654
3802 4224
946 1118
1014 3537
2995 4996
5919 6487
3444 3840
3536 1854
1054 1200
557 649
1234 1465
2990 3390
431 502
643 3158
205 169
3834 4268
5277 5792
1006 1133
6568 7181
3251 3648
4642 5128
4424 4881
2536 2893
2950 3346
884 1059
4218 4620
4490 4914
1762 2051
5076 5565
1005 1159
5267 5758
5649 6197
5308 5795
1776 2095
6774 7381
2123 2476
1670 1945
210 202
4974 4113
4045 4465
5522 6019
5433 5941
2448 2797
819 910
1418 1676
2579 2935
1171 1327
6617 7240
4084 4505
4491 4943
1453 1755
1016 1214
1096 1140
1367 1593
4572 5973
2839 3160
4088 4515
2091 2435
6433 7214
2756 3132
1958 2262
3750 4163
163 2845
5054 5545
4821 6152
3193 1332
3293 3711
2774 579
6716 7403
3809 4253
449 448
560 642
5014 5498
4546 5940
5639 6141
1034 1223
5160 5656
6021 6587
306 2988
4277 4655
5785 6352
2671 3053
4409 4832
179 2850
1647 1928
5454 5962
3887 4330
3901 4340
4457 3100
6650 7136
91 161
2858 3214
5023 5520
2627 3055
642 648
1820 2133
2876 3227
3999 4423
5500 6011
5813 6380
4359 4793
2264 2631
5456 5975
2967 928
1849 2136
6442 6779
1546 3934
5626 6156
462 462
5042 5521
6604 7225
4461 5917
840 980
255 2801
1697 1971
2381 2735
228 198
1336 1494
2817 3190
3112 3427
28 8
719 786
1473 1745
3870 4309
5742 6289
3968 5620
6268 6459
3063 3460
1492 1657
4814 5302
5734 6290
5737 6294
1500 1663
3612 4020
4151 4574
992 1142
5348 6505
1580 1818
5839 6404
2175 2546
3244 3670
1800 2059
5540 7141
494 484
5523 6039
6180 6335
333 368
1619 3939
6700 7333
2621 4845
915 916
6267 6866
4806 5271
329 328
2005 2315
2300 2671
1840 2114
6393 6989
4085 4509
65 128
1635 1919
6081 6653
3273 3638
4194 4600
4852 5320
1193 1405
5316 5819
4968 5474
1516 1724
1015 1067
1422 1675
6071 6655
3203 3599
1356 1604
6686 7313
2816 641
1067 3452
4949 4058
3335 3756
4065 4484
71 73
1785 2050
5128 5625
683 719
1364 1542
5819 5612
6509 7106
3317 3722
5428 6529
2019 2354
3757 4187
5612 6123
3794 5512
6109 6673
4616 5993
2595 2840
3927 5591
94 164
972 1129
5238 5727
3516 3912
4870 5361
2766 519
5832 6397
2174 2543
3247 1459
272 256
5108 5598
6459 7058
2663 2897
2587 3022
412 3000
6462 7062
1957 2263
2108 2465
5591 6623
2670 2857
2520 4726
3214 3614
6105 6682
423 2947
425 549
1708 1977
3580 3981
4495 4941
1343 1499
3453 1752
3050 3435
4075 4499
3361 3735
590 673
5943 6523
282 359
3928 4360
5043 5529
1878 2148
2457 4638
786 694
784 847
426 558
3354 5259
2585 4702
2296 2668
3321 3730
2321 2692
1384 1629
1977 2295
3749 2099
1395 1670
6297 7094
2223 2582
3439 3865
1077 1301
6781 7420
6359 6948
5642 5332
1642 1909
6445 7042
1704 1994
1517 1725
6722 7364
1988 2310
5580 6941
250 241
1146 1364
5415 6516
6600 7033
4525 4964
1311 3624
5912 6475
636 776
3329 3752
5418 5923
5362 4834
5781 6346
3840 2241
3523 3899
4948 6246
471 570
1625 1883
5373 5895
3884 4321
928 1071
3767 4166
2640 2982
1763 2090
5131 5628
3821 5539
3987 4411
2256 2620
3552 3961
104 67
2721 3092
3488 3903
959 1114
1937 2238
2317 4613
6564 7177
820 969
5796 6786
1314 1519
4121 4552
390 508
4781 5284
828 780
2117 4427
4503 5927
6381 6972
2290 2653
3472 3883
4460 4876
2376 2788
6285 6881
672 534
1514 1788
1304 1467
454 543
5883 5717
6715 7352
4726 5158
4018 4435
6456 7057
4452 4798
234 270
303 2907
1128 1255
419 440
3232 3667
3103 5090
1595 3946
2364 57
775 854
864 835
5777 6342
930 956
3046 3354
1867 2159
4319 4777
5778 6343
526 548
6671 7199
1055 1218
5298 5811
3592 3938
4537 4957
3576 3987
2535 266
5049 4254
1539 3833
5609 6628
5842 6407
6201 6799
5102 5590
1948 4295
536 650
3191 1333
976 1041
4311 4783
5806 6377
873 1010
5843 5657
6731 7377
3160 5176
6489 7081
4207 4612
1854 2119
5857 6430
6598 7220
836 976
954 1148
6 36
5214 6440
1853 4183
14 34
142 221
4468 4905
2526 4660
3124 3487
1484 1734
1784 2039
1377 1616
2077 2416
6514 6898
1125 1315
1871 2172
1199 1382
3012 3382
6028 6603
4368 4835
5001 5445
5495 6008
1109 1132
3815 2210
1817 4107
5950 6519
5606 6128
4364 4804
2195 2567
3566 3982
2972 3299
2067 2395
5045 6306
723 764
3269 5186
2062 4396
654 767
6576 7194
4804 5261
1203 1426
4020 2470
4412 4855
3489 5317
1233 1436
6620 7244
5706 6254
5050 6322
6005 6918
1268 1493
1748 2029
1846 4154
6065 6641
4773 5240
2564 2932
508 517
2095 2438
5962 6526
5536 6043
5468 5954
4849 3876
3143 3510
732 843
317 302
1575 1846
5030 5502
3016 3364
2475 2740
5057 5547
6730 7372
1571 1843
2414 4644
2854 3237
6786 7426
123 180
206 276
5367 5885
6129 6258
5424 5928
1643 3958
115 26
2122 4436
4518 4897
4661 5135
5325 6492
4946 6244
4582 4997
173 215
3897 4335
6531 7133
1838 2115
2643 2914
1866 2168
2322 4616
5745 7025
897 1078
1564 1860
3816 4256
4023 5650
1432 1687
4507 4973
6093 6669
269 2827
4302 5780
3850 5548
2736 3063
4725 5159
2908 3222
6398 6979
196 313
5484 5978
3311 1505
3561 3877
6510 7105
1801 2093
4071 4490
4186 4585
2249 2608
5133 5630
3088 3380
2510 2884
3537 1855
2178 2541
673 586
2642 3061
2743 2986
3610 4022
27 24
6394 6990
273 255
2909 3309
4219 4623
5541 6025
852 3323
5868 6439
4050 4466
2304 2661
2847 3233
5008 6275
1026 3442
5163 5655
3926 4359
3337 5222
46 13
3971 4393
2020 4362
2632 3004
3739 4123
2016 2353
2922 3271
3140 3506
4961 5464
2433 2836
1894 2193
1526 3872
1985 2311
4527 4960
6367 6956
5353 4788
4238 4658
3176 5166
1348 1543
4289 5763
3334 3677
3842 2237
4004 2451
6191 6780
2779 2983
1408 1578
3131 3488
3473 3887
413 220
4076 4500
1499 1771
2893 4894
3655 4080
3992 4415
5483 4987
5377 5907
982 1015
3559 3975
3607 3962
6687 7228
5323 5824
2265 2629
5457 5976
1231 1422
5960 6527
5112 5604
1037 1248
5345 5831
5896 6462
4530 5925
4051 4469
580 702
1150 1205
1792 2056
1591 1873
509 3075
1698 1972
4337 4699
5141 5638
3647 4064
3825 4275
5207 4545
1980 2293
3379 3781
3635 4061
910 990
3377 3783
3878 4319
2900 787
4147 4572
6544 7155
5645 6182
4079 4511
629 483
5834 6400
2176 2547
5083 5572
3685 4122
5331 5836
4669 5134
916 917
868 1007
4005 2452
1419 1681
3067 3433
3628 4028
1378 1534
6709 7338
2733 3091
1192 1370
1916 2201
3274 1442
6188 6345
44 87
2080 2417
2171 2529
3728 5454
360 2894
3357 3759
2133 4452
895 3372
2887 4891
5284 5791
3892 4337
753 813
5063 5552
528 492
6046 6627
3962 2387
5756 6315
4014 5645
2182 4494
553 698
2912 3224
5920 6479
93 33
5860 6433
3954 4375
375 427
6690 7320
4459 4916
667 653
2717 3059
1716 1967
1593 3920
2170 2531
6517 7118
3807 5523
3271 3583
4082 4506
3082 3458
6064 6639
2527 2921
221 294
1913 2211
4980 5452
6502 7270
1809 2064
1566 1830
2210 2578
2243 2610
5109 5599
3574 3990
6463 7063
6360 6950
5172 6420
5867 6438
1786 4111
1638 1910
3175 3467
2119 4430
6779 7389
800 3245
4732 5173
859 3314
4089 4508
2404 4645
1520 1787
3085 3471
252 269
5120 5614
6805 7447
275 272
1671 1878
6618 7241
3037 5027
498 3012
817 913
6077 6957
441 3018
3544 3869
1865 2163
3305 3713
2430 2832
901 3376
883 3363
2649 3014
1299 1396
3639 4070
4433 5856
6041 6936
2215 4526
5375 5883
4522 5001
1780 2070
2499 2878
5104 5592
3776 2156
5885 6450
997 1227
469 608
1319 3757
2523 2714
2943 3288
3104 3511
5880 6448
6642 7272
231 249
6491 7082
1528 1813
5990 6559
2465 2876
6340 7144
2382 2808
5573 6089
6126 6701
1734 2012
6184 6776
3370 3748
5310 5827
6196 6372
3497 3832
2722 3093
6793 7407
4357 5834
3890 4334
2782 3145
3966 5621
2048 2385
770 905
5615 6634
4646 6029
5946 6515
2241 2606
5068 5558
3660 4096
2768 4790
5873 6441
2302 2660
2325 2683
4606 5995
6780 7390
3390 3808
1959 2267
5279 5801
4711 6076
1240 1433
4775 5233
4322 4672
3801 4225
5935 7090
6526 7121
3540 5359
1624 1907
4351 2863
3970 4391
1915 2180
5743 6292
1459 1708
5438 5950
2040 2377
3399 3779
3857 2266
2763 3001
4152 4576
6170 6753
5217 5709
3163 5126
5053 5544
5413 4912
755 709
5526 6037
2872 3207
1117 1146
2401 2803
5255 5747
3172 3551
4450 4888
4453 4811
5953 6507
197 314
5414 5924
2308 2673
4279 4677
4239 4683
3210 5210
2017 2352
1154 1365
3736 4124
4515 5902
4381 4744
801 941
6561 7172
1799 4084
2934 3331
5760 6318
2187 4495
4627 5044
6718 7276
311 106
2324 2681
977 1042
1308 1516
1357 1607
4654 5121
3290 3607
3701 4141
3828 4269
435 464
3286 1489
6123 6700
6693 7325
1286 1521
1472 1744
4405 4759
323 387
4416 3078
1641 3968
3803 4228
3684 4106
3852 4301
6192 6787
327 399
1987 2299
3413 3762
4119 4541
4369 4836
3780 4194
3032 3345
5170 6411
4635 5122
2846 4879
2620 277
5833 6398
2502 2861
5887 5723
1111 1286
4687 5167
1444 1710
1089 1292
1325 1559
4195 4602
655 768
6577 7195
2442 2826
4901 5368
5166 4450
2886 3276
347 206
715 834
3711 4148
6808 7451
5051 6319
5337 5830
1901 4208
5406 5921
2038 2372
3578 3985
4566 5028
5716 6267
4636 5102
2870 3270
1730 1988
3517 3905
3164 3555
109 104
3891 4333
1621 1887
4030 4442
5278 5790
6076 6654
6320 6919
6425 7208
6467 7066
5176 6427
1970 2274
397 418
6751 7401
2916 839
6675 7304
2342 2705
3197 3557
541 535
1602 1888
3425 3842
452 308
4474 5880
4987 4140
4577 5034
1306 1549
2608 2980
4939 5403
4316 2951
5710 6703
5429 5890
4596 5081
1021 1045
1291 1510
2021 2357
5823 6386
4850 3895
2212 2573
219 292
5489 5059
3307 3640
1030 1154
2749 3098
1493 1747
4554 5020
2732 3110
2168 2536
2114 2459
861 1016
2366 2790
546 3076
5239 5732
3155 1269
4786 5260
6228 6827
2281 4590
5404 5859
1531 1819
2105 4421
2476 2860
5473 6543
6797 7440
3245 3651
2149 4464
3009 3261
2667 3068
260 233
4567 4977
790 948
5174 5667
3318 3612
4451 4887
4538 4979
3981 5624
970 1162
5665 6216
6166 7026
1581 1870
5182 5674
5759 6766
4324 4695
2513 4731
236 259
2506 2858
1373 1618
5291 5767
5622 6164
1579 1871
751 803
2541 2764
3165 3556
350 436
3793 4230
1946 2217
1828 4118
3826 4240
2434 2864
660 3135
5556 6072
548 587
4813 5310
2305 2662
5878 6446
5965 6536
1509 1721
5293 5786
6742 7394
2482 4653
523 591
1830 2154
4924 5417
3052 3391
3946 4371
4927 5421
6807 7450
5311 4732
551 600
3714 5438
2676 433
6110 6692
4317 2952
1631 1836
4327 4741
5401 5843
232 281
2812 3165
1554 1811
1883 2162
5505 6561
1031 1155
3650 4079
6755 7433
4706 5182
3769 4213
1477 1737
2282 4587
1559 1851
2528 4789
4248 4716
1939 2242
6679 7306
3034 3412
5464 5936
54 88
4175 4589
6521 7111
4025 5653
6043 6940
6524 7114
2978 3366
4212 4617
6250 6848
1289 1520
2660 415
6515 7108
5751 6287
6374 6969
1483 1774
3665 4083
3440 3804
3474 3888
809 902
1859 2131
349 429
3436 1686
6306 6903
6281 6882
3994 4418
278 320
4692 3547
4875 5340
818 914
5210 5699
6068 6645
2984 3384
540 424
3256 3578
3387 3800
218 195
497 633
1401 1561
214 201
4046 4461
3487 3889
6225 6826
1781 2071
1095 3477
2070 2403
2337 4629
3923 4358
4956 5448
6831 7476
1445 1633
3339 3744
4881 5381
5189 5682
1898 2190
920 1098
3492 3855
2157 2520
3393 3776
2915 794
3289 3595
3882 4325
5219 5706
1942 2239
5980 6537
2630 2979
5811 6376
5593 6114
3648 1997
1963 2268
3475 3900
1400 1544
4124 4556
877 3332
6788 7425
6269 6864
626 529
404 2927
3263 3669
467 532
4797 5279
2135 2489
389 496
2957 4998
3211 5209
4589 5045
1917 4219
1793 4130
2631 2837
3848 4294
4069 4492
135 2708
3312 3717
1065 1280
2076 2415
802 940
6097 6662
5532 6001
364 222
1386 1605
2228 4532
6714 7346
3323 3632
1952 2247
3545 3928
1725 4044
478 3002
2848 3253
1654 1867
4136 4562
769 864
2235 2601
3291 3606
1714 1976
489 577
4921 5409
2488 2820
29 72
3450 3884
6171 6754
1884 4180
5528 5100
6220 6822
1723 2021
5435 4956
4665 5153
6354 6947
515 663
6162 6757
1104 1287
6436 7024
1088 1128
2919 3306
212 265
60 2721
1680 3989
3587 3992
1221 1397
5191 5683
394 488
2096 2440
336 298
4724 5202
6719 7357
1933 2229
5118 5608
5384 5870
6231 6830
5088 5579
6586 7200
6369 6648
379 372
2979 3365
6470 7067
1094 3478
4879 5355
2480 2842
3320 1539
5162 5660
130 135
3490 3874
3428 3795
1197 1375
5724 6738
5595 5234
5194 5686
3700 2083
3213 3598
688 812
4792 5281
1064 1263
4155 4579
4523 5002
2518 2915
756 817
5753 6311
3158 3560
714 819
3430 3836
453 571
627 3232
3427 3787
70 162
6595 7215
5425 5934
573 3196
4819 5319
516 664
4941 5431
4902 5369
4593 5009
4428 4874
3969 4389
2639 4714
3855 4303
5351 5826
549 3041
4214 4611
2328 4624
4767 5256
4672 5123
190 252
1814 4102
5827 6389
4308 4727
4848 5343
706 3275
2659 3021
5624 6167
6630 7260
663 3155
2724 3074
2268 2633
6232 6831
3761 4152
5113 5605
5817 6805
6223 6824
4488 5888
5588 6096
180 296
6580 7193
6259 6856
4613 5016
4053 4477
2727 3119
2917 840
3316 3613
5183 5673
6530 7127
370 396
6169 6763
3875 4313
1709 1982
5461 4983
793 741
233 260
2225 2581
2259 2619
6034 6611
3452 3853
6292 6889
3675 2073
3976 4402
2881 3131
4198 4597
796 890
5392 6513
4884 6200
6329 6924
2609 2830
4130 4553
2626 3050
5487 5996
6119 6689
5527 6038
4586 4967
6428 7213
6483 7078
5876 6447
1827 2118
812 970
850 937
2039 4370
1424 1683
353 184
1363 1575
6249 6846
5256 5751
1971 2281
4273 4720
4502 4926
4938 4048
5159 5654
2710 3101
5942 6504
5165 5662
1660 1936
78 2862
1858 2127
3737 4125
2924 3289
5397 5863
5676 5370
2083 2424
6018 6592
4032 4446
2455 2807
468 578
5788 6781
1258 1490
3683 5463
4449 5844
985 3423
2409 2731
1391 1619
512 656
5589 6097
3790 4233
3435 3845
2778 3177
518 638
958 1166
2116 2471
6318 7124
361 354
2121 2473
1360 1556
6782 7393
902 1090
6743 7395
6694 7326
709 3243
1589 1877
3053 3392
4802 5264
6830 7473
2561 2992
6194 6785
1758 1983
6424 7014
1864 2142
1930 2223
2799 3192
1186 1282
6112 6683
4187 4595
5605 6103
1601 1875
5631 6177
1464 1667
3991 2442
3036 3394
6419 7205
6680 7307
3687 5442
6477 6838
3836 4279
826 744
1 43
2720 2942
6272 6869
5660 5337
4611 5040
3496 3904
4823 5307
5694 6693
1805 2027
5654 6185
3542 3951
3666 2005
3 44
6002 6582
1681 1916
1404 1601
1995 4338
718 822
2975 3378
1851 4167
4624 5073
5106 5596
2801 521
3787 4210
2286 2649
5319 5788
2795 593
6481 6844
4475 4902
5471 5966
5856 6428
6089 6670
307 279
504 499
1116 1343
5032 5513
4826 5333
334 311
3865 4302
4073 4496
2312 2680
4587 5046
443 574
3055 3337
147 224
3614 1941
623 690
2869 3219
4990 5480
4834 5321
3913 4349
1058 1274
2868 3108
6416 7009
300 283
3567 3978
1133 3501
2902 3151
430 390
3500 3924
4385 5818
2169 2537
193 204
2584 4689
3170 1278
1775 2060
5243 5734
1675 1942
808 763
5080 5567
3154 3552
5552 6068
1651 1914
6229 6828
4148 4575
1630 1822
720 806
4220 4628
5475 5010
3423 3811
3301 3703
858 3313
1747 4056
6777 7388
1653 1922
3930 4361
24 51
4863 5367
5750 6293
1722 1975
4655 6054
150 52
708 598
1486 1677
4632 5095
3738 5493
3837 4289
2150 2515
4552 4994
1924 2194
603 674
1003 1230
4995 5467
2747 3126
456 567
312 299
3693 4126
3006 3358
6654 7281
568 645
699 808
105 107
6332 6932
6770 7374
4055 4480
535 457
505 500
4671 5114
3402 3796
490 611
5635 6666
782 810
1648 3967
1060 1268
2946 842
6605 7226
1226 3564
1548 1769
3340 3716
4174 4582
1256 1458
1288 1443
6624 7249
6100 6664
5923 6490
1782 2089
6447 7045
2589 4796
1399 1646
4719 5192
6457 7236
5513 6022
5816 6381
3889 6354
3051 3374
2810 4940
6451 7053
176 2865
3784 5518
4997 5477
6772 7415
6067 6629
25 78
6361 7156
5765 6332
2952 4972
259 230
2287 2651
2684 3026
6615 7237
658 3161
6132 6710
6609 7233
1081 1095
4983 5449
3093 3464
4609 5022
2729 3073
3960 4384
4876 5341
270 2838
464 325
2683 2923
1163 1207
3758 4199
5543 6024
2441 91
5554 6063
4329 4774
6199 6797
6102 6959
42 76
4156 4580
3617 4035
6331 6928
2201 4518
5222 5712
6053 6615
5519 6035
4869 6198
1019 1179
4067 2549
903 1029
6589 7211
6265 6863
377 456
1965 2277
998 1111
1501 1720
4579 5035
2634 3048
5459 5965
3416 3819
2753 553
3383 5272
952 964
3983 2423
1355 1582
2229 2593
5225 5713
6058 6112
6631 7261
3397 3788
5085 6358
6683 7310
3250 3686
3458 3871
4608 5084
1124 1351
1410 1642
847 1012
1578 1859
3934 2358
2842 3179
1502 1770
1156 1191
1447 1690
2137 2495
1027 1195
342 2895
3259 5215
668 582
2613 4721
3356 3763
3380 5286
474 506
6024 6055
622 695
737 3304
754 866
2273 2632
355 2968
5603 6126
2742 4877
4701 6081
3717 4147
1837 2098
1729 1948
2961 3342
5866 6437
493 556
3429 3815
3674 4115
4545 4981
2954 3307
1262 1435
1994 2329
4561 4944
4478 4889
875 878
97 2750
870 991
4666 5142
1768 2074
2746 3159
3201 3593
2802 537
3315 1432
578 3218
5673 6211
5343 5806
2907 3281
5115 6379
4622 5037
6551 7161
3381 5267
3814 4251
2222 2586
5334 5840
1599 1876
5132 5618
4487 4928
5525 5093
1751 4071
177 175
13 2732
4140 2624
1270 1482
202 2761
1253 1448
5419 5882
5687 6233
2481 2843
2138 2496
5357 5848
6506 7102
5368 5891
602 3111
941 971
4312 4753
4399 4826
2558 2919
4883 5363
689 682
3547 3926
116 111
6414 7007
485 493
555 696
487 540
5201 5694
3252 3680
596 730
5932 5807
3025 975
6454 7055
4500 4937
3676 4088
1466 1613
5263 5756
1993 2324
2955 3335
1457 1754
1294 1530
4562 4945
3068 3430
152 227
3268 1461
2882 3147
3464 5324
2179 2538
517 622
362 386
2329 4625
4880 6219
3965 4388
3935 5595
2570 2798
5244 5733
1468 1748
4657 6040
4019 4433
827 922
4684 5136
3237 3660
3558 3977
3162 5127
4470 4893
6036 6617
1752 4072
6587 7202
4793 5268
335 327
1961 2265
917 987
980 1093
742 804
4200 4606
1523 1786
5658 6207
3261 5204
5313 5803
6206 6806
6476 7073
3702 4112
6746 7400
4594 5000
4755 5236
226 174
5168 5663
5462 4984
6596 7217
1052 3446
2008 2345
4972 5468
444 575
4420 5861
4350 4780
6409 7000
6537 7277
1249 1451
4705 5181
4843 6165
3411 1638
139 2738
1428 1678
4677 5111
301 284
6385 6967
5936 6486
4885 5353
5398 4883
2725 2940
5547 6058
381 453
797 901
5534 6051
5447 5971
373 422
4894 5389
5693 6240
4397 4843
5422 5935
1978 2289
3867 4306
3704 4150
1087 1277
459 3030
545 629
3441 3760
6019 6593
3313 5214
872 1049
2167 2534
579 3217
297 95
5040 5532
2735 3027
5407 4861
1918 4232
5213 5702
5506 5989
5234 6452
1115 1318
2680 4761
921 3440
2124 2478
5983 6525
3432 5295
3869 4307
4955 5447
3643 1979
1600 1884
3030 3393
2004 2343
2939 5017
4387 4847
5035 5494
4649 5132
1522 1722
1890 2188
1068 1289
804 3244
4188 4596
2503 2904
1842 2124
2874 3279
940 1102
1436 1572
5228 5719
2217 2585
5677 6220
208 160
2675 3047
3469 3824
4202 4610
5260 5754
6177 6770
6826 7468
1167 1374
4483 5868
5134 5632
5531 6000
6159 6736
4580 4976
4104 4530
4971 5469
6350 6934
3549 3963
5061 5551
3742 4188
6317 6911
4330 4685
588 725
1474 3802
5430 5932
124 108
5227 5721
5409 5911
880 1023
1298 3665
6565 7294
1666 1939
3351 3723
186 2875
1232 1456
148 225
5274 5798
604 693
2568 2794
582 619
2557 2849
4749 5195
1322 3652
1893 4204
2094 2434
2751 3124
2828 3208
731 837
1816 4101
3885 4323
2449 2821
5587 6612
1592 1781
1688 1951
84 152
4466 4810
5840 6406
1323 1535
4058 4474
6242 6841
5388 5876
266 303
6583 7201
1545 1805
1022 3439
3070 3432
3484 3893
6792 7458
696 679
3303 1503
1190 1410
922 3448
1241 1439
3651 4069
6117 6696
3646 4067
990 1187
3212 3597
315 275
6085 6657
3640 4068
183 213
907 1039
2188 2555
1038 1266
3990 4413
831 958
6107 6966
3694 4127
914 1073
967 1150
5009 6297
2883 3220
6441 7229
257 273
6789 7430
3633 4051
5897 6464
6606 7227
2976 3257
1662 1938
1042 1235
4698 3541
1832 2096
2757 3142
2418 2758
846 984
1301 1518
4081 5679
2573 2957
6060 6631
3056 3343
126 136
2556 2920
1177 3573
3127 3491
6010 6562
6763 7436
1066 1281
3418 3764
4009 4425
6448 7046
3916 4355
4386 5842
4517 4946
1789 2019
167 140
5610 5247
1351 3702
5339 5802
1795 2103
480 538
5618 6643
6545 7157
1210 1423
6163 6748
1136 1239
2447 2786
832 944
6633 7264
1271 1388
6494 7085
5656 6199
6032 6613
2723 383
4904 6225
6660 7291
5148 5636
5766 6333
1435 1697
4978 5457
2539 2789
6039 6604
3495 3897
701 791
302 291
2505 2824
5981 5981
224 2778
5771 6339
1024 1141
2007 2341
3174 3558
5698 6695
5077 6347
74 103
5491 6548
1754 2066
1668 4034
6037 6616
6200 6798
3234 3661
762 853
5411 4910
3618 4036
4331 4684
2102 2447
253 264
5848 6415
2685 3081
1134 3516
4908 5393
6140 6733
3785 4212
2333 2696
3555 3956
5872 5704
2784 3009
5655 6184
749 858
3322 3725
5096 6357
5713 6706
5026 5517
4707 5178
6305 7101
4287 4755
6640 7344
510 539
5195 5689
328 312
2199 2564
4091 4524
5318 4776
1209 1417
1829 2084
2483 2815
4265 4691
4969 5478
1272 1389
1954 4300
2344 2791
5583 6092
1417 1645
1440 1702
2752 3109
1850 2140
5696 6242
3115 1199
2118 4428
1998 2328
5899 6467
3029 3301
4008 4417
1320 3646
5139 5635
5994 6569
4087 4507
1766 2015
763 867
5426 6530
1542 1741
203 2770
4595 5057
3914 4351
4830 6149
848 994
979 1175
6776 7449
6546 7151
50 4
5480 5991
2252 2616
2830 3236
5738 6298
6468 7245
1760 4108
1494 1757
1425 1622
5803 6374
814 770
6377 6677
4888 5376
5903 6469
5644 6170
73 97
6263 6860
2301 2666
6581 7198
6798 7462
3019 5030
5974 6547
6271 6868
6406 6992
2158 2514
1728 2030
4919 4008
529 605
1362 1540
2341 4633
4656 5133
565 597
830 3285
3876 4318
5441 5926
6404 6996
3811 4244
3200 3587
3243 3630
4170 5735
4275 4657
3072 3398
6045 6624
3404 3784
6133 6721
2066 2406
6647 7273
3805 4246
3764 5492
4825 5318
1132 3536
6417 7013
2142 4447
4780 6136
5485 6002
1151 1188
2996 3383
3768 4172
1451 1696
5140 5637
3732 4175
2635 409
4623 5083
3548 3927
4201 5750
4138 4558
1079 1272
1452 1706
2406 2728
6052 6632
1515 3892
6422 7018
4501 4938
4982 6271
937 1125
5410 5910
2246 2612
3949 4363
235 171
5945 6498
4161 2640
5707 6245
3818 4235
6778 7419
778 882
5000 5482
1135 3515
1012 1170
3069 3431
3166 3466
1148 1331
3978 5623
3853 2251
284 297
2042 2376
262 371
5315 5770
6084 6652
4047 2517
4150 4573
1317 1481
1761 2078
4794 5269
6557 7168
894 3406
3258 1441
4899 5386
5754 6314
5672 6218
2490 2711
3262 5205
4801 5280
3304 1502
628 712
3722 4129
111 101
6143 6269
3688 5446
3839 4286
6383 6975
5740 6281
6007 6555
4540 5004
2682 2874
525 654
943 1069
2767 4906
2797 3005
945 3424
1673 1937
3179 5138
5503 6009
837 815
3382 3794
3898 2321
1255 1447
4280 4724
2739 3143
2831 3223
6518 7109
3466 3873
3520 3918
4699 3540
6256 6854
3343 3689
4228 4673
4064 4487
6146 6713
3504 3916
2145 2505
4734 6078
3746 4151
1852 4153
3217 3579
1420 1658
4644 5125
3478 1693
2314 2684
4570 5963
1044 1212
932 942
1572 1865
6031 6607
6322 6917
632 706
5546 6030
1207 1393
4054 4467
6215 6391
838 949
2219 2583
5846 6413
1062 1217
416 487
4861 5339
2826 620
4216 4622
1652 1918
4286 4736
1892 2179
4832 5309
711 799
2478 2867
5662 6213
4048 4470
4353 4778
5358 5805
1143 1229
4768 5229
5013 5500
4963 5426
1857 2123
2395 48
3726 4161
4864 5349
3623 1950
3680 4132
4237 4705
969 1193
1101 1144
38 129
4095 4525
1080 1271
6092 6663
5604 6118
4204 4605
5933 6483
470 332
2794 3134
5641 6183
4536 4969
5818 6382
2390 2716
1071 3529
427 2989
3049 1004
2132 4439
2948 3326
3709 4082
1349 1545
833 945
2109 2462
2093 2420
1248 1486
684 3188
3820 4264
918 1043
6346 6944
2452 2724
2172 2532
3958 4379
4471 3181
3601 4006
703 823
2944 3256
669 507
5037 5524
4266 4634
5566 6067
3228 3569
6312 6906
6625 7251
1692 1899
1696 1974
6672 7378
6711 7345
3550 3964
2128 2472
6607 7318
5250 4601
6057 6635
5420 5943
3502 3844
5855 6835
4720 5197
2588 2889
2968 3265
2425 2795
1863 2146
2971 3379
558 662
890 3351
5900 6466
854 988
6364 6953
3110 3421
2451 2829
1555 1826
2412 133
3668 5430
6042 6609
3791 4239
874 877
3604 1906
3762 4198
2462 4647
2498 2768
3412 3816
2160 2522
4366 4706
2730 3077
2099 2441
2611 4819
85 153
492 478
2716 3129
5252 5742
3465 3896
1541 1796
4391 4781
4913 5373
6243 6842
112 131
1553 1794
6649 7280
402 452
1535 1797
5518 5092
1810 2077
3712 4085
1191 1411
2384 2712
5966 6545
2000 4328
3224 3636
3126 3518
2578 2918
4565 5007
2897 3251
6062 6640
3751 4170
3090 3489
2606 2991
2901 3136
4748 5223
1321 3688
6209 6811
1907 4226
5245 5737
6070 6630
4743 5224
2361 2754
1376 1609
4811 5290
4090 2565
1835 2101
5502 6027
4574 5053
5003 5485
3017 3294
5138 4408
2155 2511
3186 5183
813 981
5993 6568
6827 7470
5350 5874
5153 5648
4338 4791
5504 5980
5748 6299
3403 3810
3011 3381
1175 1359
2214 2576
263 2800
5020 5488
6134 6722
4060 4472
5836 6403
4247 5793
1700 1913
2358 4640
2136 2486
1732 4062
3530 3851
4835 6192
382 2954
7 25
4737 5206
1251 1474
2610 4735
2307 2670
4497 4922
1413 1673
853 999
2762 3128
2933 3249
3538 3867
963 1040
2866 3215
2596 2839
2931 3322
593 640
2398 2715
6326 7143
5814 6378
6137 6725
1147 3522
1976 2273
1586 1856
6602 7314
899 1082
2207 4521
82 63
5452 5970
3091 3403
2285 2647
5763 6326
6226 6408
2555 4690
5529 6012
438 536
4445 5877
6573 7188
6525 7115
4905 5396
866 1008
6692 7322
5496 6017
6698 7387
3040 3319
3950 4373
2130 4445
1656 1931
4508 4931
3963 4381
5714 6707
1316 3643
2645 4717
4372 5879
5396 5894
2930 3297
5512 6566
2803 3025
3422 3772
5820 6383
3362 3696
3957 5617
6452 7052
2275 2638
2592 4715
4676 5157
2808 606
5663 6208
5906 6471
4790 3740
4116 5697
6664 7296
1552 1795
2949 3302
835 3317
4740 6084
4652 5131
3798 4200
4729 5200
5800 6362
1927 2219
2050 2370
5360 5810
4439 5853
1711 1992
670 3137
4746 5198
2599 2938
944 1070
6216 6390
6327 6922
3180 5139
1339 1471
4519 4954
6765 7366
265 360
268 365
1895 2196
1278 1366
5347 6485
1613 1800
3909 4326
4728 5213
806 809
3368 3786
6744 7399
5711 6253
384 407
12 2763
4463 5866
2127 2484
2380 59
314 2928
3942 4369
5417 5929
3039 3401
2647 3057
1683 4043
4651 6026
3778 4216
59 132
3905 4342
6670 7376
3073 5072
204 305
933 943
3690 6276
4384 5835
5825 6387
4133 4557
2113 2457
713 750
4837 5331
2844 3096
1072 1072
6629 7258
4167 4584
1371 1581
4833 5328
738 874
1986 2317
5444 6538
4044 4460
1091 1124
1661 3979
3400 1644
5686 6204
3602 4005
3872 2287
1687 1891
5572 6090
3267 1462
3581 3925
5997 6572
539 3029
4769 5230
887 868
3035 5051
2559 2926
1358 1584
6773 7446
768 833
2987 3389
3344 5250
6015 6570
3921 2335
1922 2218
5403 4782
6291 7093
125 121
4592 5064
4377 4816
5514 6031
3128 3502
6594 7023
4774 3746
5391 4828
989 1031
5005 4164
3020 950
3752 2143
3099 3509
2101 2449
1013 1171
5349 5867
652 705
5704 6247
5544 6581
2775 2972
6578 7197
1011 1224
2125 2482
2292 4603
2622 3010
6585 7204
2920 3308
2534 2900
3879 4316
4867 5348
117 2730
6820 7460
935 1106
6130 6997
575 607
2294 2664
2493 2869
1603 1890
5192 5684
2612 4818
4741 6091
5569 6074
23 71
1330 1538
6608 7319
2590 357
5567 6077
3130 3530
6449 7049
1120 3495
5268 5759
986 1047
1285 1406
6752 7404
4365 4718
461 274
5571 6085
5074 5553
4762 5245
5784 6350
5453 5937
5995 6909
2593 4723
6371 7179
4306 4697
1206 1384
4557 5015
217 288
863 1011
1823 2129
6651 7137
2087 2427
1573 1869
6768 7444
2877 3228
3394 3807
4000 4424
1969 4308
5539 6052
4897 6214
4396 4833
287 226
844 1027
1819 2048
2181 4493
5657 6202
4041 4459
5558 6071
1318 1527
3123 3500
475 470
6358 7154
2371 2741
2546 2886
1297 3615
4751 5231
6610 7234
223 2777
925 1096
3924 5585
3918 4353
5342 5839
4021 2474
158 2752
1669 1880
4016 4431
6460 7238
4393 4822
4118 4540
1273 1496
4984 5456
5482 5990
102 75
5976 6535
3298 3664
3795 4236
5561 6073
4670 5110
2586 4707
3066 3397
2827 621
6235 6833
6181 6336
383 2953
3699 4109
4498 4921
5117 5610
4354 4779
1312 1547
2010 2342
5479 5953
6511 7104
2006 2316
271 247
2334 2699
274 271
3226 3590
6203 6371
3772 4207
2232 2588
3744 2122
3116 3481
4753 5221
4511 5945
3221 1376
5317 4775
5809 6375
3038 3328
4309 4757
609 724
6440 6771
4423 4878
6666 7375
1518 1773
6648 7274
3777 2175
3204 3600
200 188
1750 2042
6734 7379
6657 7286
6603 7222
1534 3837
6149 7006
72 74
4268 4698
1790 2082
6688 7315
841 979
544 617
3770 4195
4276 4729
3637 4059
256 194
6699 7331
4512 5916
5957 6884
2947 4942
6704 7254
2793 3148
777 909
2053 2393
6775 7448
1834 4145
1009 1130
3363 3695
6310 6908
4074 4503
3407 3812
5831 6393
4144 4566
5212 5701
2279 2641
5597 6099
3083 3459
4872 6193
2754 2959
3611 4029
1059 1060
324 405
5381 5865
747 887
5812 6803
1036 1249
3075 3462
6365 6647
6227 6409
885 1033
3636 4060
2604 2934
5918 6501
5197 4534
63 79
1512 3875
1919 2185
1813 2031
2331 4627
3980 2409
2413 2745
6197 6792
2186 2550
3031 3396
867 3369
6293 6892
89 27
1390 1634
3883 4327
6316 6575
2100 2444
283 370
1056 3456
2695 2937
1223 1408
1934 2233
4033 4449
1379 1566
1929 2230
98 32
2914 3291
5416 6517
6570 7183
4532 5948
316 306
2504 2912
6758 7406
6689 7316
3686 4131
1295 1508
3336 3755
1543 1807
2809 3020
1759 2006
5385 5901
3446 3834
3531 3881
2106 2463
6823 7465
6427 7011
2644 2913
3198 5149
5177 5669
2542 2910
947 1119
5105 6364
286 2854
1010 1131
2785 4820
3283 3644
953 1052
5033 6310
5801 6363
4534 3225
5791 6784
4854 5327
2636 3062
2263 2630
1340 1472
5235 5731
1623 3937
1506 1712
1470 1758
6044 6608
4326 4795
5862 5690
1900 2209
5584 6095
4891 5374
729 845
4812 5291
904 1062
3433 3847
530 3040
1326 1434
527 392
6020 6923
871 869
938 1135
1833 2104
3645 4063
6740 7397
3553 1866
2686 3085
5259 6457
358 408
1421 1660
1597 1831
385 2985
1238 1326
6038 6618
773 891
881 1057
1605 3945
2403 2775
5797 6368
3005 3277
5864 6850
447 444
1047 1231
5082 5577
862 998
321 310
6423 7209
1033 1222
3330 3751
1394 1602
1856 4157
4349 4752
2898 3287
305 2987
2432 60
2464 148
4791 5278
1646 1927
2681 2873
3173 3562
612 681
4278 4656
2054 4376
3844 4296
2238 2598
6150 7016
5084 6355
2820 3173
4379 5833
936 1115
1862 2137
2860 713
1333 1480
650 778
6652 7279
3670 4075
607 3103
6623 7074
1569 1738
6487 7080
3455 1689
5682 6230
159 2767
6599 7221
1239 1340
4015 2466
4231 4639
457 315
5705 6248
1744 2045
4841 5298
6562 7295
1855 2149
3027 5041
1218 3584
983 1014
765 873
697 728
2494 2892
5608 6127
1888 2187
4403 3080
1982 2300
4795 5265
3205 3553
3264 3585
5607 6129
6069 6646
4810 5305
415 486
6575 6982
6659 7288
304 2906
3910 2332
4052 4468
692 800
1185 1402
6221 7065
2983 3239
4229 4709
2059 4395
4355 4800
4254 4708
3833 4277
5670 6221
2495 2762
2402 2825
2624 2969
5094 5571
6127 6995
2997 3360
1634 1835
3721 4156
4831 6151
2071 2404
129 119
648 714
3893 4331
5283 5765
5193 5685
3873 4317
4159 5725
3386 1596
3342 3750
3977 4404
2836 3087
6443 7040
3148 3441
586 3095
4967 5473
1098 1295
2193 2562
6785 7423
3525 5378
3120 3525
4 54
4362 4710
6153 6739
143 139
2289 2650
4944 5429
4066 4485
3845 4291
6029 6594
1263 1483
6407 6998
3058 3451
5129 5626
1608 1895
3190 3575
326 3033
446 309
3843 4293
2815 3170
6050 6626
422 530
4437 4882
1563 1825
776 871
5905 6465
6116 6977
6290 7092
1046 1275
4571 5043
92 2751
1407 1608
1069 1247
1490 1777
2940 3292
878 1018
5270 5762
348 391
1802 2094
388 384
4690 5170
3358 3729
6258 6855
2805 3149
1583 3902
4313 5782
5647 6174
949 1092
6283 6879
439 3089
987 3436
3389 3738
2862 3206
659 759
589 626
2964 3353
407 515
3470 3891
807 953
3975 4400
5638 6656
2233 2589
3448 3849
5804 6367
3132 3429
2538 2765
3729 4120
698 735
4346 5854
1966 2269
1576 1849
1365 3720
4203 4609
3095 1176
4629 5103
4637 5062
251 242
5517 5091
5869 6445
5497 5050
2982 3282
5987 6553
2431 4675
1324 1541
3178 3561
1632 1834
3535 1844
619 680
4935 5423
3766 4165
911 1035
2141 2497
6508 7103
5058 6331
313 376
2262 2623
5374 5896
3479 3839
332 2888
1594 3921
2994 4995
1414 3753
6108 6671
3295 3683
2205 2566
3974 4403
3988 4412
6512 6896
3309 3719
3078 3402
398 2962
5436 5930
6051 6107
534 367
4035 2490
4528 4961
624 756
2355 2759
472 339
4290 5764
1194 3549
1529 1812
6760 7408
3015 3370
6461 7060
174 248
716 828
955 974
5893 6458
4787 5289
6286 6876
3346 3691
3414 3805
3185 3484
3196 3494
3378 3727
1437 1707
6106 6190
4077 4501
2028 2361
3471 5329
4083 4504
5477 5983
2088 2428
6431 7022
5208 5698
2744 4785
5412 5905
6078 6958
2619 334
6026 6601
3188 5148
5324 5825
6198 6793
1170 1215
5124 6809
3919 2339
2213 2580
879 3357
1797 2055
4056 4473
2548 2902
2777 3150
3534 3898
162 2844
4506 3211
3529 3850
562 710
3079 3437
3986 2437
2991 3350
3181 1324
4002 5641
6741 7396
2936 3194
2615 2963
2687 3084
3467 1760
570 599
1718 1996
5779 6344
6176 6768
3575 3947
1462 1624
291 369
3862 4282
6756 7429
1415 3754
3494 1791
2309 2679
2543 2911
4738 3647
6753 7431
3150 1259
1736 4076
5437 5931
5939 6508
5592 6111
6336 6929
2857 3213
5070 5557
6554 7164
1702 1962
1947 2245
4778 5276
118 2816
2185 2554
1989 2313
2764 3164
5087 6359
1061 1064
4223 4630
3192 1334
6114 6978
1041 3531
442 3112
5979 6551
52 2772
1405 1637
5184 4497
1764 2011
395 2995
5481 6006
981 3426
2575 4760
4314 5781
1332 3692
1812 4093
677 568
5611 6124
6094 6661
6638 7342
1189 1305
5378 5906
1903 4218
4375 4837
4710 5185
4603 5077
5371 5904
5400 5852
679 784
5581 6610
554 699
6458 7059
4305 4636
393 421
3007 946
6213 6816
246 257
3902 2330
4137 4565
6691 7321
5685 6201
5458 6528
479 475
4912 5407
724 765
3615 4018
3925 4354
2025 2360
2373 2766
4805 5270
3854 2258
1999 2333
6402 6993
4771 5237
923 1097
4925 6234
55 122
4992 5459
3064 3361
6392 6988
1991 2306
4481 4919
4548 5977
4873 6194
2565 2933
2554 2971
2183 2551
6547 7159
3731 4155
651 779
1996 2296
794 920
3133 3505
1609 1801
1538 1833
4199 4608
1334 1532
4716 5179
5121 5615
2003 2308
2965 3248
6302 6895
5683 6231
6017 6585
6825 7467
4097 4516
3625 4047
3106 3520
3515 3870
744 684
3533 5338
3306 3714
3774 4177
6294 6893
1269 3609
617 687
1910 2202
3349 3710
3463 3885
996 1196
1606 3910
2216 4527
635 3153
3345 1437
6345 6933
368 380
5097 5586
6335 6930
4301 5779
3287 3684
6352 6942
1338 1590
5854 6422
6212 6813
4779 5254
2379 2760
690 3191
4332 4693
4599 5079
4070 4489
2699 3094
3447 3835
6347 7148
376 426
1735 2013
2937 723
675 788
1618 1898
519 347
600 667
974 1028
6548 7285
2257 4560
6157 7021
4689 5154
1975 2291
3967 5622
6315 6910
815 911
495 546
2918 3266
3013 3387
722 623
3114 1209
4146 5716
6712 7350
4160 5726
6725 7362
4715 3582
3747 4196
6541 7153
6219 6396
594 731
6555 7163
3396 5287
4043 4458
6280 7088
1676 1917
6721 7363
6465 7064
4560 5968
572 595
127 205
1214 1357
1686 1908
640 547
2807 3210
1310 3623
6527 7122
2551 2977
1216 1294
4521 4965
3859 2260
6408 6999
2941 4993
369 3099
2853 3204
1640 1924
5002 6283
2074 2411
1983 2303
4696 5169
1139 1257
4568 4963
745 855
1549 1837
4027 4441
5098 5587
2927 703
4513 4970
5925 6477
414 406
4281 5800
4401 4740
1337 1548
4882 3965
6113 6690
2236 2600
839 820
3319 1507
4721 6098
2677 432
6601 7224
3364 3715
6266 7083
4173 4583
90 137
613 3272
761 746
1973 2288
3667 4091
80 93
2239 2599
3498 3831
6284 6880
671 533
3522 5354
1396 1615
136 18
5725 6277
2315 2686
3223 3642
662 789
1153 1346
4612 5011
440 381
3101 1151
5652 6196
5895 6461
405 395
3829 4270
6403 6984
5460 5979
1149 1204
2489 181
5361 6503
6353 6946
4736 3629
3584 3980
5691 6239
6399 6983
1131 1312
4954 5419
2363 56
2856 3195
3284 3694
5703 6251
3804 4229
5769 6340
3028 5042
1737 2018
1040 1058
6012 6565
458 324
3672 4105
3265 3586
4304 2833
4529 4892
5223 5710
3759 4203
2986 4992
3482 3901
4663 5104
199 307
1427 1679
181 236
4426 4863
4120 4550
473 340
5332 5837
4788 6122
1245 1438
6505 7097
5247 5744
1195 1299
829 966
3511 3948
45 126
783 846
366 447
1731 1958
4940 5427
2134 2492
1733 1987
2658 2879
3894 4332
1712 1990
6300 6894
2081 4405
4973 5470
160 100
3087 3409
6410 7001
2837 3088
249 344
1896 2195
6378 6960
2617 3045
896 1079
2571 2984
243 193
463 3123
3023 3371
4625 5118
5226 5718
1108 1306
198 189
2530 2841
3065 3454
962 1167
6400 7191
3863 4298
1331 3658
576 659
6124 6699
6154 7015
3021 3296
1202 1425
4597 5082
4492 3201
5142 5639
6185 6778
1347 1523
2718 3060
5793 6356
1628 4014
1252 3698
378 216
4496 4948
1267 1492
3118 3417
220 293
6549 7152
5242 6451
10 20
1749 2061
1808 2063
2242 2609
2248 2614
1984 2302
6313 6912
3551 3972
4117 4542
2043 2367
2211 2579
144 2748
6380 6678
261 234
5011 5486
1335 1568
2567 2769
5144 5640
3797 4249
1176 1400
6372 7174
3597 3996
6179 6772
5292 5768
1741 1993
1753 2034
676 797
3524 3907
68 186
1570 1803
3327 3631
483 563
4017 4434
182 155
1235 1444
2825 3051
3324 3633
36 99
3102 3507
6559 7170
4352 4745
1925 2198
4482 4924
1665 1930
5376 5884
3096 1177
1001 1186
4604 5078
6098 6146
680 785
2935 3284
4598 5076
6156 6742
665 754
740 859
4936 5424
309 304
5126 4390
4484 4934
2511 2773
2084 4407
6183 6775
2466 2877
4988 4139
2572 2776
4981 5471
6009 6584
4556 5038
293 374
4101 4529
3654 4081
1164 3535
2509 2883
2594 4830
2177 2540
6013 6564
1964 2240
5101 5589
5727 6284
1582 1772
625 757
4678 5155
3111 1189
1655 1893
1140 1313
3161 1276
3819 4259
892 1030
2206 2575
2714 3102
4777 5255
2661 416
2423 2757
2707 3067
4209 4614
3788 4234
1639 1911
2146 2500
4178 4593
6314 7125
520 346
2531 4765
2029 2362
5147 5643
4784 3742
605 671
2514 4730
4447 4841
279 321
1049 1245
559 627
482 557
752 802
6593 7301
5837 6399
2748 3039
1567 1832
2068 2407
5975 4962
2601 3038
6131 6255
6234 6834
2804 3127
1877 2161
6173 6761
5253 5745
5516 6033
6324 6925
3800 4247
2508 2899
4274 4648
5736 6740
4754 3679
4928 5420
3936 4365
2129 2487
4890 6195
3216 5162
5732 6273
4398 4751
2713 4784
3727 5455
3773 5489
3715 4133
3220 3588
168 156
6754 7432
4028 4440
1397 1643
6437 7219
6567 7176
2737 4815
3310 3675
3705 4136
1188 1377
351 345
108 199
1636 1900
6495 7084
5680 5384
4853 5330
3771 5508
3847 2244
2814 3180
2012 4339
141 196
1369 1606
5493 6015
5623 6131
4765 5246
537 531
1265 1463
4943 5433
1287 1522
3222 3611
5775 6327
6614 7324
5616 6134
876 863
5709 5428
372 355
6357 6637
6082 6636
886 3368
5666 6209
5171 6412
4078 4510
1412 1666
1244 3673
1682 1952
5961 6533
225 267
4965 5453
2761 3122
1727 2026
1035 1250
5157 5651
3627 4027
3167 3550
6708 7337
3630 5410
5524 5994
106 98
964 3413
2928 831
43 86
6706 7339
5702 6698
779 921
4874 3950
6720 7358
1220 3568
4824 5316
1346 1595
2184 2552
4031 4443
5568 6596
4467 4814
574 717
428 419
691 672
1496 3797
346 341
4628 5075
4013 5644
3437 3793
664 715
2362 42
1196 1298
1611 1889
3698 4077
496 490
4098 4517
3107 3521
5985 6557
6125 6702
666 652
781 865
2082 2419
3775 4178
4444 4907
1715 1966
1872 2169
3851 4299
5959 6518
2562 2993
1911 2203
2026 2363
3546 3960
1208 1273
1441 1691
757 818
4600 5985
1350 1558
6063 6117
951 3388
6653 7282
5717 6715
2375 16
3486 3886
1565 1829
1168 1386
2374 2814
2800 3193
3659 4097
5898 6460
1204 1394
6301 6886
5722 6727
3227 1421
6833 7475
3937 4364
3388 3737
860 3321
855 832
5305 5804
4291 4670
816 912
5012 5501
702 801
1305 1531
1945 2216
161 211
3972 4397
2348 2713
4127 4549
6136 6723
3146 3513
3609 4025
4977 6268
86 2723
6552 7166
30 53
4531 4920
6016 6577
5545 6036
3308 3676
893 1036
2706 3044
6528 7123
1110 1338
6288 7100
4414 4859
3431 5294
4662 5137
17 82
656 516
6622 7247
1354 1598
3376 3782
3369 3747
1123 1310
5321 5777
6728 7368
1352 1599
2224 4531
948 1075
2580 3011
4514 4971
5537 6047
1455 1651
2226 2590
682 781
6333 6931
4857 5335
4370 5887
2646 3052
3476 3882
6246 6845
1796 4092
1426 1655
1979 2286
647 726
620 686
1765 2014
4320 4758
3741 4176
5202 4539
4422 4870
4766 5253
6189 6782
4895 5394
4108 4535
633 504
4417 4842
4772 6140
4717 5188
599 668
4994 5436
2251 2615
6539 7147
2440 46
3398 3733
4730 6082
4038 4457
5216 5708
5060 6317
151 209
2218 2584
3743 5483
310 366
6262 6859
5509 6578
991 1053
5926 5828
2668 3072
2065 2400
1025 1213
2458 2802
2623 2970
1431 1668
4610 5021
6289 6885
4430 5864
1889 2158
1145 1330
2512 2774
2638 2822
2327 2694
2156 2519
3010 982
735 3295
5065 5546
3861 5566
1179 1363
2813 3167
950 1149
3806 4214
49 80
67 65
5594 6115
6787 7424
6080 6659
6473 7068
6420 7206
4634 5108
6478 6839
5306 6488
5262 5752
1706 1999
5563 6053
4012 2456
5329 5812
856 851
6074 6660
3593 3959
5463 5961
3108 5101
2892 3283
4485 4895
2310 2676
242 62
5024 5511
608 697
3355 3758
1503 1775
4615 5049
1951 2246
299 319
4328 4696
4504 5918
6613 7323
6492 7262
1839 2144
2563 2885
5598 6119
5198 5692
1590 1868
5427 5946
4664 5152
4215 4619
5158 6401
6569 7187
4643 3465
758 827
3142 3548
657 729
4827 5334
2516 2924
3631 4054
4588 5047
4493 3202
3026 5012
2980 3340
277 2976
646 727
4803 5263
2291 2658
2009 2344
3384 3770
4550 5019
3171 1279
5056 5542
3754 4202
1620 1886
4807 5303
5365 5871
5679 6215
3302 3616
736 669
6230 6829
5248 5741
3275 3701
6469 7246
1707 2000
6739 7391
5466 5987
5175 6426
3420 3828
5119 5609
6790 7427
2046 2374
491 485
1141 1173
4923 5418
3168 1258
363 410
965 3410
4735 5207
4383 4864
734 860
5758 6305
792 740
4103 4528
3442 3859
1574 3954
4343 4824
5203 4538
2237 2592
2151 2516
2823 552
2472 2747
5596 5235
1821 2076
3366 5277
4469 5862
3325 3634
3599 4009
3518 3911
4376 5832
4829 5325
3649 2002
2189 2558
2519 2916
5853 6421
1622 3931
1392 1647
356 349
5476 5964
3755 4173
6349 6939
988 1074
4862 5360
1944 2249
1880 2170
3048 5033
254 353
3371 3765
611 3114
6287 6877
5739 6745
3151 1270
849 1013
5047 5526
3008 3260
4427 4873
2173 2533
6520 7119
6101 6665
704 825
1974 2290
1778 2052
5379 6502
3789 4221
2147 2509
5498 5066
1705 4016
2060 2399
610 460
4256 4667
5205 5696
1157 1352
1063 1210
191 253
5366 5872
5508 6020
733 844
4714 5194
4524 4982
1953 2256
6222 6823
2715 2930
5335 5841
2855 3238
2885 3144
5799 6795
5958 6531
601 677
1615 3935
746 3250
1836 2153
4179 4594
5967 6540
2162 4479
5719 6728
4292 4746
1169 1392
6035 6605
365 361
3280 5199
4922 6228
281 338
5151 5647
2650 3086
1461 1625
2532 2944
3375 3778
5667 5364
2852 3203
3153 3546
2073 2410
1402 1674
2191 2556
4958 5458
4408 4809
1691 1954
1936 2232
4996 5466
4157 4581
3183 5143
6560 7173
188 178
2202 4519
1513 1728
581 603
3299 3671
6276 6870
5354 4848
400 245
3018 5029
4072 4491
5164 5661
5261 4618
4007 2455
4584 4999
434 465
2112 2467
5715 6266
5542 6042
2163 2526
4866 3940
6713 7347
5821 6384
1860 2135
5072 5560
5767 6324
1152 1345
6160 6741
4551 5018
396 417
3042 3416
4855 3854
2529 2756
6732 7414
4680 5116
6390 6974
4951 4057
2738 3118
3276 3700
56 115
5646 6674
2905 3139
1411 1662
538 632
3409 3799
6224 6825
5405 5912
4756 3581
3424 3841
3526 3879
6175 7029
1023 3438
2035 2365
3071 3461
1931 2214
387 385
3782 4185
3959 4382
6027 6598
6828 7472
4660 5089
1743 2023
2689 3066
2486 2855
1345 1528
2522 2936
3338 3743
1510 1783
4476 3163
4800 6148
2711 3034
88 102
5322 5778
3881 4324
5218 5705
3911 2331
3241 3662
1738 2025
149 2784
2888 700
2929 3305
2120 4429
359 2974
524 647
1699 1923
6363 7165
693 807
6279 7096
3419 3814
1118 1303
3827 4281
1469 1767
3624 4030
4454 5914
2164 2527
134 2707
6319 7138
3543 3952
4896 5395
3779 5507
1935 2231
2552 2946
2047 2386
5359 5889
2085 2426
2959 3329
3149 3517
429 420
5619 6642
2863 4868
5469 5959
5629 6154
5307 5794
1137 1238
6748 7402
639 3116
739 824
6685 7312
2115 2469
5861 6434
5304 5815
1237 1429
5472 5967
6214 6820
2410 2812
798 934
5369 5892
6543 6938
6696 7328
694 685
5180 5670
2925 4932
3564 3969
2027 2364
4307 4772
1284 3707
119 151
1955 2252
3022 3339
1375 1623
3003 3349
4917 5400
5443 5939
5718 6716
1257 1469
2789 3182
4723 5201
3682 5434
4702 6080
5465 5982
4970 6265
6172 6759
5474 5992
6255 6853
774 879
153 228
4342 4770
6783 7398
1449 1717
1076 3468
6665 7299
421 477
934 1103
6165 6760
2303 2669
4415 3079
1406 1669
1627 1827
3253 3666
3367 3774
4653 5109
3202 3592
1045 1219
2231 2587
3813 4250
687 811
5300 5785
4129 4554
968 1032
4630 5074
5015 5514
4154 4578
5393 4880
2788 3003
6553 7167
1266 1478
561 3230
3157 3559
6207 6807
6376 6964
1739 2035
1456 1723
6248 6847
3629 4046
4293 4748
4828 6163
727 850
5034 5515
6597 7218
6795 7437
3270 3626
1381 1512
2741 439
3288 3594
5021 5510
4847 5312
4400 4825
4878 5382
3589 3997
2052 2392
1361 1603
5010 6296
1585 1857
3707 4135
3632 4017
5894 6456
3292 3656
3634 4050
1018 3428
6247 6849
1497 1705
374 423
2326 2689
2566 2965
2153 2507
4999 5484
1178 1355
634 755
4432 4773
4675 5163
2792 3121
4783 3741
5149 5646
2838 3183
6529 7126
5370 4871
4373 3042
4402 3070
4539 5969
3451 3852
791 742
1769 2024
6735 7416
6738 7418
618 736
4193 4598
5515 6032
5636 6181
1429 1565
3194 3514
1423 1682
3835 4280
75 2852
4679 5168
6796 7459
3679 5440
3139 3470
6260 6861
5326 5775
6590 7212
799 933
5007 5496
2044 2378
3521 5347
5915 6480
3598 4001
1521 1685
5927 6510
4694 3538
4520 4925
3054 3400
2963 3330
1841 2120
4371 5829
1848 4160
4844 6168
6628 7257
3209 3527
5789 6783
3808 4252
4462 4786
533 572
6382 6970
5330 5813
750 643
4998 5479
5492 6014
4911 5402
3577 3971
2841 3178
1990 2318
3109 3493
1162 1391
4321 5845
5041 5522
906 906
6282 6878
4253 4694
1205 1387
1678 1940
1547 3843
5928 7087
2577 2917
2429 2793
4614 5080
5602 6125
3385 3773
5949 5897
