4924 802
4484 383
4954 3064
5427 393
3544 3041
1109 2123
5349 237
3112 257
5362 240
4740 3162
4959 3067
3366 664
1701 2869
5421 386
6348 2244
6430 3327
2189 1064
5331 205
1893 2496
3691 2455
5550 2225
984 1373
5997 447
5055 1867
3538 2820
5280 120
4871 2395
2995 2647
3577 778
6117 769
1342 2275
6506 2990
3331 2746
3156 2977
6507 2991
879 1319
6517 2724
988 445
4364 212
5980 2113
1023 2980
3529 2366
6452 3093
6541 2331
5768 2478
2994 2646
6043 3167
5665 746
2991 430
4375 264
6746 3255
3194 2185
1852 1866
1901 2911
5713 3289
5966 395
5028 3083
6346 2330
6682 3212
1633 2411
1100 2169
1699 2436
1151 2128
6380 1709
886 2666
6167 2459
5554 1587
5801 2504
3051 2191
4677 2982
3782 2492
4982 2872
1454 2342
509 1233
4788 3173
1693 2863
1695 1794
5338 261
6062 647
3775 1864
3188 2714
4663 2154
1764 876
1756 2458
1340 2259
6384 3317
4733 2732
1765 866
808 1234
4609 2652
6405 3286
1117 2681
5457 1523
6314 2698
4884 3042
6154 2870
5581 3155
1918 968
6333 1584
1725 2877
6671 3050
6264 2571
3132 2674
3434 2781
3074 2975
5359 272
5557 2744
3325 2757
4830 3021
1164 2715
5528 497
6482 1941
6726 3376
5526 1557
1521 1681
4841 2792
5274 193
3521 2388
6564 3273
1086 2121
5639 3270
1096 2173
5298 1380
1414 2309
6670 3380
3078 364
3108 2685
3573 754
4821 2798
2824 357
6182 2890
6017 2265
1302 2750
4660 2129
1615 2404
3468 696
3712 2887
875 31
5488 1521
1398 1656
4592 453
1150 1469
2105 1082
4321 243
5994 1531
6614 3219
1641 1767
6649 3012
1134 2193
4369 268
974 1423
4984 1807
3277 588
5961 1464
5722 3208
5234 2017
5626 3033
989 1372
1582 2386
1631 2410
1292 2254
1133 2161
6023 1591
1400 2305
5968 1507
1101 2170
4759 3157
3540 1739
5175 1972
5607 648
1904 951
6326 2269
1663 2422
5402 1405
6565 3362
6717 3174
1614 2829
5393 299
6339 1592
3681 2456
6457 3085
1539 2815
1540 2367
1076 1442
1120 2168
883 1310
5714 3290
839 2074
3103 2091
3148 2673
5438 330
1056 2680
3017 2084
3698 1834
4983 2446
3285 595
982 2110
3630 3205
3363 2765
4166 2024
6656 3266
2281 1192
4875 3034
4646 2984
1163 2694
1415 2310
3179 2711
985 2132
1081 2676
6067 3260
3087 348
3432 1668
1524 2358
4437 284
2655 324
3803 929
871 2071
1170 213
1547 2813
1879 1879
5332 204
1194 2709
3688 1813
3720 903
3177 2721
4685 2983
3062 2658
1147 1431
5759 2465
792 1227
5029 3082
3779 2490
2986 2653
4368 269
3784 899
3059 1400
1752 858
3627 816
2070 1016
5516 1569
4989 2457
5587 3156
1789 901
4691 2122
1593 2402
995 1327
6337 1596
6532 3150
1661 2421
5527 1558
1316 2748
3737 2894
3346 2312
6475 1927
6433 3328
3189 2713
5668 3189
5515 1568
6586 3366
1912 1865
1093 2159
5408 232
5600 3159
3110 2153
3590 2832
4637 2649
6324 1560
4201 1212
5568 3252
1403 2317
6597 3325
4867 1720
4725 2710
4610 2651
5047 2472
5042 917
3256 2730
4803 1640
4741 1574
5686 3194
4606 2655
4378 203
4831 3022
6122 1763
964 2148
3541 2378
4566 1527
3739 2898
3489 2805
755 1262
1731 887
1822 1853
6411 1781
791 1239
4370 279
1569 700
4239 114
5369 2162
1026 1370
983 2111
5399 293
3678 857
3292 593
3596 2840
1747 2882
538 351
4762 650
1654 1773
1817 1872
4329 187
4705 584
6125 791
5929 191
1671 2424
6492 3126
3776 928
6171 2881
6680 3211
1220 2220
1837 941
3533 3032
4842 3026
1339 2260
1135 2192
5050 912
1141 2137
5577 3153
1102 1453
4372 222
975 1375
5624 1701
3761 3080
5917 235
1078 2138
5474 448
5698 3200
4672 446
842 1229
3733 3076
3785 900
3592 2835
3628 817
1650 796
1616 763
1365 2772
1568 1712
319 208
5294 171
1878 1889
1088 1424
2131 2645
3696 2463
3774 1863
1113 2697
1344 2274
6026 530
6596 3326
4869 2389
4922 3199
3327 2248
6672 3381
891 147
5456 1522
1061 2094
5619 3018
4978 845
874 32
4651 2656
5431 372
1803 907
4412 239
5032 882
1092 1396
3818 1873
4670 2701
1216 2209
4939 3203
3302 2287
6000 1524
5398 294
3695 2462
5745 3215
3185 2704
5993 2245
4825 705
895 93
6001 2240
3022 1456
6316 1541
5927 1434
5091 2512
6289 1387
2976 2073
5556 1599
1277 2228
2767 326
6391 745
4761 636
945 396
1278 2229
3668 3214
5606 649
6149 3206
1583 3196
