5274 4924
792 517
73 52
3362 5462
5338 6109
4877 4179
4629 5323
688 957
3779 5795
832 1011
6372 7452
2298 2870
337 472
5536 6277
1810 2243
2396 2967
1295 1625
1341 1686
6316 6840
6545 6900
3666 4321
1434 5524
4296 4934
3327 3824
1804 2244
3789 2346
1643 5650
5441 6771
6215 6629
424 577
4881 4195
4690 3785
3112 5267
1570 4163
4309 4930
4521 3417
6432 7038
3514 4171
141 203
6492 7544
2939 5219
6257 6703
6684 7501
4982 6525
4962 4326
623 735
6049 6875
4561 6119
3101 3757
95 38
2791 5044
5917 6090
3833 2392
6736 7667
2622 357
751 821
1464 4061
6749 7716
3988 2600
3367 1740
6653 7570
3744 2292
6816 7715
2182 4763
4456 3286
3916 4548
752 822
6556 7453
3238 1546
814 540
2197 2683
3093 3702
2544 3106
3221 1478
1103 1427
2546 2978
3440 4045
3912 4549
5582 5458
3598 4240
1993 2496
5462 5199
6357 6913
1354 1752
295 161
6396 7282
4338 4995
6213 7100
2752 3217
762 3497
6790 7719
2366 45
5574 6262
3224 1540
4658 5368
2516 235
4691 6247
3646 4304
1684 2097
2486 3022
5486 6235
5004 6538
1396 1771
1190 1534
4513 5206
5716 5697
4525 5175
737 3472
2112 2622
5698 7289
5545 6841
1429 5526
4778 5542
1177 5408
2634 450
276 3092
3253 3919
6437 7610
4135 4840
3872 2447
1757 4337
629 83
5635 7263
828 5079
2302 2868
2236 4837
3685 2177
2981 3532
945 5290
2793 3283
859 5071
6519 7396
2996 1055
326 378
3431 6409
4543 3505
3175 5301
3193 1440
6595 7603
1589 2020
1430 1815
3999 2582
4340 4914
3196 5302
2884 3423
122 110
5157 5900
4420 6750
3531 5611
1340 3853
2866 689
6598 7323
2965 5053
6627 7633
403 493
3932 2506
1730 4318
1358 1724
3180 5313
325 538
174 333
4067 2679
47 33
2653 3163
5207 4685
4032 4650
3167 3789
1652 2056
1180 1467
2748 3062
5548 6313
456 670
2781 646
5047 6575
111 11
330 341
4409 4980
6069 6378
4057 2648
3522 5613
2816 760
4933 4280
3450 1904
1109 3586
5474 5239
2847 3443
87 65
3020 1042
1641 4210
248 160
3535 1973
604 762
3904 2486
4166 6026
3351 3943
1747 5705
584 810
1408 1659
703 954
2478 3046
5465 6221
405 339
1710 2126
6365 6931
126 62
5610 5520
4594 5095
2929 3498
3806 5824
5871 5958
2140 2632
4893 4207
401 603
3278 5387
3632 5684
5413 5154
440 264
4562 6120
899 1215
1826 5762
6564 7457
4397 3175
6166 7500
531 683
5279 6057
6389 6976
907 3644
3190 3826
1532 4067
1193 1523
3675 2172
3704 2200
3342 3996
3355 1701
1400 3941
3926 2524
1990 2484
1151 3630
5752 7051
6518 7397
6644 7684
2553 3085
2970 3491
1615 4168
1010 1174
6709 7529
2909 982
2582 3025
999 1163
5876 6718
2504 217
5024 5776
4154 6012
5498 5285
5759 7061
5687 6492
4741 6321
3070 3655
3249 1585
1120 5317
886 5183
1942 2414
6738 7676
3407 1807
540 92
2363 40
4650 3752
1269 3821
5316 6047
1369 1766
1501 1863
3110 5258
5796 7093
5617 5519
4339 4996
4388 5020
5508 6252
4818 5547
3876 4529
781 914
5843 5896
5384 6075
6174 7330
185 227
262 516
1992 2469
3150 1398
4508 5140
6159 7317
4652 5374
1498 1846
1797 2229
6650 7558
3580 2016
1650 2013
2815 3318
3071 1231
5056 4465
585 860
5191 4676
3142 1399
3931 2517
5193 5925
4273 3006
2047 2549
5170 5906
6741 7631
4867 6453
6696 7624
5584 6333
6670 7705
3443 5564
1953 2417
2930 869
5597 6886
3558 2008
6821 7749
3966 5880
5652 5604
3308 1522
1289 1651
684 5011
4118 2722
4424 5094
4580 6138
6766 7655
507 630
3973 2561
6477 7110
5993 6829
3603 4252
5524 6778
4475 5091
105 34
2874 3508
4807 5555
3482 4149
3356 5550
6367 7259
3374 1725
914 1185
5060 6602
3768 5782
5818 5866
1492 1782
1661 4226
5356 5005
2521 2979
3301 3936
1665 2069
1919 2419
3409 4048
5118 5872
3827 4467
3108 6229
2046 4645
1533 4155
3653 4305
4223 4879
3786 4447
2926 1006
381 3259
952 5200
274 210
5093 5845
4372 6764
6530 7415
3412 4074
197 421
6084 7258
2467 300
4506 3387
6352 7229
226 2965
5630 6408
3126 3771
5991 6794
2756 3273
2194 4798
3656 2148
6689 7614
5793 6622
4530 6083
2913 3436
3974 4584
537 484
2252 4831
2571 334
1588 2011
2338 2924
2819 3292
5130 2647
3025 1097
3433 1860
5110 5870
1577 1995
374 445
4527 5156
2900 916
3236 6343
6153 7032
6031 6876
6228 7372
5223 4711
1343 3901
931 1257
1695 4267
5946 6759
2731 3183
3024 3608
4120 4819
3880 2454
2976 5059
2489 268
6158 6527
3693 2185
2255 4820
1238 3764
5156 4674
1740 2159
5393 6146
5003 4363
4740 6864
2794 3238
3947 2543
4827 4091
5693 6496
5958 6156
1755 6524
2289 2860
513 793
4864 5606
5112 4560
3758 2273
4460 5023
3055 5121
6725 7691
3115 1344
5085 6606
4156 6014
3347 3883
5965 6787
3215 3784
2286 2861
2714 505
3402 4035
4689 3756
3564 1994
5375 6095
6424 7490
5270 6736
747 1022
4147 2764
1856 5779
2906 3468
906 3366
5924 6107
4100 2686
589 610
4654 5351
748 1023
3106 1346
4140 2752
3716 4359
5226 4715
2907 3469
2838 5126
5232 4748
4551 3501
4509 5141
6042 7228
3171 1397
1111 1370
3620 4287
6201 7070
236 277
3496 4148
821 5040
4705 5437
5583 6327
6186 7067
4988 4345
552 725
4898 5652
3720 4367
6194 7092
3897 2489
716 945
4669 5364
977 3570
1245 1551
3214 1505
1203 1554
3559 4211
1568 4114
116 2946
5670 6475
517 715
312 215
471 666
1276 1604
4524 3442
871 3341
4107 2705
1431 1812
2107 2595
1386 1751
6419 7595
5350 6111
717 3097
4579 5230
56 156
5153 5892
4181 6009
963 3582
4972 4339
4380 3254
3987 2601
5206 2835
3970 4617
4326 3170
3451 4097
6658 7574
474 541
362 394
4208 6028
6097 6945
4941 5692
1222 1584
4571 3548
1611 4232
3937 4568
3287 3924
3143 3746
6574 7473
2704 570
5116 5864
1141 3622
2238 2701
812 3643
2144 2774
5212 5980
6318 7551
6457 7519
628 782
2983 6110
4215 2905
656 4938
2322 2886
2239 2702
4445 6748
1864 2318
3017 5112
2259 2786
1049 1359
4829 4076
1298 3859
4523 5236
462 400
4616 6775
6782 7677
3695 5723
4538 5177
3888 2468
2700 412
3430 1851
6306 7181
1786 4353
3599 4245
2003 4620
767 1071
3291 3816
5737 6536
4589 6227
1692 4253
6180 6574
6405 7484
1817 4382
3414 4053
6263 6704
4358 3063
267 495
578 724
2249 2747
5929 6758
2701 3201
6252 6688
5990 6815
669 2982
6034 6878
5985 6811
621 2983
775 868
800 5010
1209 1527
3354 6385
5318 5000
997 1366
2590 498
2216 4765
5537 6288
3419 4065
4087 2682
3007 1036
4320 4920
1194 5354
1711 2125
1854 2323
4426 5037
2059 2567
2980 3533
75 3037
4608 5314
6561 7458
6547 7444
4921 4243
3585 2025
4210 4873
1842 4390
2080 2625
186 2938
588 870
429 345
6056 6908
1129 1459
1886 4439
3483 1939
466 595
6820 7742
5592 6367
5980 6768
6730 7657
2660 510
1086 3574
6720 7687
384 393
3647 2131
4618 6150
6473 7107
641 3130
500 601
4260 4940
6268 6024
1266 1578
2814 644
765 991
6026 6316
490 745
5804 6641
6722 7569
1164 6289
375 456
5666 5624
1723 2151
324 503
6343 7432
2828 5181
756 834
1764 2186
4064 4730
975 3511
1571 1972
2737 4908
5707 6511
843 5118
5311 4907
908 1111
164 20
473 2941
2995 6148
4913 6484
4186 4751
388 362
1336 1518
194 352
6459 7526
1397 1799
3825 4466
5203 4679
687 956
3037 6163
819 993
3492 4093
4526 5217
4702 5409
4797 5535
4427 5063
6369 6927
870 3613
4030 4626
6428 7314
2935 3447
5199 4684
3550 4205
827 1001
571 4901
3542 4192
633 3056
1593 4161
3957 2545
5005 4364
611 4911
3800 4442
4633 5337
2594 5041
5353 6084
686 576
3128 3751
5930 6127
4001 2584
1218 3786
5101 5844
1144 5361
3051 5229
3941 4565
348 424
3778 4424
2885 4968
4027 4688
3473 1906
4606 6168
5683 6490
4212 4876
2382 3010
5558 6312
3836 4489
4216 6040
6108 6951
4566 5242
948 1145
5657 5616
487 586
2430 3030
2449 2972
5021 5773
6078 6929
1863 2314
3541 5597
5166 4611
420 453
5806 5859
5853 5920
4614 5300
4090 2672
4391 2939
6608 7617
6614 7625
2202 4769
5703 5680
3198 6261
5778 5830
3049 1096
2319 4867
947 1263
1207 1494
3644 2138
3764 5787
3954 2532
3721 4362
5706 5683
2746 3382
1416 3940
2154 4771
580 823
2070 4657
3429 4064
3250 1594
2451 3002
1402 1827
4847 5558
5425 6161
3177 6268
2156 4722
5746 5746
1522 4103
1852 4418
2012 5909
3943 2526
2170 2719
2339 2923
368 372
694 599
5427 5185
556 3335
1278 5404
5825 6633
4678 5393
6740 7632
1829 2299
6302 7393
1662 2076
1128 1295
3965 4579
4367 4981
4364 6101
1428 1830
891 3445
922 3683
4889 5644
2817 3349
2824 5174
768 3470
4206 4810
5979 6191
3033 3275
6594 7315
2093 4745
112 80
4198 2824
3337 6340
2417 152
6163 6540
3064 6182
858 5070
4536 5169
968 3563
3940 4569
44 75
2279 2777
6264 7385
1616 1960
367 293
257 266
3953 2551
3494 1929
6454 7518
927 3670
3384 1712
913 3429
310 430
4470 6141
6148 7304
2971 3629
91 177
5679 6466
2146 2626
4581 3597
3442 4122
2434 3090
361 306
1451 1844
3255 3926
576 738
5997 6242
3076 1227
1908 4476
1857 4414
3783 2359
4006 2596
5602 5508
6062 6375
1574 1985
2669 533
5151 4602
5433 6169
3468 5570
1971 2455
826 3200
6197 7089
3435 1859
909 1220
4505 5076
5603 5509
4931 6501
1674 2087
6632 7533
987 3572
5900 6027
5103 4541
555 825
833 1012
3804 4474
177 114
2263 4849
6035 7223
1675 2088
6633 7534
1076 3619
2685 494
2185 2809
1860 2320
2160 2726
2991 3542
6243 6680
817 997
6350 7421
281 405
1057 1303
6421 7025
6205 7079
6553 7252
190 318
2627 506
1980 2470
2082 2627
4229 3051
1309 1676
1187 1464
5268 4878
335 275
2758 3380
191 319
5262 2841
1189 1339
5692 6497
4287 4957
2088 2576
2168 4783
3104 1334
6481 7117
2823 535
5600 6873
3039 3645
318 205
3785 4438
4713 6263
299 328
3381 6376
4489 5052
6708 7528
2905 6060
5729 7036
6489 7131
2104 2659
2306 2891
6681 7602
4312 4922
1796 5737
822 520
6002 6845
1153 1449
4628 5238
2951 1026
5595 5495
2127 2604
187 42
442 3216
2303 2871
2820 3315
6486 7130
6292 7168
5893 4865
322 361
2800 3406
5018 4396
1599 2019
4863 4174
3313 6326
1789 2225
5011 5743
1836 2267
1459 1857
579 723
1497 1845
4197 4860
6508 7401
4497 5133
3751 4394
154 94
4987 4346
2208 2703
3134 1318
876 3297
2123 2762
6592 7313
2095 2715
690 5015
3930 2516
2805 3270
4622 6798
3569 4156
2459 67
3484 1914
5540 7559
6593 7597
2401 2954
1832 2302
4821 6944
5655 6970
4969 4333
1148 1431
6024 6301
3986 2569
5224 4724
4307 4976
5688 5659
3668 7033
2665 2993
1605 4183
5225 4725
590 749
1739 2163
4023 5962
705 3118
1748 2168
3432 6410
5750 7053
308 223
4061 4615
983 5226
532 811
410 667
4812 4003
6295 6781
6088 7257
5739 7325
1421 1811
5515 6278
6106 6448
1513 4108
1473 1894
1454 3999
2766 588
2244 2706
6177 6562
2676 529
3933 2507
4522 5237
76 155
1440 1856
4666 3740
4715 3832
4329 4958
6576 7479
316 265
715 966
4943 4294
266 329
1838 2296
682 878
3172 1368
1518 1917
2313 2882
5897 6025
2218 2813
201 195
1188 1483
6529 7414
4917 5662
1480 4033
4444 3358
4657 6253
6616 7514
750 3133
2757 3296
4788 6903
533 580
924 1213
1345 3949
2762 3258
3659 2153
1036 1380
2868 4919
4885 5609
3866 2436
6550 7440
3755 4395
4378 4989
6691 7505
1931 4515
4878 4196
3306 1623
1932 4516
3458 4125
6170 7057
6695 7511
4915 4237
6143 6521
6694 7626
603 711
2730 3182
3220 1429
4868 6458
3901 2492
2 109
6053 7225
2151 4699
5492 6255
6033 6882
5483 5146
3252 1582
4756 5386
5059 5800
3829 2391
3164 3804
5488 5246
143 61
3456 1870
4619 6825
5359 5034
2110 2665
6162 6539
5142 5888
598 887
1423 1833
3630 7006
4395 4990
3577 4209
1879 5796
5834 6651
6071 6399
1321 3885
4835 5601
319 331
4015 2666
6240 7120
1785 2212
1989 2491
6105 6449
4841 5541
1547 5573
6622 7521
6599 7499
4422 5050
3002 6112
4595 5259
6585 7489
6384 7462
4548 5184
261 149
6760 7697
4879 6456
6279 7391
1821 4389
6236 7373
4725 5348
3320 1680
2934 3557
5715 5696
5042 6570
5573 6341
5557 6847
3245 1533
3082 3701
6431 7316
3011 3591
2877 3392
5623 6909
6414 7303
4843 6403
5587 7221
1704 2118
6255 6699
6075 7449
3749 2317
3170 1396
1437 1861
4758 3932
5013 6551
6095 6959
5646 6958
3495 1919
2540 3005
2914 876
121 106
6417 7306
2745 3248
4967 4329
640 3123
4261 4927
3375 4024
607 4900
346 289
4037 2612
5577 6853
4461 6132
4219 2906
6666 7704
3859 2439
4819 1821
3511 1967
4764 3974
6565 7654
4918 4241
619 707
550 91
6080 6398
5756 5774
4640 5326
3149 3748
3060 5308
6009 6267
3392 1816
3701 2199
2183 4768
69 311
3738 5748
3727 6542
422 651
2455 2932
2735 4951
2821 3309
1514 1927
3592 5636
2960 947
239 274
3728 6543
606 2960
880 1103
1937 2388
2630 3076
6573 7472
6601 7331
5890 5982
2620 198
4437 5062
4361 4991
793 513
754 985
314 4894
946 1264
1098 3809
2100 4607
3074 6200
3618 4279
5801 7097
989 939
3393 4009
2770 3280
247 159
2936 4973
5385 6131
5765 6568
1185 1524
1314 1635
6685 7669
1885 2348
4294 4898
2973 3518
275 211
1380 3989
372 283
6216 6630
617 721
2013 2525
3009 5031
4468 5127
1713 2124
4681 5321
1870 6565
300 196
49 56
5984 6810
5012 5747
4073 4640
3123 3749
818 996
5317 4999
915 5161
419 416
538 3389
3536 1988
107 267
2344 3011
5918 6091
5580 7430
1392 1803
3296 3879
4477 687
916 5162
3537 1989
4832 6423
2953 3371
123 190
3165 3805
4431 6050
131 173
654 890
1699 4277
4668 3735
3210 3871
3312 1612
6065 6373
501 564
2044 4580
2340 2913
1676 4256
5377 6136
574 862
2911 3519
5947 7159
4446 6747
2667 3220
3380 6419
5887 5977
3648 2137
3759 2275
6719 7686
5927 6103
834 1099
932 3394
5378 6137
6129 5688
2343 2918
6241 7121
1168 1506
6385 7464
2724 3187
6772 7706
6659 7578
1951 2424
6721 7568
4875 6445
6110 5627
5261 2877
4759 6866
5431 5182
1907 4477
6791 7720
1728 2157
885 1115
6010 7185
1865 2291
5761 6564
634 886
161 224
2517 236
2994 6147
5664 6461
1146 1488
2882 4975
4396 5003
5675 6469
4906 4213
6011 7186
5368 6121
2635 558
4514 5207
3882 4535
5027 6561
5418 6155
1191 1535
6133 7016
3404 1737
5014 6553
3873 2443
5138 4595
491 426
5079 4519
4552 5190
3808 4449
1653 2063
1479 4034
6506 7402
5366 4971
2989 1048
4082 2725
4034 4740
2296 2897
1300 1643
2606 3131
6552 7253
698 758
434 459
998 1154
3998 4609
5466 6224
936 1269
6128 6512
3095 1319
3231 5452
1890 2336
3510 1964
522 501
5247 6729
895 3433
1724 2147
5503 6237
2189 4773
1891 2337
3643 2129
2830 832
1448 4016
6727 7436
3191 1443
2133 4703
6728 7695
3457 1896
3135 1356
2077 2572
6048 6356
2027 2531
5410 6117
6119 7284
2376 28
3544 6450
4170 6007
3370 3979
2318 2869
3386 1734
227 84
6569 7471
4810 5559
2626 3221
1930 2405
1463 1885
526 546
1 6
5538 6279
6410 7007
3466 1888
481 665
4779 5513
5522 6835
5674 6489
3719 4360
6688 7613
345 299
3798 6584
4031 4625
3703 4352
3696 5724
37 89
5760 6563
691 575
4603 5298
3089 6197
6256 6695
3819 4464
6245 6681
1097 1408
4636 5307
271 165
6523 7394
648 759
3678 4338
3977 4588
1037 1379
6169 7047
3942 4564
3596 6487
2441 71
2097 2580
151 3096
1290 1652
6613 7672
4787 4021
2174 2829
3840 2396
4752 6323
4803 6377
3476 4135
2933 3324
4712 3839
3611 4258
6171 7056
5264 4817
6096 6965
1070 1413
1582 4131
2292 2896
3426 3997
5892 7148
4519 5158
4512 6752
2988 3517
3566 2015
5505 6788
2831 785
1001 1282
1018 5231
2733 3213
3069 3649
2083 2574
3557 2009
3993 2581
5779 6595
5885 6722
1008 1268
4699 3782
3902 2472
6649 7565
4667 5293
355 4905
1955 2430
1073 3657
6022 7412
1524 5567
234 291
2131 4799
4068 2652
5762 5791
4041 4760
1779 2205
627 3378
855 5103
3962 2558
3851 4506
1563 1957
536 772
6230 6656
6828 7750
5304 6064
2764 691
3878 4527
5497 6241
2257 2839
4383 5069
6312 7187
4005 2658
1069 1353
2853 3344
5561 5382
670 4912
3328 5455
1288 1511
3319 1626
3649 4306
6375 6956
764 898
5769 5804
4495 3412
6146 7022
3809 4450
5656 6454
3650 4307
799 1043
5171 5907
3803 4473
2893 6062
351 288
4454 6123
5349 6106
2707 3184
4978 5714
5241 7146
1850 2283
493 608
5684 6987
5197 4660
868 1102
1587 2012
6522 7395
5622 5556
3915 2505
417 397
4682 3810
4282 4925
582 611
5613 7240
373 446
4485 5043
1273 1605
5605 6895
4909 4235
2256 2846
2057 2566
2469 220
6037 6887
5857 5923
2699 3246
626 3115
5260 6029
6046 6905
1569 4098
4692 3799
4739 6865
4056 4638
317 204
6288 7390
2275 2828
3776 2349
2659 3137
3634 2107
2580 3205
6020 7206
1081 5277
3887 2466
2333 2909
1642 2048
1882 2360
1673 2078
6235 7118
1333 1513
5607 5512
3622 4282
1612 2023
3688 5718
2028 2542
2281 6031
3960 4571
1152 1448
1812 4373
541 483
5096 7103
3747 4386
302 219
5625 6429
2916 998
2950 1025
3042 1139
448 375
6311 7189
766 978
5061 4470
5848 6673
2542 3035
213 26
3765 4407
463 3214
4342 4932
4321 4986
1310 5417
4761 5499
354 315
3352 1738
919 1138
6093 6957
4839 5571
5365 4972
2806 3444
2235 4838
3418 3986
3260 1590
4438 3359
6161 6533
2261 2775
6517 7191
930 801
2608 3105
4587 5240
5459 5187
309 272
6715 7683
4946 7009
3244 1573
6332 6863
6036 6889
6668 7475
6579 7481
6044 6857
2897 3416
3015 3553
5948 7158
2850 5132
5604 5498
564 3008
6074 6401
3378 3934
5521 6783
1983 2485
5668 6966
3166 3640
6058 5491
2550 3004
1472 1893
505 435
2480 2984
2958 5051
3248 1589
5256 2873
902 1237
5412 5007
5183 4663
5525 5316
1686 2067
2769 3281
1439 1855
4572 6789
672 3058
232 317
2624 178
2463 3043
5981 6225
4511 5139
1872 2330
3552 1990
4207 2876
4202 4874
2528 3180
544 681
6746 7681
4785 5545
5676 5639
2646 429
4127 4718
3256 5385
957 1156
2867 6051
2891 906
6173 7049
6516 7410
6333 7224
4659 6257
4842 6402
1229 1581
4849 4134
233 279
6630 7537
3230 5421
1685 5673
1059 3535
5263 4872
1030 3708
1636 4246
6690 7504
2888 734
2997 3554
639 4904
1381 3899
3305 1622
5026 5769
4855 4094
307 164
4174 2780
1543 1951
5528 5338
6262 5963
5975 6212
4517 5153
503 729
4050 2630
4755 3933
1137 1260
557 742
6111 7273
6560 7459
3828 2390
2510 3041
4430 6055
1339 3852
100 87
4621 6779
3772 2319
2312 2875
4826 5596
6085 6936
5696 6502
758 859
599 712
3292 3881
4084 2669
811 5019
3387 1794
6276 6036
3890 2474
2300 2889
1966 2450
5862 5933
2534 3045
4757 5486
773 1010
5234 6727
693 937
2652 3162
4763 5522
6406 7485
3084 6208
334 209
6686 7670
3422 5540
1365 6362
849 3671
178 249
2747 3266
3056 5137
888 5150
1610 2027
3309 3953
3133 3750
6551 7439
2062 4643
2902 4953
238 389
5776 4484
4346 6102
5995 6799
5169 4634
548 594
4637 6187
2309 2880
181 280
6495 7141
1117 5297
4910 4228
6226 6672
4412 5024
5449 7392
6642 7553
5581 7220
1055 1299
5135 4623
5146 4608
4334 3135
5496 5278
4912 4238
1407 1742
4721 5457
2946 928
4717 5436
650 911
3382 4041
1143 5362
5727 5721
6079 6397
5482 6218
2532 3116
1077 1423
376 457
4639 5325
1766 2184
1214 3835
3733 6550
2717 3151
6032 6883
1765 2187
2924 847
4070 4655
68 310
5849 6665
1435 1848
2506 49
1742 2166
1788 2209
6427 7495
3075 1226
6272 6033
4 2968
2642 3234
3969 2589
2240 4833
4891 4188
6052 6911
6744 7678
5766 5793
3976 4604
1362 3959
988 5322
4423 5078
4900 4206
1668 2075
4203 4862
4949 2113
4091 4757
2961 3558
2201 4770
786 3158
3364 3910
5447 5218
4671 5281
3297 3938
3111 1323
1633 4199
5237 4809
4311 5006
4465 5038
5624 6428
1670 2083
5373 6126
4625 3707
1425 4029
1296 1634
3289 3776
1889 5813
3173 3803
3472 1900
2547 248
6381 6967
5904 6034
1925 4500
4286 4928
3956 4573
4675 3802
6467 7350
3187 1451
839 5125
5408 6134
2246 4826
3672 4336
6482 7531
22 108
1224 3892
2419 200
200 104
5809 7099
356 295
2899 3499
6200 7074
587 717
1173 1452
3928 4556
972 1219
1466 4002
1759 2175
1732 4316
4597 3647
4187 4847
3094 1328
3302 5444
1113 5309
1760 2176
1733 4317
1108 1426
488 587
6656 7571
5571 5419
5327 4963
4418 3198
720 882
5041 5790
5593 5489
5088 4536
1671 4239
1135 6282
54 68
986 1014
209 93
5861 5929
43 76
3067 3658
470 5
110 51
1956 2433
5086 5838
5105 6643
5267 2907
3219 1416
393 411
5054 4457
3831 4495
1092 3598
898 1149
1537 1879
4464 5061
5874 6697
3538 5598
2799 3405
5509 6827
527 2976
4954 6515
985 3531
4883 4157
1835 4400
6113 7285
1084 1395
6127 7486
2157 4723
3513 4162
3194 5344
6430 7599
1590 2007
1233 1553
19 2996
2721 3218
387 364
1012 1254
4738 3913
6742 7629
4599 3636
2563 2950
5504 6776
2840 809
4950 7295
3003 3520
784 831
5967 6800
479 422
3745 4391
1387 1800
3684 4344
4610 6164
3856 2429
3793 4436
1553 1935
1677 5668
5844 5905
2162 4710
1197 1475
2175 4728
736 3206
6209 6628
3030 1059
3489 6430
1415 5515
1156 3633
6005 7417
2978 1021
5194 5931
4641 3661
6199 7076
1515 6459
1042 1350
3801 5806
1938 2408
3843 2402
1334 3971
2566 3128
6314 7407
1663 4227
3016 3547
4319 4969
883 3424
2912 5113
5880 5952
3379 1753
3735 6552
414 337
5767 6590
1500 4047
1004 1234
5098 5847
3078 5276
3892 2471
1249 1562
183 176
4484 5179
4722 6852
2822 3310
570 584
951 5178
5519 5340
1072 3541
6588 7013
1005 1235
5152 4603
4704 5424
4097 2681
3232 1575
1052 5250
4435 3347
6247 7135
2554 3157
1833 2295
293 497
6073 7247
6512 7173
3390 4062
4938 4289
5883 4714
3899 2488
5710 7293
6590 7493
5189 4671
5713 7298
3881 2465
61 189
3922 2538
241 121
509 4941
5055 6589
3741 4385
4476 3336
6539 7434
1476 1880
3525 1970
4748 5487
5099 4538
5028 6566
3545 4165
5826 6632
3639 4303
396 401
3272 3848
106 13
301 197
1026 5261
5090 4532
1693 5678
2792 3202
3013 3604
5165 5904
2954 3465
119 120
3480 1832
2966 3307
6038 6884
1172 1501
678 3138
3192 1442
3421 1834
3310 3893
1562 4132
2881 4939
4180 6008
4613 6145
5184 2660
1735 2156
4928 5682
4578 3585
5506 6792
6063 6371
2115 2740
1099 5289
5108 5855
6520 7197
218 97
165 320
6597 7609
3148 5254
2716 624
1841 4397
4673 5384
852 5124
6515 7398
746 3278
5976 6770
166 321
3909 6664
3263 3914
5255 5999
3179 5312
5596 5496
982 5227
3958 4591
3399 4011
2967 1063
6586 7663
5859 5928
926 1236
6785 7717
3122 3736
2901 4923
1216 3726
3906 4554
1691 2101
2964 1016
1790 2222
3683 5717
543 682
2493 3032
395 4906
3578 4225
1302 5428
521 2995
4486 6743
212 302
4784 3985
1090 1441
889 5149
2947 6105
3411 1793
1792 2230
4765 5510
5842 5902
3324 5434
6134 7017
1822 5754
3761 6559
1578 1996
4866 4180
3461 4121
6433 7605
3023 3543
6120 6478
5950 6760
6555 7443
6101 6942
6227 6671
4734 6855
2564 3059
974 5263
2574 3066
5389 5028
1700 4271
3147 3766
3174 1377
1405 1790
2860 829
535 3099
6347 7425
4895 4214
3333 1675
612 722
2565 3060
761 652
2531 3079
3124 3727
3532 5635
1861 4412
2767 5136
4535 6099
3821 5820
2558 3027
3141 1381
6017 6849
3448 4096
546 4913
6242 7114
5758 7062
771 921
6043 7433
6296 6782
6407 7002
2150 4700
3509 1938
3329 1706
6335 7423
1681 4264
90 116
1603 2030
6339 6870
6123 6996
2589 3124
1769 2192
6051 6365
1337 1670
5556 6319
252 3109
2944 5144
6379 7267
6577 7480
3317 3952
1781 2204
5072 6616
6426 7497
1359 1774
5134 4585
4685 6838
2945 5145
3739 5763
3626 2102
2477 2959
4766 3962
2178 2721
6682 7606
65 146
4661 5379
3445 1864
5606 5511
1664 2073
875 685
6830 7758
3001 6113
2959 3492
2782 3288
3660 2154
5198 5951
447 374
6324 6850
6534 7562
260 150
4997 6532
2641 3069
1520 4151
1985 2467
2323 4881
1078 5287
184 390
397 402
4980 5716
3799 2355
4643 3728
3553 2001
2990 1100
3284 3937
2234 2704
4510 3348
6383 6971
6285 7154
6762 7723
219 358
573 626
4724 3850
3628 4274
5974 6808
6810 7713
1512 4129
5554 6305
6064 6912
4373 451
2968 3289
510 549
4601 3556
5532 6785
6793 7696
3385 5548
2228 4785
4159 6015
1915 4503
829 1065
6336 7212
5601 6352
4772 6396
2649 307
2675 3174
4836 5602
6458 7352
147 325
5494 6232
6225 7105
706 3437
6568 7468
1948 4490
1195 3754
789 5072
5286 4955
2795 708
148 326
935 1251
5495 6233
3288 5397
1231 1521
1258 1602
6491 7133
5821 5875
4627 6172
3871 4525
956 5209
2879 6063
5087 5837
879 3421
1436 3956
1893 5810
467 602
5464 6096
3715 4358
254 474
4451 5077
646 800
3746 5767
2040 2555
4767 5528
3034 3674
5405 6124
5500 6246
3154 3808
3820 4455
1976 2548
2476 3033
2121 4732
602 4918
2559 3049
4605 5333
5454 6206
3994 4601
6239 7376
4400 4978
5040 4416
4998 5731
3222 5463
4457 5032
4771 6364
4723 5453
3059 6216
4714 5449
4254 4917
4600 6774
391 618
5878 5961
835 3322
4677 6243
6183 6581
4973 5712
4924 4257
5335 6088
6100 6939
5298 6065
4927 4262
2629 3154
1853 2290
3118 3484
1262 1512
1509 1862
2456 202
949 1187
5007 4366
5174 5912
3168 1371
4919 4242
3854 2431
4956 5703
328 214
1847 2287
4762 3945
4350 4948
5025 5768
70 218
4283 4926
4664 3780
5690 5663
4539 6198
5585 6859
168 79
4830 6932
3462 1877
2979 1020
1602 2029
6460 7520
1918 4504
6584 7294
2986 5080
4884 6451
1725 5698
3838 6611
6717 7564
5641 5585
6122 6994
2509 3040
3137 3690
893 3659
5049 4444
2998 1093
1619 4177
358 439
5438 6184
32 82
4433 6043
3132 5245
5797 5848
5243 4828
366 543
757 835
3066 5265
5838 6660
1972 2456
5667 5629
4696 5399
5662 5626
2514 4895
6716 7688
6152 7027
2728 330
1272 1421
85 169
2535 366
6150 7309
5421 6203
389 631
3304 1616
216 347
4048 4719
3105 3584
3717 2233
2729 3177
3726 2241
2215 4764
2870 881
2173 4639
5954 6763
2810 3422
5430 6143
237 388
3802 4475
1816 5750
1851 4393
1945 4552
6361 7573
5642 5595
1539 5574
2543 3036
5543 6819
1410 1796
2919 925
2826 676
2949 3464
2839 3247
1389 1805
1720 2140
655 891
6067 7231
3589 2033
959 1230
2827 677
4920 6477
5186 5927
155 70
5452 6215
4205 2834
5180 5922
878 1095
5856 5919
2191 2699
6803 7708
577 815
3131 1255
846 1088
1715 4300
3919 2520
2380 46
512 794
4687 5406
1952 2425
4876 6446
2621 5049
4541 5221
742 3466
1279 3830
5626 6954
6387 7466
6337 6869
3971 2568
2076 2573
1997 4583
4004 2657
272 181
979 1290
4806 5518
4150 4746
1323 1656
5238 4750
4501 5172
6271 6032
3270 1481
3038 3337
6154 7312
5546 6230
5461 5198
779 1044
273 182
840 1087
5125 4578
370 392
4487 5164
5063 4471
4846 4126
6294 6765
5057 4460
2940 3453
6259 6700
3281 5468
2328 4886
5753 5759
2068 2565
3752 2284
625 900
4811 5549
808 3271
6480 7128
4021 2621
5219 5955
3229 3836
4550 3502
1683 2096
5485 6234
6144 7026
6303 7184
5190 4651
5489 5291
2984 3628
4996 6531
6465 7349
6269 7140
6706 7636
2857 693
6115 7270
3185 5310
3096 1320
412 2977
4602 5083
5019 6560
3595 2036
778 981
229 3020
5529 6826
39 208
709 3327
657 792
6310 7198
1583 6460
5649 5605
3517 4150
830 3227
3521 5603
5934 6108
613 3485
4542 3504
2614 3178
2974 964
6378 7261
5518 5332
807 1067
1447 1836
2801 3249
1922 2365
4727 1495
5968 6813
4044 4627
228 85
4130 2755
1016 3778
6408 7001
1210 1547
5686 6977
1418 1831
6726 7693
3321 3987
3463 1907
850 969
3983 2575
1257 1574
605 698
5117 5871
1929 2384
3491 1883
6374 7265
2798 572
2969 5009
4623 5288
5271 6735
961 3528
3565 1998
4507 3460
1651 2055
559 653
6258 6694
3817 2363
5748 6546
6525 7550
6189 7066
6509 7399
3343 3884
4504 6085
2697 3147
2732 3257
2499 3038
2601 475
1083 1394
3740 4381
3405 1736
1280 1607
5468 6797
3629 4290
4680 6244
6030 6854
1470 1901
2852 3345
1614 5630
1775 4351
1301 1642
3546 1991
796 971
3774 4446
6082 7239
2778 3400
594 874
5487 5211
4672 5318
2268 4832
1020 1321
5334 6089
1327 3854
1024 1183
5127 6689
2640 175
182 2961
727 965
592 645
4072 4648
321 260
3750 4399
3488 1922
1291 1636
4974 4340
1551 1963
6652 7689
392 404
3293 3951
794 1032
2975 1066
6346 7233
3417 1837
3079 3660
4780 6928
3607 5651
1549 1969
5147 4596
1780 2206
1958 2437
4285 3029
2577 2999
4416 3232
5332 6092
2887 6045
5392 6749
5457 6222
3201 3843
5251 5996
3434 5527
3366 5536
2938 3494
6229 7113
4711 6295
2666 4892
4632 5296
4747 5476
1085 1393
2317 4868
4825 5579
3176 5392
5463 6186
288 431
4316 3142
3633 2108
2963 3493
1013 1253
3891 4537
863 1114
545 704
4085 4808
1917 4520
6196 6610
6261 6702
2761 3228
5572 6344
4719 3837
2948 3513
1349 3980
3035 5203
1023 5253
3898 2487
561 787
685 768
74 73
2833 699
5526 6273
3921 2537
4907 5655
379 316
2072 2611
4966 5709
2648 460
5906 6039
719 828
3102 1327
5680 5648
17 129
708 3114
3223 1548
6824 7732
1304 1515
421 537
6692 7507
5791 7083
4341 4933
5372 5098
813 1122
6188 6592
6266 7383
4193 4851
4155 6011
3129 5235
1186 3742
4574 5280
3052 3562
2465 188
42 59
1546 1952
6208 7086
6774 7664
3594 2035
2548 3021
6000 6836
4327 4893
1859 4411
3200 3841
4531 6128
3571 2021
1305 1654
1734 2155
2364 39
3151 1414
1776 2202
5414 6166
6771 7702
2242 4834
1799 6537
984 926
4686 3777
5720 7311
450 519
3036 1052
5590 5488
5636 5580
6013 7180
477 3245
4494 5088
3081 6803
2243 4835
5248 5994
5854 5903
5510 6202
3681 5713
6423 7491
5341 4946
4645 5357
4776 6345
130 54
4577 5234
1332 3877
1116 1462
3040 5111
660 6061
3725 5744
4560 6801
2315 2884
4028 4599
2522 3117
5424 6154
5832 6655
6016 7205
1163 3656
2251 4855
4069 4686
4774 3998
862 1091
673 3153
1364 1639
2834 3304
1555 1958
5294 6059
2623 179
3742 4383
3125 3770
4498 5130
3635 2115
5067 4479
3790 4429
4783 3984
298 356
4904 6482
3857 2426
5620 6379
2952 5084
6125 6503
2193 2820
2433 131
722 4992
3487 5619
1880 2347
3837 2393
1579 2003
4751 3929
910 1002
2464 183
113 148
1202 1555
3918 4570
482 627
5102 5843
5575 6893
6348 7431
2033 2674
2342 2911
5541 6820
6440 7059
970 1279
6544 7445
3203 3863
2233 2707
5422 5115
5109 5854
5493 6256
2941 6807
3169 1424
4389 5012
760 909
3044 5106
5700 6505
5722 7310
2892 894
4043 2654
1510 1923
845 612
431 573
3097 3737
1002 1357
6006 7418
609 3459
5701 6506
5352 5057
3839 4496
3524 1928
4149 2760
6537 7640
4642 3713
6249 6705
4491 3428
1401 3969
4742 5441
4007 2598
5837 5889
3818 4505
2481 2985
3515 4104
327 488
1491 1887
962 1298
2719 3243
1385 1785
3769 4403
5323 4921
1901 5819
4317 3143
1654 4219
6680 7604
2129 4716
6606 7621
3636 4298
2177 2720
2903 816
4733 6300
3092 5243
3303 1617
1170 3662
6185 6583
700 3189
4708 3844
1040 975
2583 489
138 172
385 2966
3795 4434
4377 4988
4861 6447
3416 1826
2061 2562
145 206
4656 5380
4908 5656
5547 5370
4353 4943
1244 3927
5651 6964
5394 5089
3500 1947
4694 1360
3680 4343
3083 3706
5665 6471
731 935
5280 4903
4354 4944
4986 4347
4096 2693
5812 6617
5029 6567
2524 3018
976 3569
1849 2288
2217 4822
305 3083
5178 2650
3021 5105
1058 1404
1404 4017
5032 5781
2915 910
3294 5460
3444 4088
306 3084
6401 6989
2105 4731
3330 1705
4710 3840
2873 3403
3627 4273
3197 3767
2556 3028
6124 6995
4374 6086
6441 7618
2172 2678
3026 5085
4157 6013
1924 2413
3763 5772
5531 6784
3732 2260
1292 3820
3371 4001
6308 7177
3400 1804
3608 4261
2674 3173
3188 6276
6117 6992
1123 1417
6207 7348
2017 2521
5551 6315
5523 5346
6309 7178
5673 6463
3259 3857
4500 5173
4415 3233
529 664
4865 5615
2923 848
5836 5891
2508 3073
6756 7735
3712 6535
4845 4127
1866 2294
1716 2123
3870 4524
1372 1773
5550 6843
5354 5066
195 187
955 5208
4873 7271
1043 1309
5337 6056
3332 6349
3286 1598
3285 3882
2876 3391
5639 6917
124 9
884 1186
2314 2887
6275 6733
1805 2245
3357 1717
5552 5394
4983 5719
4781 4007
1044 1310
6254 6698
2537 3082
783 830
6151 7029
565 585
3314 1472
2573 212
6081 7260
180 409
5155 5890
5039 4415
3996 2602
6112 6975
3005 5056
1237 1531
1688 2099
3315 1473
1624 2040
2551 3164
1322 5432
3950 2539
3997 2603
1527 1926
439 3172
1414 5514
4568 5090
6380 6968
992 1208
508 485
3246 3911
2212 2716
2650 574
5370 5096
4858 5594
5576 6894
4964 5708
3784 5788
739 899
2703 3070
4010 2588
803 5027
2829 700
5789 7082
2985 5075
5691 6493
3226 5430
4955 5702
1521 1806
4896 4215
1102 5319
428 344
3251 3896
6055 6907
4676 5398
2718 3152
1572 2000
6300 7167
36 137
3481 4100
1631 4186
4129 2756
408 350
3420 1841
4293 4945
6338 7428
2022 2530
2832 410
856 5131
2802 3276
2738 3253
4596 3648
349 515
1784 2211
3855 4511
6609 7337
2612 5013
4419 6751
137 3001
3413 5532
6667 7590
3027 5192
2632 3139
6181 6573
6265 7147
838 1015
842 5117
2615 3064
938 1283
3028 5193
1398 3977
1898 2354
5435 5186
649 849
5182 4641
3670 4328
4076 2688
5371 6139
4088 2782
6683 7608
6833 7762
1441 1840
3401 1733
4325 5017
1834 4402
3340 3931
1484 1884
5053 4458
6723 7641
3006 5257
2569 3026
3008 5030
338 447
5369 6122
2789 3399
4901 6481
5840 6669
277 3093
2710 3239
1226 3717
1320 5425
6138 7021
1903 4480
2186 2656
2579 3039
188 86
653 733
551 621
1625 4229
4916 5661
860 5093
1878 4459
3549 4204
4706 3833
1506 1853
3686 2178
6175 7502
2337 4880
5678 5649
4051 5973
6533 7563
4429 4909
365 3148
5771 5812
4000 2583
679 893
4609 6165
4646 6824
6697 7513
3812 4492
1912 2404
2527 3078
1604 4147
6114 7272
492 413
363 438
1936 2403
4852 1809
981 3545
6089 6434
5594 5490
1223 1503
3616 2090
4816 6415
6233 7109
774 977
4670 6248
5742 7045
1973 2452
3642 7011
2859 703
4940 5689
562 850
5331 6093
5456 6223
701 873
1499 1915
2552 3086
3619 2093
3116 1241
1363 1704
2655 3267
504 436
196 420
729 943
3477 4145
5265 4824
6267 7149
6098 6922
4540 5220
4556 3566
3363 5461
5245 5991
4813 5566
1041 1333
2796 709
217 346
6217 6646
5824 7102
6359 6892
6425 7496
2722 3219
665 841
4194 2859
4782 4008
3323 5433
4718 5446
5455 6180
4844 6406
4144 2768
3012 3592
659 864
6731 7589
960 1305
2058 2556
2264 4854
1946 4551
776 3534
5872 5959
6165 7046
4905 4220
6179 7058
2222 2795
2647 461
329 290
1277 5403
4869 6452
125 2957
2671 3190
2895 3452
3885 2479
2374 118
489 657
4840 4101
1220 5381
5568 7210
3054 3590
4888 5643
3359 1760
5757 5771
4775 6354
5396 6100
1136 1261
4731 6287
3331 5422
38 207
5411 5160
2034 4644
2416 151
4653 5306
3815 2379
5066 5809
243 63
3369 3978
5895 4864
5126 4574
5768 6591
3782 5794
5647 5562
5517 5331
5654 6441
5992 6830
2742 5039
5216 5984
841 1086
825 1062
3849 5828
1409 1755
3625 2100
1053 5251
5491 7166
8 12
622 748
6610 7510
3579 4223
5961 6791
1869 2298
3490 1882
753 840
3160 5420
3518 1930
5616 6393
3113 1349
3449 4107
5714 7299
3225 1539
3178 1376
1639 2049
4697 5400
4092 4683
5588 6332
5682 5646
4930 6500
3090 1306
140 113
1475 5563
5367 5004
4815 4043
4565 5201
1324 1666
2114 4787
4903 6483
1445 1769
1247 1572
763 979
2869 3365
635 3111
996 1316
1256 1556
1093 5304
1545 1946
1118 1409
280 153
3967 5881
6672 7707
4958 5704
5926 6068
4558 3521
5077 6614
4800 5543
2334 4883
848 1108
5129 4622
1252 3942
6478 7111
499 3179
4592 5273
631 695
6809 7748
3936 4567
1831 2278
5458 7160
1056 5274
3657 2143
2143 2773
944 1144
4502 6174
6402 6988
5740 7041
2684 3120
4403 3244
2739 3343
193 130
454 635
5817 7363
2494 3077
3063 3724
1014 3800
5030 5785
6076 6926
4939 7003
1827 4384
2955 3540
933 3395
4801 3992
3754 2271
4834 5582
176 2936
6578 7290
2206 2823
5231 4744
4736 3906
6528 7413
6270 5983
2928 980
5253 4815
6368 7262
4336 3185
5089 5840
6541 7234
157 111
6003 7176
5362 5018
4204 5998
6605 7622
4089 4675
5811 6634
4151 4747
4066 4658
6289 7165
3091 5244
1299 3796
3373 6360
514 728
2749 3194
6198 7345
5001 6534
3455 1828
2155 4772
4528 5157
5611 6372
1377 4038
5972 7161
4103 2696
3029 5104
6615 7353
2560 3108
4989 6528
3237 1558
3860 2428
4871 6455
1978 2464
2389 3009
1281 5411
1311 5418
506 600
5475 5223
3770 2332
4649 5378
4926 4260
5220 5956
5910 6753
4985 4348
1714 2128
5406 6152
4018 2592
2071 2610
5514 6265
5481 5260
402 487
5398 5067
2605 3132
285 395
6687 7623
3948 2544
5534 5363
3057 3635
1403 1609
3103 5213
1843 2286
3181 1450
4162 6018
2931 3538
2412 222
3467 1903
917 995
5795 6609
4588 5241
3910 2481
6284 7155
4052 2636
3202 3842
6704 7525
3533 6443
3498 4066
4854 5576
6409 7292
4201 6734
6657 7575
258 140
1088 3616
472 2940
1738 2162
5453 6769
167 36
4651 6210
6212 7095
755 3242
2633 3199
5480 6220
6149 7305
1028 1410
1420 1810
5570 5442
5803 5853
3590 5633
1457 1902
3032 3456
5955 6054
1271 1420
6400 7476
1308 1640
3217 3791
5246 4812
4743 3917
1390 1792
3894 4542
1913 2368
4604 5299
3234 3920
5058 6587
668 3145
6326 7214
6671 7487
3669 5707
1963 4517
5527 6272
6654 7643
4707 5415
1697 2111
6554 7446
6631 7530
3290 3817
5851 6677
3687 5725
1239 1351
4239 4897
1452 1854
4638 6185
5310 6078
3428 1758
866 1104
4146 6023
6435 7040
3567 4216
3311 1627
2036 2535
1941 2401
5671 6476
1169 1519
4874 4191
941 838
2111 4786
4911 4230
1344 5464
1150 3677
853 1112
4598 3612
3874 2448
6210 6631
2706 3136
5062 4482
4914 4236
3980 2563
1145 1432
449 384
5966 6209
5891 7152
4368 5025
923 1225
1877 2350
6607 7616
2677 528
3570 2022
3098 1336
1196 3755
2089 2577
5252 4814
1235 1569
1096 3623
4369 5026
4655 6290
2611 5014
1134 6281
3736 5757
1824 2272
3540 5621
6452 7517
496 3208
3247 1588
3153 1372
3368 4032
3737 5758
2618 3068
671 3057
1774 2203
6023 6862
4270 3019
1815 4378
728 4964
1536 1878
1888 2343
6223 7112
2260 2787
5388 6074
1157 1453
284 294
3186 5440
3711 4354
1504 1924
6398 7474
268 496
5539 5358
4688 5414
3631 4292
3283 5467
80 27
4993 5728
3823 4462
3346 5471
6494 7384
3391 4036
4635 3719
6501 7389
4634 5336
2305 2865
3645 4302
1127 1294
5672 6470
5136 5894
48 57
6184 6582
129 31
2116 2599
3100 3725
5850 6678
861 1121
4248 3061
3045 6151
3257 1557
1316 5427
1916 2381
1346 1749
2184 4735
3087 5270
1552 1936
836 1092
1731 2150
3471 5586
663 4959
5816 6624
63 2945
2291 2895
3939 4561
3316 5410
1887 4440
4665 3781
1009 1171
3861 4507
2661 511
3844 4491
2689 419
6557 7451
2272 2763
5177 4619
3298 3886
2224 5990
1227 1508
4831 6934
2786 3279
2503 3087
1297 5416
1632 4185
1762 2183
259 141
3814 4469
3700 2198
6126 6999
3788 2331
2654 3268
4074 5974
3161 1403
5512 7182
4017 2668
