1365 4169
5624 3032
3159 593
2510 114
2873 337
6010 4597
2782 289
5372 314
5570 1777
6687 4772
5756 894
4964 2082
6651 4717
3074 4410
4383 301
1403 2935
1334 679
5279 1314
2997 418
4412 1393
6289 3486
2105 3304
4662 1714
1765 2116
3051 3557
3434 3690
6175 4811
1797 891
4767 677
4760 662
1832 949
1532 3009
4387 236
1852 3201
1466 3724
4604 473
5926 1302
6143 3122
3022 2738
3296 602
3185 4099
4831 4470
5298 3479
2374 162
970 555
3331 4144
1096 3549
6433 4804
2786 277
6187 4532
5683 2012
6149 4659
2732 270
4724 608
4579 1560
477 245
3216 4429
1918 2225
3691 3860
3669 3140
3293 670
6046 1806
3012 469
1141 3512
4663 3514
1793 879
4254 124
1340 2867
4871 3784
1415 3684
1932 976
4982 3849
4403 279
3688 3147
5332 1346
3148 4070
3116 532
6682 4670
4658 1700
2738 265
6122 3811
4925 4656
852 3414
4670 3518
3458 762
3736 4307
2201 3290
1539 4215
3529 3749
5927 2685
233 186
2995 4037
5519 1689
1194 4106
2629 198
3518 777
2480 84
6556 4191
2798 271
5768 3889
3128 547
4605 1683
4762 1856
3087 1533
5720 4664
3011 468
4146 4001
556 298
3432 3732
4884 4486
5550 4126
3017 3435
316 125
6117 3092
2876 332
535 29
1339 2866
1740 871
1893 3898
880 486
2938 403
4339 1383
6000 3599
5581 4610
6541 3689
3668 4517
3733 4527
3573 1983
4378 2629
1026 2665
1654 3105
961 2695
1267 652
3346 3678
3801 3192
742 366
1731 2120
4540 406
6348 4139
599 327
2323 2476
1904 2211
2827 324
3238 637
4788 4628
4637 4042
4748 634
5516 2865
1509 747
975 2659
1863 910
863 500
4893 795
4850 770
1747 4290
3825 917
1135 3569
5498 1654
2649 165
856 2492
4733 4123
3498 3016
3608 828
4815 1911
6595 4768
1414 3683
6411 3825
6178 3871
6346 3686
6457 4542
6678 4667
5427 377
1093 2722
2802 263
4496 1551
945 2794
6561 4642
2334 1147
995 2620
5494 3583
1102 2750
4865 3062
3505 3044
5369 2676
5420 375
4571 442
2815 291
1189 524
2655 1482
1829 964
4803 3708
4668 1704
6163 3148
211 173
3818 3213
1023 4073
3292 1788
5414 2745
392 213
5274 1328
6649 4452
5929 2618
4239 1229
5690 812
2742 1378
1120 3545
1088 2731
3177 3563
776 407
4023 2355
6492 4584
5684 3809
1164 4114
917 355
4091 1025
839 3424
895 1301
2752 227
4933 833
3165 1750
5004 2104
3774 3204
4513 1578
2852 300
1195 1658
5418 2712
4451 1454
5029 4535
252 166
4913 3805
3784 2158
3160 594
6435 3843
3021 2515
1725 4282
6564 4733
3367 714
2574 110
6626 4694
3356 1895
4271 225
3751 906
4983 3145
4651 3447
4325 251
5527 2851
4677 4417
2401 93
5714 4758
4672 2821
1854 950
4920 4498
792 2493
1912 3890
4367 1341
5688 805
3100 540
4922 4499
1650 2022
6507 4424
4334 208
6182 4528
5670 1989
5554 2889
5551 1723
319 184
2820 286
2707 1376
3729 916
5980 4058
952 3446
6474 4350
4821 4194
6530 4431
1216 3588
5557 4136
2766 297
3861 939
3643 847
3408 732
1536 749
5892 3982
6310 3573
3562 798
3412 729
2778 371
2532 205
1076 2742
4166 3384
4370 1435
3563 799
6614 4677
3577 2013
4372 2642
3277 1781
2533 206
2774 360
6568 4224
4686 567
5508 1609
3108 4080
219 234
5356 1377
4678 1722
1277 3609
1400 3680
5528 1678
4978 2085
774 428
5993 3602
5676 1996
1730 868
6172 3863
4777 644
6043 4617
3712 4298
3802 3193
1316 3621
5523 1685
6167 4292
5485 2802
5672 3078
5459 348
6717 4623
3289 2816
5318 1425
984 1384
4542 434
4714 1780
6746 4785
5607 1855
1625 813
2123 1053
6337 2905
3369 674
157 94
2451 112
6676 4766
2522 212
1056 4082
65 159
1882 960
1147 2740
4597 511
981 250
4598 480
4475 2703
3514 787
236 179
886 3466
6062 2982
983 3476
5359 1433
5488 2801
3468 1912
4201 3405
2931 440
910 369
939 1408
6728 4840
2653 201
4484 1546
4346 2653
6597 4803
5317 1424
1631 3807
5917 2654
4614 467
4273 111
4835 1948
5606 1854
4638 4405
5649 755
2745 259
2174 1100
5686 4489
5175 3960
6316 3618
3175 3538
4369 1426
4946 4511
2246 2381
3132 3485
5493 1652
3521 3046
1661 3109
4894 796
2619 1428
6560 4643
3696 3862
4321 1389
6017 3626
6576 4652
941 1349
3112 2717
5634 1922
3321 699
5368 2677
5630 2993
3627 2050
6675 4765
6430 4802
4210 1115
5475 1588
4312 1241
361 143
3285 1793
1879 3216
3363 3645
5536 2848
5994 2813
3666 861
4869 3778
2714 264
1699 3131
5966 2786
5438 1496
5280 1237
3477 768
6001 3592
6326 3630
5492 1651
5247 3364
4400 1310
4898 801
5048 902
4756 3578
5600 4613
1919 2224
4566 2809
1086 2648
5934 1413
3681 3859
2524 1248
898 517
2770 284
4987 862
1633 3095
2095 1012
3761 4533
4208 2414
6093 3018
3695 3861
3675 856
5548 2906
6333 3649
2698 192
879 2598
1848 929
5739 4523
4588 1571
5668 4647
4888 2000
4642 537
1238 2818
6585 4259
3590 3795
4924 825
4841 3717
6517 4430
5050 2176
1695 3123
2986 3427
4889 2001
4842 4475
2589 175
2183 2338
5041 2154
2493 1287
988 2820
4437 1450
3785 2159
4426 1402
4761 1840
1764 2124
4558 431
4487 1515
2767 1485
2965 2508
5767 3891
613 430
4599 505
1542 1937
1540 3750
5310 1331
3678 2098
5961 2736
4643 1713
1163 3523
4904 3085
3366 1873
3343 1748
6508 4422
6405 4751
3179 3556
793 1176
4652 546
3062 4049
2215 1026
3215 551
327 274
6529 4432
4416 268
842 2505
3481 3051
4690 579
2991 1600
5362 1391
3564 797
5671 1990
3103 3457
1547 3744
5678 2010
1643 4249
3059 2680
1924 973
6726 4859
6264 4377
3812 3202
1492 703
3538 3765
4634 495
794 466
4919 815
5592 1820
6380 3039
4514 1579
1537 750
3775 3205
4656 1715
2268 1067
6339 2898
2291 1128
5331 1347
4260 1352
1835 2170
2292 1126
6128 3822
5577 4428
1593 3072
4523 1631
5715 2061
6721 4629
1133 3537
2724 197
968 319
2824 1527
2909 464
1333 1746
808 3419
1244 640
4317 1398
2699 273
4500 1522
2906 393
3385 1886
6453 4543
6656 4794
5968 2778
277 1318
538 1523
1336 583
4603 474
5759 3874
2534 109
3522 3060
6391 3073
4830 4469
396 211
6306 4098
3630 4507
1641 3099
1109 2658
5665 3077
4776 4162
6108 4200
3588 1998
2542 95
4368 1427
755 2529
2813 278
3189 4108
5431 1539
3229 580
4721 1801
1100 2735
5349 1381
3259 1768
2486 1278
6554 4468
3540 3067
5425 2727
5294 2592
5456 2798
5402 3496
6396 4232
6482 3951
5692 2024
5338 1414
4283 1296
2606 185
982 3477
4160 3351
4926 827
6003 4596
1753 866
4491 378
5801 3913
4041 2356
3680 857
5762 2143
4654 503
4375 1421
5047 3877
5556 2912
3169 595
1278 3610
6171 4293
2697 149
3596 4244
417 194
1398 2969
6160 3848
1220 3598
3082 525
3256 3582
4712 600
1822 3189
4606 4043
3188 4107
560 338
5377 2704
1733 2087
4516 1509
4506 340
4592 1639
1113 3520
2733 224
3787 948
5572 2945
6166 4771
5405 3490
1838 930
4316 1397
4282 1295
5474 2817
4646 4419
4311 1423
4984 3139
1837 2194
6680 4669
6186 4531
3844 931
2344 154
3105 1559
4580 4032
6023 2897
6736 4806
4685 4420
3628 2051
6533 4445
1732 2089
5447 411
2748 2523
5696 3107
3255 642
1616 1994
121 102
1170 1449
4510 1480
3699 2093
3373 4168
6650 4716
4237 153
2281 3400
3782 3893
1931 975
6475 4349
3210 626
1387 723
2296 1123
5370 315
3226 2916
4836 1949
2222 1030
3786 947
3489 4202
3327 3622
4261 1316
3029 3415
893 493
6067 4726
5540 4781
2154 3315
4212 2415
2939 1550
1134 3570
1615 3080
2843 336
3147 554
5393 2730
1663 3818
5406 3539
6401 3808
989 2662
1569 1917
4587 1572
6071 3000
2566 196
5408 1380
4959 4516
2963 384
5422 1467
6671 4655
3592 3798
6047 4718
4723 607
1344 3647
147 226
2773 361
3302 3656
2564 106
3541 3761
4155 3360
5526 2852
2580 266
2251 2409
1857 2181
720 398
3040 3410
871 3423
4649 1716
1583 4493
1117 4086
193 103
5619 4463
113 138
6123 3813
6384 4732
2157 2316
985 3501
5915 2497
906 3412
1878 3218
4216 2474
2189 2336
6452 4682
4912 2023
5500 1602
2264 1089
5042 3184
4704 2938
1817 3195
3776 2191
4740 4443
5623 4631
4988 863
2033 2306
2449 92
2070 2280
4427 1464
4286 1293
2216 1027
2994 4036
1454 2970
5028 4536
4905 804
5367 1362
2674 204
3024 471
736 10
3325 4156
3744 914
4705 1771
2747 1462
6096 3038
4956 2068
6565 4842
6408 3815
5234 3373
2914 404
6033 2929
3491 756
3720 2152
891 1343
4825 1923
6324 2854
4974 858
1150 2763
2976 3417
2735 2530
5055 3208
6314 4081
4833 738
5975 2785
3764 3882
6125 3106
4361 1368
4380 308
6074 702
875 1217
5752 4524
3164 1751
5698 4653
6026 1719
2721 246
4608 2850
6048 1805
5587 4611
1833 941
5515 2864
3375 1903
5722 4663
6681 4515
1302 4150
1214 3677
1756 3163
5604 1839
4270 117
4741 3646
4541 405
4660 4077
5666 1969
4650 565
3078 1548
4464 1432
6419 4830
5639 4731
2547 172
5398 1457
1342 2880
3097 550
3750 915
4422 1445
2503 187
5421 1552
3804 2197
5399 1458
2857 320
930 2593
5547 535
5032 3167
4875 4221
5593 638
1880 942
4476 328
1614 3794
4135 1082
6079 2999
1078 2681
4338 1382
974 2710
2508 158
381 283
6577 4651
5068 935
3038 81
5278 2500
1292 2846
5662 779
2756 276
5057 923
1736 860
1081 4076
5656 1953
3194 3559
5713 4757
2131 4029
5716 2060
1901 3912
1789 920
2240 1110
2729 1358
772 386
4435 357
1524 3739
2948 412
4596 512
1568 3042
6506 4423
6683 4668
5457 2799
3779 3892
1866 890
3110 3513
1766 2112
3118 2590
2396 104
3515 1925
4691 3492
2389 133
5997 3606
3737 4305
6051 1821
4910 809
4958 2069
