3772 4455
4026 4624
232 108
5753 4939
6043 4273
3482 5114
6261 5419
241 155
3476 2825
2275 4800
3217 540
7383 6564
6118 4442
5504 4702
3437 2763
1207 5121
4519 3713
7 35
457 2079
3905 4554
3686 1138
851 3910
2980 2223
1175 937
6844 5531
3141 444
3356 5005
695 546
7220 5895
6200 6163
5148 5137
2597 3790
1815 3191
356 183
3890 3174
3754 4396
7173 6331
2105 1538
5558 3476
771 4962
1763 3168
1988 3329
1574 1060
3544 4241
6721 5878
2438 1844
4245 5504
5722 1838
3363 4024
5021 5650
6021 5677
5110 5708
6568 5735
6423 6267
5437 4647
3345 511
2056 1567
4858 2344
4303 1697
2924 260
3616 5226
5928 5075
5466 4669
3805 3094
716 553
3722 1136
751 369
7052 6386
4550 3770
5319 1286
5957 4042
5481 5437
6564 6040
6260 4622
250 297
517 332
7039 6483
4377 5580
4440 1774
4454 1779
5298 5292
7264 5999
6311 3397
5390 3242
3628 5757
3325 3942
3867 5333
3661 1101
4662 25
4451 1784
996 549
4169 3450
3870 3104
1153 2666
1735 3116
3531 942
4374 1750
3197 485
2152 1626
4108 1529
6452 5625
6552 5119
6629 6309
3850 5324
2811 2109
7136 6419
3303 4973
6696 5387
2097 1537
3171 547
5332 4537
4159 3422
4113 1517
908 3990
2185 3522
6892 5678
272 178
4047 1472
2627 1975
6040 5135
1544 4390
4143 4721
2389 1851
2951 2318
3397 4169
7153 5782
1989 3361
5358 3175
5971 2612
1211 929
3749 5302
5647 1783
5532 1608
310 173
2421 1825
7142 6103
6293 5910
5667 3605
3055 445
2109 3490
4825 3950
6562 6275
4755 2245
5034 4185
5314 4502
3859 1329
2601 3816
4732 2093
6563 6276
4163 3417
4802 2275
2015 3363
1883 1415
4819 2322
5079 2778
6090 4383
4911 4140
5080 2729
5541 3430
1143 4151
3033 310
1606 1248
59 89
4367 4848
7117 6070
5497 5928
3774 1235
6683 5351
5540 6224
6510 5055
3653 2932
5496 1545
5318 3103
4649 3893
3156 462
1957 4639
5447 3311
1596 1220
2625 1972
5652 5579
4878 2441
5815 3914
5943 2562
6330 5930
4757 3905
5907 4062
3355 2315
2374 3646
3234 2393
7371 6440
3896 1353
3352 5097
3659 2921
6556 5108
5317 5807
1020 509
4215 3448
417 304
3269 3906
1412 5206
7427 6592
258 2189
1295 2874
2944 2286
2855 2144
4705 2194
4971 4174
4837 2351
4984 4154
5297 5792
6095 5240
1123 2523
5372 5371
1806 3176
3698 1146
896 2359
4569 3792
4887 2418
3690 4344
7364 6430
280 264
2900 104
2499 1887
4275 3459
1692 1294
5018 674
1006 4108
4527 3700
6627 4418
4217 5496
2153 1575
4871 4105
6122 6317
7417 6606
4943 593
77 78
7053 5933
1533 1155
3481 890
4545 1815
3370 2627
299 149
4109 3359
4716 241
6653 6153
6978 6342
6973 6442
6680 5348
6015 4249
3523 4226
1348 4265
6165 5791
6010 5707
381 95
7126 6072
6765 6372
6885 5669
4255 5512
6605 6100
6038 4282
6942 6311
6359 4739
5903 5034
1499 2901
6105 6123
3485 4175
5394 1407
540 452
6766 5918
6691 6448
2259 3624
853 639
6767 5919
1772 4513
2355 4859
5507 5470
6085 4371
5892 5053
3771 1240
7337 6236
4094 3358
3148 2435
1809 3173
3555 2875
224 313
2485 4904
2125 3447
4459 3741
7043 6485
3999 1425
3577 1014
3556 2876
6025 6061
1244 759
4232 3527
7370 6432
2429 1772
3950 1391
2141 3519
5231 1114
1713 1307
5383 5851
4213 1600
985 796
2473 4853
903 2150
2503 1914
1963 3346
4041 1463
2407 1766
2659 2026
2899 2217
4261 1649
1379 4287
5201 2918
4574 1852
3011 382
306 181
6446 3661
3133 2459
794 679
5761 4948
6614 5249
5917 5044
2926 92
7280 6306
3015 335
3312 695
5222 6111
6164 3080
4165 5463
3125 2317
2418 3636
832 4972
97 39
944 710
718 682
2476 3707
5610 3552
6708 5408
5223 2966
1761 1317
6242 5404
6030 4117
118 61
2543 1969
6274 5428
4964 2509
5210 2956
3290 621
1372 4274
247 2149
6131 6124
5064 4237
2371 5583
6575 5743
3175 562
5934 5078
4139 3343
4725 2140
209 257
4580 4933
5001 2650
3035 2251
6336 5454
588 453
3535 5730
2100 1656
3855 3113
3549 5149
1297 2715
5235 2984
3550 967
602 468
2546 1884
6204 6167
2658 2027
2036 1535
7379 6459
291 168
3726 5256
4185 5471
5071 5671
4044 5422
6500 5019
6690 5843
795 153
2611 3809
6218 5372
1845 4578
3166 2546
1492 1122
5563 5975
7400 6496
5338 5817
6192 3151
4827 4960
3486 940
4733 3911
937 642
3028 2294
2842 43
7338 6237
816 3968
3936 1377
5243 5771
1480 2888
5924 4102
1136 4116
4253 1652
3219 2494
2843 44
5910 5025
225 314
862 651
219 246
2829 2143
3330 2595
5416 3281
7008 5872
3759 1219
798 583
3138 251
4002 1428
2073 3335
1736 1297
4582 1833
3126 2425
5045 5139
4775 4030
1054 818
1705 1281
6931 5759
4579 4935
1383 970
3709 1137
430 2104
3309 730
4100 4685
1131 834
6796 6395
2031 5446
3339 4114
2050 1552
4233 1623
365 446
79 3863
5326 5318
1294 4247
3242 555
5005 2608
253 292
5946 2565
2186 5503
6644 6319
5729 4926
7310 6468
3893 1341
7143 5752
6007 5727
3858 1318
2148 4736
1023 791
2143 1597
1979 3305
421 319
6216 4570
6103 5770
3250 2297
6308 6373
3112 2354
2382 3653
5617 1744
7215 6471
1216 2727
4833 5018
1240 2600
4898 2495
2536 3742
929 371
1611 3019
5665 6020
3831 3066
884 3885
3004 263
6264 4629
4167 3413
5837 3966
6839 5524
4369 1741
5257 5255
5044 5637
4074 5436
2156 3479
6771 5907
3190 504
2241 1674
6545 5133
2206 3502
524 337
1305 897
930 2182
2609 4901
3387 764
372 209
4767 2262
2700 2047
3902 6169
2948 242
900 3997
1107 2522
4156 1544
3473 5116
5976 5150
2297 3623
3094 415
3504 908
3949 5375
5236 1124
4927 488
2234 4783
6561 6045
7172 6330
343 217
5490 5927
3670 1117
4067 1488
5906 4063
4937 2530
5476 4670
6753 5905
1357 4369
6706 6357
846 571
4254 3428
6258 4618
3283 683
1122 4178
4692 2197
7278 6497
2276 4799
2805 110
847 572
6073 4319
5408 5866
2870 2155
2977 336
5465 4668
3419 2741
755 680
7221 6203
7463 6618
6382 3543
2867 159
2340 4827
5824 2111
5457 4648
6111 5283
5396 3244
7242 6222
4045 1465
6020 4222
2720 27
4674 2162
2996 2270
3515 5156
1184 4194
2394 5590
6315 3403
7185 6513
2803 42
1721 1298
6783 5948
3328 2258
217 185
7445 6580
5309 5819
273 221
3174 3920
5165 5728
6156 6158
5155 2841
4078 4651
6112 2975
4934 2556
4283 5537
6051 2814
926 2379
3478 5130
2010 3375
6903 6067
3794 1254
6506 5007
6412 5522
5796 4964
5711 3645
395 225
5891 5054
5634 6255
7421 6536
983 2648
7209 6365
1105 4118
6785 5961
907 4993
5293 1230
6166 5808
2524 3733
1691 1288
7298 6553
7075 6407
5986 6042
5531 1607
6569 5160
5845 4000
5381 3231
453 432
2019 3391
6231 4586
2278 4802
1127 4136
5002 2649
3620 4314
3595 4271
4000 1427
7248 6400
6897 6049
6064 6097
3320 4981
4856 2329
5639 4769
5850 4009
1487 4356
6535 5660
223 190
4573 1853
5312 4486
1174 4189
4818 2321
5239 2989
3310 2568
5241 1150
1526 1079
3590 4364
2135 1643
1347 1044
1881 5394
1010 781
3279 713
5760 4950
3409 4170
4172 4718
4893 5061
4610 3831
2607 3805
399 410
5819 4963
6237 5391
2515 1866
3873 1328
889 3972
5392 4594
7212 6363
4199 1581
3528 2833
5555 5971
5089 5693
4688 3877
4229 3487
1304 1003
543 506
4055 4637
956 4033
6024 6055
4753 3886
6937 6106
4111 3368
3427 4123
4206 1685
5743 4946
5175 5179
6799 5487
923 2247
3969 1400
1471 4328
5808 3915
7287 6509
5238 2982
4970 4173
5254 4434
3963 1398
2979 2166
6481 4989
4963 5029
4568 3791
1074 4244
6066 4340
4039 1458
1420 4318
1138 4125
2814 191
5010 4192
5378 1387
3199 533
867 708
657 348
4859 2350
875 3908
688 2374
7102 6056
6987 6350
1640 4464
5530 5945
7031 5893
6595 5163
1671 1287
5811 5002
5669 3592
3602 2935
4948 4160
3871 3161
4174 3456
1680 1295
1987 3331
3417 4040
1473 2944
1973 3315
5458 3317
6014 4248
5087 2787
7164 6327
5046 4186
7304 6465
7376 6583
6764 6371
6448 3647
5566 1686
6191 3152
6963 6335
7422 6538
1792 3148
1325 1012
4080 1498
4793 226
2285 1701
5350 4538
7308 6469
7038 5912
5215 2902
5685 3617
3163 505
4277 1677
6135 4476
2668 2023
3067 2307
4352 4825
4617 3829
6149 6140
7029 6477
3446 5684
2699 3846
2562 1940
3429 5074
1768 4514
3761 5268
4518 3712
7174 6433
4120 3401
1569 4436
1214 954
4941 2550
4432 5602
5036 2634
5056 5040
3118 403
5854 5036
2610 4900
2586 3702
2813 194
3656 2929
6676 5825
5713 1831
6167 4506
6052 4311
12 10
5487 5920
5431 1476
4836 2361
5502 5457
5053 739
4922 4089
3113 426
2006 1539
3416 860
2502 3750
6116 5778
3687 5225
1146 5102
2671 2020
747 644
4486 1794
4661 2063
3280 632
3459 881
4559 3776
6494 5016
4181 5482
6222 4574
5370 3217
1064 4060
3335 700
3800 1260
2363 1742
5113 5688
717 681
6598 6102
7243 6390
3173 461
5402 1418
1621 3027
5405 1421
1450 4337
4615 3827
3744 1205
5123 4243
3014 247
1978 1485
906 4994
5194 4387
5076 2748
497 538
1699 4495
990 627
2309 3667
5117 5701
4360 1737
2111 3440
4491 1808
5935 4090
6001 6037
1156 2567
5958 4139
1959 1473
5588 3529
3732 2996
4882 4072
6474 3878
4512 3718
6858 4810
5062 5661
4807 3971
2327 4823
4886 2303
4152 5923
6197 3150
4513 3719
135 19
7163 6321
3395 2757
5211 2912
5092 4293
6072 5229
3296 3927
3331 729
5138 5131
4110 5449
3229 2517
3699 1115
6044 5194
3930 5364
2852 142
4123 5461
3487 2810
869 3941
5016 5634
6913 6279
6778 5462
7314 6475
6473 4958
7309 6366
6034 5729
5430 6200
2338 5574
4314 5549
3218 541
4223 5492
5963 5023
6184 5336
3492 2837
878 2229
1639 1261
5992 4221
6859 3648
5122 2823
918 2335
1419 993
709 3924
3341 664
1007 795
6986 6349
4771 2269
5160 5146
662 580
5714 5620
3627 5758
4450 1785
3666 1088
1820 1376
3213 503
3957 3230
5923 4074
4736 2157
3101 400
2565 1800
1128 4143
2164 3544
3327 4965
2729 6
4720 96
6671 5801
6098 2941
5728 4925
6908 5715
2595 3720
5310 4511
2224 4780
3778 3070
1336 4257
3401 2774
1608 1218
6810 4760
4683 3869
5542 3467
2102 1621
1087 649
6091 5211
6695 6352
6655 5312
829 3931
5648 3581
468 482
4012 3258
3468 4159
6660 3041
3539 989
3350 2632
3951 1386
3495 5127
5100 2783
3428 5059
2176 3494
3773 1207
5573 5566
872 704
3307 592
4226 3492
2520 3682
1028 4122
6215 4556
6039 4302
2613 1992
4124 5914
1502 1144
281 285
997 2575
2678 2018
6367 5520
1041 2560
5719 3638
1017 4093
6744 6208
7196 6451
5730 4924
6670 5338
426 365
3843 5315
1321 5186
2055 3379
3568 4254
2911 2132
1592 2970
2171 3548
3958 5383
121 5
2890 2089
5096 2789
4053 3320
637 491
3368 5046
4141 1533
3467 5117
6501 5020
5921 5079
3036 2235
5104 5095
7230 6527
4196 1576
3894 1347
3109 2355
6238 3246
6141 6323
1291 2720
3021 229
3643 5203
5277 4469
2348 3714
234 2135
4954 4107
5406 5864
1003 4005
4962 5132
61 186
6920 5692
251 296
1525 2965
1259 994
5407 3254
2197 4767
3450 2777
3262 2570
6991 6455
2101 3434
4274 5518
4197 1615
3444 5689
6068 2856
5012 4977
1545 4463
3935 3180
931 2204
3383 786
644 3889
6547 5111
6011 4219
1104 4101
6032 4297
998 793
1121 4138
3434 2614
3762 4439
5491 5926
6852 5559
5448 3312
4938 2529
1597 1221
2521 3774
6754 5904
1807 1368
6092 5230
2902 2098
5157 950
5886 4046
269 2246
256 134
3629 1090
2051 1534
2971 309
4190 1622
4212 3463
6150 5813
3645 5245
6882 5645
2236 4788
692 2146
1657 1208
5511 4698
3567 5183
537 409
6411 5521
6637 5299
7026 6473
2781 126
1019 4087
943 4998
3162 456
5196 6092
3385 5045
5135 2826
4010 5409
5263 5278
5355 5352
7034 6370
1362 896
2076 3433
2782 127
3177 582
414 70
5525 3404
6019 5724
6641 4441
1503 1145
4708 2176
3514 5147
3998 1426
2585 3804
2964 2230
4056 5891
5879 5031
3808 1269
2904 2259
7061 6402
879 697
2214 3517
6017 4246
6597 5215
5327 3089
7127 6073
1730 1326
1246 4199
947 2260
3526 974
4774 3962
5017 2576
6128 4456
6360 4740
6574 5169
6133 4440
6114 2971
2083 1532
572 408
3326 2625
5926 5662
2002 1489
7158 6128
1203 2717
7307 6467
4061 1481
6410 4778
6324 5479
6980 6175
4317 1700
4177 4731
4452 3677
4563 3783
2060 1542
951 3984
7300 6445
770 2103
4170 3414
1960 4649
6745 6368
5611 6008
4355 1731
2432 1921
3462 905
5952 4147
5133 4331
4205 1684
7214 6524
317 160
1995 4676
4910 2537
330 267
4388 1755
434 259
3289 622
1032 2548
4652 3868
2458 3726
6999 5865
2225 5529
403 137
3472 901
2487 1905
1614 1228
6059 4312
5584 5986
5649 1770
3862 4521
2494 3690
3589 4360
6109 6310
6075 6077
7004 6191
4225 4732
1776 1272
6702 4601
2123 3458
4133 3373
4222 1645
601 469
2516 1865
4171 1559
1598 1242
5912 5041
1475 2840
3516 5157
3601 2934
3755 1226
4062 3330
7362 6571
334 2367
5325 3111
3333 2584
1172 898
3374 5110
4237 4694
1867 3236
3622 5208
5354 4540
6340 4719
3474 4191
4103 5447
4015 5410
6640 4453
398 392
6589 5732
587 423
2882 2112
6186 4530
741 2121
4936 578
6226 4579
5189 6087
3359 696
1470 1130
2039 1557
2921 214
632 2531
6151 6142
668 516
7051 6387
6965 6434
165 71
6855 5548
3507 962
1698 4496
5554 5500
3132 436
4422 1780
6232 4587
3024 282
577 521
4817 3979
6854 4806
6646 4452
1339 867
4384 1743
4357 5571
2737 59
3460 917
6668 5823
6129 4457
1031 2453
4106 1531
4835 2360
3338 691
1981 3349
322 172
5385 1396
464 346
6213 3198
1605 1231
3591 4365
2657 2030
3272 2635
4478 1789
7156 6505
1309 4239
7203 5869
6590 5733
2477 3685
3134 2377
2544 3826
431 289
3593 1019
91 81
1998 1515
1086 650
4928 2521
3876 1334
5334 1311
3979 4592
3557 2813
2161 1673
1366 5191
3425 4052
4482 3728
2831 2114
3901 1359
2266 1688
5937 5654
6422 3587
7464 6621
7235 6537
970 833
3466 2628
5375 3225
1738 3087
3706 2991
6432 3621
6463 4849
6685 5361
6063 5213
4028 3289
6607 5234
1971 1479
6209 3182
5249 1151
6865 5608
5984 6280
2655 2035
3730 1200
2283 5552
5590 5480
4319 1715
5754 4943
1479 2834
7006 6362
1750 4508
892 2284
7407 6549
3456 5703
1260 4209
4520 3615
6967 6332
3268 554
6172 5798
4079 1490
2563 3734
7396 6391
3519 939
5091 4292
5887 4045
5032 5004
3892 5359
5379 4583
5449 5427
394 90
3833 5319
1113 4120
7224 5906
2226 4782
3691 4375
5380 4584
3232 2501
7305 6466
7238 6381
2630 1980
5284 3059
505 368
5351 4539
283 139
4764 286
2633 3771
7375 6555
3750 1211
5357 3179
5872 3949
5909 5047
1013 2796
128 197
4804 3986
989 4027
5503 4701
2396 4880
4024 3287
7223 6210
1111 815
1283 859
6826 5513
6940 6302
6909 5066
4769 2131
2512 3705
740 2128
6065 4342
3081 404
7200 6560
6857 5629
1567 1167
3297 635
4509 1961
1587 4423
1620 2992
5539 4737
2084 3454
6018 4245
3347 5644
987 606
1119 916
2044 1574
4188 1571
255 135
5485 3364
6223 5378
2184 4766
5187 5745
2398 4890
288 322
6707 6358
5131 2821
2936 281
2397 1954
1188 4130
5995 5657
1097 904
4996 5639
4564 3782
6356 5501
7324 6482
4182 5483
2596 1925
6088 5254
972 4076
3711 1160
3054 2265
6086 4376
145 2136
2693 4954
3379 824
2428 1771
4713 2184
5081 837
380 284
1532 3013
6961 5314
3484 5120
7144 6544
5435 4657
5422 3286
953 798
3027 3875
5283 5787
7020 6202
7015 6199
5028 4212
4125 5455
3953 3224
5672 3598
6002 5154
5858 4025
4902 4071
4060 3303
2168 1594
895 2607
1242 4176
2493 1792
955 2376
2518 1916
6596 6291
3501 5125
5226 4407
958 748
5356 5837
2040 4707
904 4038
4864 2455
3906 1358
4873 2420
4642 2073
960 2408
5419 5874
914 694
5412 5870
4906 4106
3763 4493
5915 5050
6772 5903
301 140
5382 3232
649 566
6012 5096
7281 6502
897 3917
2279 4803
2600 3815
1489 1129
1878 4596
3149 2400
6093 6093
4585 1840
1042 2559
4578 4936
2292 1714
1712 3114
6199 4549
3866 5332
1540 4435
1902 1433
6678 5342
1563 1185
863 40
6747 6212
3358 4202
1719 3102
5227 1089
1994 1482
4453 5606
871 668
5004 2609
7150 6095
650 597
3240 3901
2207 1703
1580 3024
5368 5380
1256 4188
3098 2290
1661 4479
4834 4013
2709 23
2146 1625
6179 4518
1120 4137
6188 6338
5477 4666
5069 5717
5538 3429
465 345
2545 3722
959 2333
3422 4070
6405 4777
5359 4548
813 588
1660 1267
4754 3887
397 393
6497 5000
2079 1562
5376 3220
5452 4653
4227 5498
3073 2276
1334 1021
3806 3095
7068 5958
3294 5001
5388 3238
1367 5190
6550 5686
7265 5997
2248 3620
7011 6461
3829 1302
6160 5297
2976 2212
5156 5187
6786 5959
5389 3239
3490 5152
7294 6550
3078 2411
2481 4898
942 4997
300 164
3955 1390
1847 4571
3812 1268
5108 2770
691 561
1102 895
6000 6036
1828 5367
3318 601
3654 1092
1872 4589
5266 4444
3301 4985
1253 733
5900 3999
4681 2199
971 374
6276 3352
3846 1275
5296 3084
5686 4794
1051 4039
1380 4288
6639 5793
3971 3240
1839 3206
6351 4733
3974 3243
70 101
617 512
4295 1679
252 291
2575 1941
4988 4008
2722 73
2080 1555
6829 4772
6402 6410
3592 1020
5170 2865
1824 3205
899 3988
3968 4585
6704 5407
7236 6382
6850 6405
6712 5413
69 243
5244 5774
2294 1707
2403 3635
734 2310
3447 5685
4122 1525
883 3884
628 472
2460 3697
1215 2553
302 141
4766 2254
5440 4650
4023 4621
6130 3011
1322 4233
5602 6002
1293 4236
2126 3478
3828 1303
3479 5115
4157 4720
7155 6135
6819 6404
119 4
3904 3183
5111 5694
4209 3474
1966 3306
4271 1676
671 499
5501 4675
3578 5176
4132 1518
2558 3724
5750 5632
473 2248
5828 3921
3246 3970
6777 6479
3641 4394
4770 2130
3170 465
4296 1678
1192 4142
1476 2943
5739 5630
2104 1639
746 372
1140 4155
7195 6454
1964 3309
4866 2282
3421 5092
4048 1467
6224 5382
4590 4951
1352 1026
2014 3367
4671 2164
4138 1527
7132 6052
1296 4223
2999 2253
2935 65
1261 2712
5456 4654
1299 2776
3281 633
3596 987
5077 2735
7204 6188
7207 6462
1551 4400
154 87
5267 5277
7069 6398
6633 6315
6625 6118
6299 4686
5717 1826
5315 3091
1635 4473
852 3861
7125 6058
6566 6274
3423 4094
4008 1429
2519 3681
5132 4332
3329 625
5873 3995
4345 4824
5177 5181
1685 3056
4855 4021
1609 1247
3402 4184
519 466
749 324
506 375
3966 3228
6233 4591
3747 3007
1467 1028
1663 3049
3634 5209
6791 5950
804 595
3092 2385
3050 406
2003 3382
1005 4068
3407 2665
1015 5071
7322 6217
5116 5081
3449 4084
7022 5890
5867 4001
5128 2816
345 196
4876 5024
6686 5844
3816 1283
3932 5362
5176 2893
4982 584
6609 6107
5987 4203
4228 3488
5500 4691
6843 6004
3916 1363
501 363
3187 2438
4846 2423
6363 5967
2836 206
7072 6249
416 427
5893 2448
4119 4710
1323 4234
1333 1022
235 123
579 2539
103 66
231 107
573 534
3940 1382
1045 4067
354 216
3286 689
5417 3276
1958 3339
57 75
5527 5937
6189 5346
1018 780
5271 4430
6271 5431
450 26
6759 5902
6284 4644
1094 2765
1853 1394
7019 6521
1152 2667
323 171
4208 5491
4965 2524
6035 4303
3679 1118
3792 1251
3753 4395
6658 5309
3052 370
2612 3786
5942 4156
5745 1912
2334 4835
6612 6296
2011 3374
6384 4762
5823 3946
6970 5820
6827 6252
3849 1308
1711 4525
7329 6375
2525 3730
3344 2601
5301 5308
3384 820
2684 2017
4968 3928
5513 4703
6143 5300
2604 1929
7084 5572
2929 213
5295 5304
7385 6608
5498 4693
594 567
49 170
7284 6506
3191 3859
3975 1406
1718 3074
3673 1103
2024 1547
2506 3694
4148 3355
6403 3578
2122 1619
2107 3439
6152 5799
4193 5473
1672 4517
4204 5481
1816 3190
5574 5981
1654 1194
2230 1672
857 3961
5575 5982
7169 6151
1389 2829
1641 1191
1952 1471
3390 839
5035 2587
5738 5631
3203 487
3938 5365
7021 5888
5399 4598
1863 1402
6253 5871
5008 4980
1495 4385
469 2195
1554 2961
5103 2759
3765 1215
3372 2334
641 591
1022 2506
964 3994
284 138
4534 1807
5159 5725
6229 5854
4862 2458
2602 1930
6585 5748
3091 2349
1282 2768
3776 1206
1892 4602
5725 4929
2603 1931
4107 4708
4995 5638
2975 2213
2020 3386
5107 2771
4524 3692
3986 1413
37 31
4140 3342
6558 4183
2375 3632
3263 2571
1435 1043
5410 6187
842 688
6270 4677
5193 2898
6026 5030
7181 6161
7191 6446
1728 3140
5169 4352
6756 5901
2933 100
6120 1128
7157 5267
1756 4515
6225 5381
538 470
2004 4672
4088 3344
5650 4871
3814 1263
1404 2890
1630 1250
1882 3251
3477 5129
2622 1967
5145 5712
6610 6295
3562 977
2656 2031
7397 6392
5245 3003
3922 5357
1980 4662
6642 6132
845 702
5997 6284
341 198
5446 5430
3322 2657
4085 5442
5058 768
4337 1717
5536 4742
3196 455
5492 5465
5082 836
6234 6180
1444 1109
991 741
7359 6425
1976 1487
2136 1603
4983 4153
4517 1803
3994 1420
4629 3837
5023 6035
7363 6429
2067 3334
1984 1496
783 579
3364 2621
2062 4715
3080 422
6572 5164
3991 5398
5013 4976
4494 3725
2099 1660
2215 3518
4231 3506
5048 5037
4890 2403
4526 3699
2132 1609
2273 1781
5391 6182
6905 6063
826 177
6084 6096
6366 5525
1457 1023
6617 5251
6115 2972
5889 4043
5798 3943
6295 3369
5233 5248
5801 3922
3251 2513
6720 5885
1095 5087
4883 4079
3758 1212
5047 4187
4287 5538
3465 2827
6054 4299
1643 1258
3227 522
3745 5257
1011 813
922 699
3257 3900
6399 1773
5066 2700
920 747
1897 4606
4007 1430
806 652
4496 1804
2096 1648
4027 3288
1814 3178
642 532
7313 6526
1852 4575
3142 480
3323 3909
5658 6018
2862 182
4403 1762
5043 2663
159 290
3357 4029
1778 4524
6385 6254
2648 3839
1201 4149
5052 5089
5255 1111
1126 5099
1484 4348
6239 4597
3212 545
5192 2897
3836 1315
5999 4208
3720 5775
6632 5285
5202 2923
1036 800
2910 2133
6365 5527
2643 3842
1285 2732
4175 1563
6741 5892
5556 5535
4758 3882
4816 3980
7082 5563
4680 2099
3311 2617
4538 1811
3458 869
5088 4268
3412 861
790 200
4783 4032
6107 4427
4955 2519
3540 953
3006 276
2631 1983
6711 5412
2864 287
4498 4852
3071 266
2029 1516
2884 2167
3483 5113
6537 5649
2091 4730
2832 150
415 428
1221 4161
3956 1389
6060 6081
1025 2463
2433 1920
244 248
6914 6281
3082 440
7377 6447
6769 5458
4421 4862
5965 2540
7263 5998
7319 6530
56 76
6269 4634
1237 753
3694 1123
292 334
1842 1383
5742 3695
3059 2221
4915 4096
4611 1902
427 364
1889 1419
3152 2430
3377 762
7161 6320
6933 6091
7194 6453
1726 3139
5950 4119
1780 1354
5393 4595
6700 5861
3291 660
3360 687
6045 6289
1714 4498
3058 397
4947 2514
3424 4218
327 184
1550 4399
6748 5439
2173 1704
1403 4301
3605 5198
5120 5695
204 94
748 2161
6925 5192
4479 1875
2383 1830
94 49
3039 2072
3743 1204
1472 4329
5836 3967
836 2168
5147 4323
1337 971
1929 4628
3189 474
3433 794
3637 5202
2069 1558
2969 115
6603 5764
620 508
6476 3916
5039 5636
3584 915
6995 6456
6180 5826
3461 910
5544 1654
1088 845
4470 3680
5462 4652
6372 4746
7177 6436
1157 855
361 2234
5975 5151
4038 1462
6560 6041
6267 3301
557 495
5543 5954
618 573
6722 5879
5299 5805
6600 5767
5715 5621
2788 51
4179 1633
3442 4099
3928 1364
3603 1063
5078 2734
1091 900
1014 5070
5022 5651
4622 4952
6281 6209
3625 4307
6082 886
4676 3860
375 377
6533 5084
4257 5516
4218 3501
7190 6348
7282 6314
6449 5628
7055 6384
811 719
5129 2656
1245 964
7228 6478
4160 1632
3688 4378
271 179
7326 6481
2366 1855
4637 2064
3768 3018
3431 2753
3581 5172
6994 5386
5980 6038
3453 2743
5130 4333
3502 2824
6187 3130
1579 2969
6838 5523
6521 5008
6328 5957
4073 5435
5568 1699
3445 5687
6669 5329
2945 208
3695 5224
2381 3664
4728 2145
5084 4276
3110 2419
3574 2835
3781 1239
4881 2465
2991 2264
5185 2914
1173 4133
4791 2299
3708 4380
1424 2818
5744 5622
6102 4417
758 2330
4033 5415
3804 1238
3074 2298
2490 1786
3013 188
2686 2016
4260 5514
3818 4485
3854 3125
2952 2319
3382 2725
463 2075
2198 3507
3413 4103
389 265
7199 6353
2804 69
3911 1361
6430 3613
669 2095
5371 3218
7197 6181
6551 5101
820 4991
1802 3165
1965 3318
6539 5077
5522 3451
1329 4280
6774 6219
2510 4882
3954 1388
2869 2154
3779 3055
542 396
6050 5741
5003 2340
4311 5980
4599 3833
5121 2785
5373 5379
3037 4012
5914 5035
1009 2366
6934 6421
1874 4593
4603 2025
6241 4599
5404 3253
4843 2316
4722 2224
3817 3069
1944 3310
6602 5218
4224 4734
265 277
3182 2554
7081 5554
805 596
5579 3523
6841 5532
6746 6213
4488 3678
5364 4566
5493 4678
1117 830
2134 1644
1514 4367
1243 4177
3545 4240
5552 1669
6853 5560
7140 6299
6058 2815
5137 4330
448 262
6944 5781
6546 5123
2115 1631
4832 3948
924 631
4921 2439
1132 4110
6576 6418
1917 3280
3324 4999
6144 5282
3857 4528
939 3996
1205 4205
1438 1080
1021 4113
5085 4294
2491 4931
4880 4083
2319 3672
898 3918
6511 4023
4847 2358
7382 6565
5182 2903
2424 1769
3672 1104
7037 5451
6177 3101
3102 2410
2919 2107
4604 1888
6159 5298
2005 1510
6993 5856
4946 4104
510 481
1340 864
1537 4379
4503 4872
6856 4809
3060 2220
5363 1355
410 357
724 637
5068 4171
2468 5604
4918 4082
407 305
3907 1352
5427 3296
3319 4982
107 7
4390 3560
2958 256
5119 5083
6536 5690
4976 4970
2932 99
976 802
616 513
2535 1963
5594 1724
5101 5697
3903 1356
5377 3221
5726 4928
700 515
2674 2010
2508 3764
1000 832
2821 2105
1341 923
5827 3958
5340 5824
3426 2496
7218 6523
4794 2369
3399 634
3079 2412
1923 4620
4032 1448
5161 2855
1810 3177
2504 1915
1555 3010
2053 1546
5352 5354
5328 3129
1652 4468
6601 4336
1732 3090
621 507
3522 5134
3248 3902
2791 166
1817 3192
3883 3166
1836 4567
3631 4306
5090 5051
6005 5153
5234 2985
3068 381
7005 6192
6904 6062
1428 1081
6101 5258
3077 279
4885 2445
4907 564
5478 1512
2147 1624
1290 2742
6743 5429
5787 3867
6864 5573
1436 1095
319 268
7187 6168
1561 2968
4448 3717
5473 1511
5510 4697
388 88
3057 398
6719 5884
3270 693
3920 4553
3571 5189
3056 2289
2059 1568
4952 4124
396 308
4189 4735
2834 2076
4003 4605
7025 6472
6134 4475
7118 6294
4581 4934
5057 2623
5347 4520
6666 6152
175 2120
3923 5366
4210 3475
5174 6078
3997 1424
1037 2429
2052 1548
5518 4712
1050 5109
5841 3951
3373 557
6736 6367
5403 6185
2412 4877
3746 1216
2033 3383
1669 1284
3933 4572
5019 673
3825 4483
2654 2037
3464 2802
4870 4061
4665 3881
935 3960
3211 544
3826 4484
1703 5325
3678 4404
4463 5614
784 671
2049 1554
4992 4987
1162 2831
3343 4975
2866 2074
259 255
4081 1497
2617 3766
502 457
137 109
2469 1894
6303 5460
936 4011
2119 1657
7368 6577
5180 5739
5551 1668
3167 2446
7103 6287
3693 4374
3145 2451
6153 5306
6190 4529
2570 3701
4796 2261
4912 2532
3943 1380
2388 1854
6221 4573
2984 301
6949 6134
1252 5726
6198 5833
821 600
6960 6143
7317 6529
5580 3509
1130 822
5526 5467
7252 6403
2987 129
1024 2462
2430 1845
1349 949
1055 857
7323 6484
1647 1264
2268 3499
4776 4031
1139 4141
2988 130
6147 6141
1066 2510
7412 6514
5461 4673
7262 6415
7180 6439
6901 5700
6210 4558
3337 4966
3606 2822
4872 2487
6028 6050
5106 4152
4019 3271
2194 1713
6037 4283
1407 4313
1234 2738
4117 5452
2178 1725
6727 6198
1612 1237
3827 4491
3046 2308
151 98
3674 4341
218 212
5643 1776
5000 3932
3381 2726
4939 2534
763 4984
2551 3727
3882 1333
2574 1946
2965 2271
6761 5444
6419 6266
3929 5363
386 320
4104 4699
6662 5800
787 707
3675 2930
3914 1342
1494 1006
4235 4744
521 362
7297 6552
3168 2427
