3669 3914
4368 4565
964 5200
306 265
4857 3196
6755 7050
1119 1263
4775 4999
6868 6032
3208 5181
1368 1467
3010 357
7292 7450
6585 6849
5362 5625
1136 3594
2046 2166
4207 2319
939 3429
630 3189
1790 4147
2638 2828
175 114
4947 3379
1909 2048
6083 6865
1375 1475
7316 7614
6329 6593
6856 6700
7475 7762
374 497
4831 4979
2985 2966
4434 2668
1938 2076
3275 3437
4395 2567
4389 2589
6387 6633
1930 2069
5950 6184
3323 5124
4386 4594
3601 3861
7393 7677
5924 6166
2498 2662
2382 4652
434 376
425 258
829 3308
5759 4878
4802 4991
5690 5933
2807 2932
121 2957
1425 1555
5108 5336
4375 2532
1459 1588
4507 2682
1995 4349
2226 2501
4143 5765
345 288
5496 4366
3239 6110
593 708
142 189
1795 1936
2044 2237
6149 6932
4600 2859
5891 6121
6532 6766
1485 1538
3091 3213
5945 5139
5643 4596
1951 2099
1326 3764
139 61
917 5162
4339 5909
5703 5958
4297 5877
4285 2374
4214 5824
2099 2317
5100 5338
2469 2740
613 684
6385 7126
786 828
4972 5084
6605 7223
5253 3962
3250 3278
722 3241
297 294
6960 7261
3648 3896
596 3118
6509 6107
386 394
1490 1602
834 966
6399 5889
2043 4378
6660 6401
7397 7632
4426 2584
2070 2206
6165 6403
6124 6372
3789 1755
6701 6999
3424 5290
4098 4324
2634 2760
3130 4931
2423 2575
7421 7715
2984 334
1692 4083
7028 7322
1516 1640
5587 5847
5518 5788
7006 7305
4392 4616
3188 5011
6101 6898
6409 6671
3709 3944
6075 6853
4839 5012
6356 6622
6324 6590
5760 6737
6466 6027
6407 5902
7263 7533
4505 2669
6855 6694
2011 2186
3128 3258
2106 2218
6092 6327
6147 6921
124 107
2332 2481
4609 4862
3185 4985
3516 6281
3943 4179
5392 5655
5837 6092
5509 5783
2628 2763
7294 7654
3637 5422
1164 3685
5682 4671
6648 6927
5005 5221
5167 5406
599 584
5971 5218
5501 5747
4422 2596
5683 4676
4009 4245
1208 3695
5103 5323
963 1093
6862 6708
5908 6746
6125 5508
204 130
1937 2078
2173 2394
2194 2413
1135 1283
1393 1494
1477 1580
5559 4484
3407 3588
5041 5192
6257 5687
3160 3247
6359 5837
5277 5536
5286 6419
2004 2189
6126 5509
5042 5193
6039 5346
933 1043
1605 1751
4617 4876
4568 4852
1579 3976
2779 53
5993 6775
7286 7575
837 935
4551 2835
1286 1370
2321 2487
5051 5203
6186 5590
3488 1255
2829 3002
3409 5270
838 936
1167 1298
4662 2930
2322 2488
1626 1770
882 981
5001 5237
5237 6364
4043 2096
3115 3311
4821 6052
3651 1533
40 25
4199 2273
5985 6774
7130 7556
6918 7417
5211 5452
6720 7015
5350 5607
2252 2430
2260 2439
7356 7561
2541 2721
3966 2013
4432 5972
2006 2175
6828 7113
6813 7095
3000 2977
7310 7608
1506 1632
480 3007
3399 999
6005 5246
6871 6035
6150 6950
7312 7669
4979 5177
7318 7616
4550 4819
672 575
5460 5709
6736 7317
915 3351
7186 7588
1299 3754
4630 4879
2421 2692
2677 2869
153 169
6901 7184
7226 7622
1404 1458
409 558
6671 6951
1172 1268
1422 1521
5952 5182
7199 7487
3317 3322
880 3321
328 290
2627 2862
5053 5280
6471 6039
2558 4773
5447 5702
5479 5731
6602 6870
6293 7053
2256 2417
2882 3018
7125 7407
396 392
3473 5304
5753 6028
1682 1833
1306 1426
3068 3220
2220 2363
635 3112
1301 1423
3564 3717
5448 5703
4543 4823
6613 6883
680 707
639 645
3019 379
3773 5548
5454 6543
3432 3655
4902 5091
6076 6295
3595 3776
6151 6934
2560 4784
5485 4363
3162 3301
4877 5039
1372 3783
4075 4328
87 75
270 291
1754 1902
1060 3535
1445 1500
4491 4648
4917 5109
7102 7402
4952 5170
6103 6895
3635 1539
7338 7529
6011 6246
5124 5357
7405 7738
3778 4024
5730 6020
3507 1327
1153 3668
4553 2755
4232 4504
3706 1601
3697 5464
5747 5999
957 1070
1563 1684
4918 5110
361 3148
1505 1627
3414 5308
3193 3406
3763 5550
3412 3674
5340 6445
255 182
6599 6858
3441 5254
3145 3288
4468 2636
4681 3003
6014 6255
6052 5358
313 420
6458 4865
3173 3315
847 831
4309 4524
3857 4100
3456 5274
6863 7147
5560 6616
1518 1642
143 10
2324 2496
7231 7340
1440 1557
3944 1964
1739 4099
3643 5427
2361 2542
3038 475
6833 7118
767 890
161 177
141 155
92 2
2246 2424
4073 5723
2543 2829
4990 6125
356 293
531 484
2355 4670
1920 2085
2615 4855
7435 7741
1509 1564
128 146
1008 1104
3006 3154
3688 3885
4270 2391
620 676
7376 7705
4599 4869
5422 4266
1220 1301
787 916
1674 1827
1420 3834
1690 1836
5320 1809
3384 3628
7228 7623
5650 5962
4899 4967
2851 2944
3661 3920
4015 5681
6650 6930
6128 5511
113 102
3920 4161
539 549
6153 6408
6262 6520
181 268
6999 7001
3289 847
1449 1581
5956 6767
3164 691
6782 7066
7278 7562
6434 5929
268 72
4616 2886
4953 5171
3736 1675
180 190
1178 1328
3893 1914
1168 1082
4176 4385
3466 3640
3573 5408
2387 2558
5141 5373
4835 5025
1041 3569
3859 4122
3304 3472
1871 2003
2971 3157
863 3297
4873 5063
2481 4758
2977 3164
1842 1978
2474 2621
2201 2381
6566 7182
7016 7309
5914 6123
6775 6581
1212 1310
1418 3864
3567 6310
5111 6243
2312 4621
1734 1884
6090 6344
803 821
3247 5008
1544 3941
5276 5542
1240 1146
7051 7355
5547 4460
1180 3666
921 1044
5570 6650
1013 3671
94 55
4206 2361
4546 2788
129 207
4500 2688
5986 6780
6722 7017
4352 4628
2963 3064
771 5064
4604 4810
6148 5543
2553 2808
5957 5107
4807 4981
1379 3792
4251 4469
2416 2572
1491 1529
4878 5078
426 457
5822 6069
7020 7318
760 706
6028 6818
7230 7620
4865 6066
6470 6037
4577 4748
4975 6153
416 511
1044 1111
2550 2656
1430 1552
2475 2761
6994 6989
187 267
5900 6118
4374 2551
966 1065
4100 4367
4607 4861
61 109
266 366
218 201
5035 5230
5285 4005
2476 2762
2898 2981
6497 6754
1472 3853
6612 7221
4886 5038
37 2935
403 284
3570 6304
3203 3345
1068 1045
1550 1609
333 2948
6366 6640
4404 4588
4159 4398
1980 4335
2749 2958
4096 2154
1611 1730
6367 6641
4153 4418
6020 6252
2167 2342
1417 1527
6535 6770
3695 5461
2556 2699
4182 5803
830 857
3991 6498
5187 6314
1759 4133
1048 3515
1159 1235
6218 6470
562 281
903 669
3758 1701
598 3114
2455 2598
5599 5854
6232 5649
5972 6790
349 295
1722 4103
1976 2128
4330 2466
6236 5654
5745 4815
4940 3422
2602 4804
567 670
5757 6038
994 1108
4475 4797
4592 4841
2168 2294
6577 7205
1502 1616
2262 2437
7013 7306
1095 5277
4367 4664
3057 461
6735 7027
4893 6141
6992 7485
1170 1254
2428 2576
7011 7495
6712 7008
4849 6049
2932 3059
6551 6191
6340 5804
1707 1861
2904 3087
1345 1448
3039 3062
2542 2644
4261 4452
3722 3952
681 722
2412 4701
1194 1278
6739 7032
6582 6845
6560 7176
4954 5158
3820 5570
3667 1575
4164 4364
7381 7664
2814 118
5333 5596
5349 5606
3933 5635
2247 2425
3251 3416
430 3102
7155 7445
3549 5354
910 993
5131 5374
3074 3187
1573 3958
3170 3318
5152 3780
690 735
4538 4679
5012 5085
1341 1384
5267 6376
3772 5540
2036 2180
3301 5104
3213 693
3482 5305
586 3153
623 4992
3142 3296
7368 7695
5402 4230
3742 3985
7378 7707
4725 4915
6129 5512
4357 5913
1264 1392
4605 5998
4001 4240
5405 4235
7351 7684
1283 1289
899 3397
208 105
3940 4180
3843 5573
7207 7494
3977 2008
4870 5050
1823 1954
5107 5337
5039 6167
6857 7150
6852 6698
4758 4920
6161 5539
3547 3799
5037 6798
2232 2403
2612 4826
3189 632
1494 1518
5462 5720
1721 1862
4142 5766
1848 1979
2177 2404
2254 2416
7161 7439
7146 7428
1824 1955
3318 3476
5105 6257
891 1010
5662 5904
746 652
38 18
6400 6651
4019 4250
7162 7440
4383 5924
6185 6441
5314 4046
3620 5423
7287 7574
4748 4945
1416 3892
5894 6100
6210 6461
6687 6980
6030 6230
6776 6582
3462 1226
1519 1635
1500 1560
289 186
1097 1225
3584 3786
4197 4407
6544 6805
5982 6221
6760 7046
694 3158
2980 3105
1883 4229
3625 3823
1480 1513
2223 2405
4284 5869
5652 7129
6621 6893
5002 5236
3463 1227
1356 1452
2899 3073
4348 4549
3668 3855
2282 2456
1146 5297
5928 6154
302 204
548 546
250 323
6317 6602
3934 1952
6897 7172
6309 7336
2308 4620
4061 2115
2852 3037
6837 7121
1535 1656
7261 7530
6967 7464
1852 4208
2549 2679
721 860
2781 2988
219 249
3365 1020
1660 1811
429 515
5740 4792
6665 6942
445 375
3442 5261
5216 3888
3579 3791
2038 2181
3371 3543
6452 6727
2782 2989
6885 7165
867 979
7047 7342
775 802
408 439
2467 2622
4227 5831
7247 7521
1953 2092
1409 1508
304 272
2105 2223
6689 7284
1557 1686
4890 5065
6361 6609
5938 6099
1861 2010
5594 4539
43 6
7227 7621
6318 6563
2437 2569
6690 7285
5677 5967
1691 1840
5275 6384
2273 2548
755 886
3901 4149
3234 3302
3055 506
5977 5184
4603 2896
1497 1604
6432 5928
6913 7405
4440 4599
283 196
1533 1648
2885 2950
3368 5183
5898 6743
1565 5526
1072 3541
4976 6138
6189 6972
1997 2137
310 260
1600 1744
4451 4612
6778 6583
3224 5113
1783 1923
7108 7398
3528 3766
1713 1858
5355 6456
1202 1110
689 720
6363 7097
1956 2105
1026 1033
3897 1919
778 911
3764 3986
6171 6429
5043 3548
4818 5013
5070 5247
1284 1393
2633 4832
6365 6644
2671 2889
5258 6383
5242 5517
4894 6062
262 161
4234 2331
3882 4135
5667 5912
4042 2097
6797 7076
7415 7706
1503 1617
4777 4969
209 3096
5987 6224
5574 6652
2126 2340
5412 6513
4855 5024
1330 1432
4416 4608
2032 2257
4791 4995
5465 5730
5301 6420
395 339
1630 1783
5372 6487
5575 6653
4094 2182
481 125
5603 5863
569 600
1814 4167
3335 3540
1278 1396
6018 5279
1270 1414
1089 1262
7003 7304
2922 3020
2192 2355
4398 6692
465 459
6870 6036
3751 1705
1876 2019
3724 3960
582 3145
3089 3172
6142 6916
2422 2579
5965 5187
1513 1536
373 2949
6244 7009
3614 1505
1561 3969
637 658
1877 2020
4126 2185
2674 2878
1298 3755
3508 1336
107 34
7019 7599
3715 3910
7068 7107
5600 5870
388 252
611 745
3594 5397
5115 5282
1633 1769
6867 5983
926 3445
1587 3975
557 627
2418 4662
5214 6326
5649 5890
5407 4238
5364 5629
405 503
3023 442
4765 3079
103 73
5631 4605
993 3601
565 3047
3971 4209
4909 6098
2616 4831
1576 1714
1083 1131
1366 5404
7036 7506
269 3109
5593 4541
4418 4601
1056 1179
772 906
1021 3539
6155 6411
4107 4382
6561 6788
127 200
5226 3880
7039 7512
2283 5886
6200 6451
761 797
615 3129
1791 1929
3348 5150
3324 5138
3500 3749
3015 3178
3981 2016
2589 2707
5329 5586
3372 3433
2062 2280
414 259
2359 2530
3403 5244
3073 3177
550 3130
916 5161
2608 2747
5203 5441
108 9
3894 4145
3642 1548
5670 5922
3123 3214
534 3058
4079 4307
1966 4300
6175 5561
3048 450
4219 4520
6545 6209
1574 1649
3552 3808
3182 3399
2024 2192
159 269
3408 946
2699 4883
7438 7725
2650 2860
5958 6204
224 325
5096 5339
7418 7676
4103 6541
446 471
1311 1438
2473 4732
3259 3291
6464 6025
291 219
6091 6321
330 331
3418 5286
5504 5772
1428 1542
2097 2213
7254 7525
4762 4914
5573 6659
1455 1572
3922 5630
1265 1410
6058 5370
4264 4455
5497 6569
1714 4080
6388 6632
6664 6939
6431 5939
3684 3924
890 971
427 456
6597 6862
2156 2349
3923 5631
3086 574
3821 5577
3113 548
4612 2876
5058 3585
1591 1697
5556 6618
4393 2568
3654 1546
5128 3713
343 299
6708 6510
3945 4183
5937 6769
2348 2694
1580 1691
1188 3630
5145 6263
5414 7011
4801 6050
6025 6820
6615 7225
2843 2985
2727 3
6213 5626
3277 5056
6783 7082
4272 2387
7417 7733
6304 7063
5138 5312
5088 3624
6063 6305
7461 7749
3871 4125
2855 3022
4783 5006
1998 2159
5817 4954
2155 4472
196 203
394 262
2218 2365
1853 1987
4134 2179
2394 5941
6252 6514
4146 4360
6895 7393
1900 4246
4794 5017
5356 6457
1253 1201
3446 5250
1142 1208
4780 4948
4097 2153
3388 5178
6461 4864
4408 4595
7140 7563
140 36
3588 1429
478 413
2657 2903
3212 3388
7380 7594
3447 5251
1730 1880
1537 5497
3140 3281
3014 307
3678 5475
2238 2388
2139 2297
5188 5436
2029 2168
1668 1812
7427 7719
1560 1631
5737 5991
5828 6068
581 3138
6152 6944
3862 5600
641 760
5984 7183
6786 7093
3590 5430
172 3004
6114 5489
3438 5253
5220 5468
1450 3851
1107 3593
6010 6823
7243 7628
2535 4802
1872 4222
7012 7025
3645 5451
6734 7029
710 850
4459 4760
301 205
4548 4845
3719 3953
5995 6168
6391 6629
4631 2918
3681 1585
5087 5333
3402 5276
6115 5490
6931 7224
4547 4739
148 183
389 359
1548 1670
6013 6832
3499 3734
3554 1386
4492 4686
4988 5114
3163 3336
5312 5558
97 52
5016 6145
4982 3442
2147 2315
319 328
3453 3663
279 164
5069 5233
3847 1860
2909 2971
4882 5062
4188 4383
5442 5725
6323 6564
5990 6218
5475 6552
4452 4703
5626 4622
1478 1578
3269 5072
6851 7541
6691 7477
7071 7109
3217 723
375 448
5517 5769
5960 6149
3364 3547
597 585
5249 3950
505 3245
1458 1556
3231 5009
2459 4787
3531 1333
1667 4061
3492 3760
3556 3805
540 586
364 495
1305 1339
556 608
1742 4118
5409 4243
3433 3658
3428 5231
6085 5419
6453 7145
5161 3777
6814 7367
6299 6546
7135 7554
3884 1904
4271 4478
3502 3751
3232 3378
1460 1589
5406 6504
4585 4751
5367 4174
5944 6761
5458 5704
2466 2666
6887 7388
3425 5235
1771 1915
9 8
7072 7373
971 838
1427 5435
5729 6018
3846 4082
865 914
3874 1882
105 38
741 513
5022 6165
2595 4801
997 3559
471 2974
504 3056
6883 7162
4497 2660
463 3098
2910 3035
5981 6225
6655 6399
946 1036
2690 2885
6221 6475
3705 1600
7323 7672
277 198
3226 4987
2487 4716
472 2975
3468 3619
3233 3443
4058 2113
7031 7040
4817 4989
371 516
5955 6180
3675 3893
3416 1139
685 599
5449 5719
354 306
2500 2626
5353 5609
5537 4451
1613 4002
2289 2464
1647 1803
2570 4754
2448 2659
1402 1524
2597 2848
1386 1506
2319 2635
7188 7472
1816 4172
6641 6373
475 422
4254 4444
7032 7330
3262 3452
6679 7270
4044 5698
1738 4098
718 861
714 759
4983 5198
7189 7473
3455 1168
3609 3821
625 273
6056 5321
5932 6143
3975 4211
1545 3980
1989 2169
6430 5923
6958 6929
2853 3043
3230 787
2225 5856
3657 3911
6972 6967
3694 3937
243 134
2122 2292
6657 6936
5038 3566
528 3094
82 129
401 3000
831 980
1276 1403
2630 4849
271 210
5393 5656
6300 5746
3780 1733
6339 5812
6923 7206
4403 4584
3071 3167
7383 7711
3551 1368
6009 6237
384 362
2875 2938
1011 1114
5014 3454
272 211
4520 2693
5233 6354
3148 3283
5477 6532
6880 7155
1304 1427
7150 7431
1583 1669
1009 863
3723 3943
5713 4725
6261 6519
7403 7688
3386 5196
398 473
6614 6882
7058 7526
2050 2212
1954 2101
7143 7214
1855 1989
6104 5473
6245 6511
616 682
327 275
7136 7558
5739 6730
782 3236
6971 7267
5113 6236
377 322
7126 7414
1438 1551
4688 4903
4905 5127
4144 4359
3265 3289
6021 6205
7127 7415
5584 6661
4228 4473
1841 1977
3053 3190
5725 6015
3809 4058
4047 2100
1495 3897
1598 1752
1385 1501
6012 6826
1331 1431
4275 4466
4054 4292
2430 2712
428 91
2563 4798
7307 7604
4113 4340
1622 4029
7195 7480
6866 7149
6243 7295
3297 869
166 26
3241 5035
7196 7481
5351 5608
3689 3884
4036 4279
5123 5318
4900 4966
6096 6332
7328 7624
5969 6198
6573 7196
3939 4177
6889 7168
554 671
5222 6340
2446 2581
924 953
7153 7234
3285 3227
6975 6971
6754 7056
5239 3932
47 12
3964 4205
7361 7692
1736 1871
5750 6734
2120 4397
4421 4731
6993 6988
3618 3878
2460 2751
3327 5100
4017 5684
3908 4155
332 5
1949 4299
3917 4162
5225 6349
3125 5044
3827 4063
1696 1844
1444 1569
6110 6901
7238 7520
450 255
1169 1081
3605 5411
520 3031
1367 5403
1173 3622
352 315
3326 3513
1489 1598
5427 5689
2264 2428
1844 1973
7255 7540
1228 5361
6307 6558
5408 6507
6678 6968
3489 1306
5256 5528
1229 5362
636 3113
1728 4108
5102 5307
3472 3725
952 1017
1907 2040
5059 5291
6683 6975
3240 5051
6844 7117
3761 5527
5850 4997
951 3430
2931 3025
1158 1234
4466 2630
5050 6241
2404 2610
3404 5243
6455 5982
701 815
2413 2619
4396 4643
2660 2868
2860 3033
2911 3036
523 278
5883 6095
6422 5903
231 159
2082 2222
5000 5095
7360 7641
3592 3842
2335 2537
5722 4744
2488 2643
5433 4294
2929 3082
3781 1753
437 547
6568 6829
5315 4056
5385 4203
5142 3740
232 160
6991 7484
4226 4477
7370 7653
4708 4917
3808 4062
5065 6185
996 963
5291 4003
4087 5729
5934 6161
998 1091
5531 4415
4312 4528
3401 3645
2190 2354
1058 975
5004 5220
2346 2525
4364 4568
3568 5381
3112 3216
3711 3951
5332 5595
6893 6765
1878 4239
6172 6416
1364 1488
2892 3077
2876 188
1709 4078
88 68
3434 3584
2990 3132
5023 6150
7293 7455
4039 4283
338 405
511 3017
4741 4893
3026 3120
7212 7493
913 997
2533 4639
4322 2454
522 213
668 712
627 653
6008 6233
6891 7157
5391 6993
5182 3833
186 310
3887 1906
412 292
6029 6824
3831 4066
621 677
3741 3984
281 317
984 1088
2028 2244
5223 5487
4139 4345
2551 4768
4132 4343
5017 5219
908 3408
7252 7536
4238 4523
3110 3257
4883 5067
989 5215
5602 6679
7282 7570
3363 3424
1051 3516
2603 4803
469 3160
4181 5802
6694 6478
2956 3072
5068 5248
322 271
4344 4540
2691 2883
1452 1561
6230 5646
7107 7400
655 793
3786 4032
4346 2504
823 954
2958 3108
54 2968
2811 2963
949 1015
311 209
5533 5816
6929 7212
2808 3010
4229 4474
3273 3371
1661 4039
3357 3421
4269 2390
1508 1625
1100 1205
1046 904
5889 5034
7083 7383
5295 6410
4907 3358
5885 5004
1817 4169
4399 2561
5925 6083
7168 7451
6176 6439
1369 3827
1000 1116
2928 4894
5446 5718
6869 6033
2347 2552
5177 6308
3659 3879
4458 2654
6054 6290
883 3319
918 3432
1510 1636
5864 6055
972 3474
4007 4241
1810 4166
4832 4980
3769 1690
382 447
592 327
1643 1799
5047 5241
2212 4544
4325 4535
7272 7553
1293 3722
5201 5453
4304 2429
5180 5372
2477 4708
4863 5037
4008 4242
174 2965
3381 3591
2704 2913
3776 4009
2471 2599
6131 6909
744 3200
489 3074
6963 7465
6617 6889
1635 4023
589 3309
1332 1440
2648 2899
4858 3198
3929 6473
6272 7319
6539 6793
5836 6093
2536 4783
2255 2415
79 2945
2869 3032
3135 6061
7000 7292
5525 5778
5918 6085
7141 7559
2284 2451
6934 7421
498 577
4326 6664
1743 1887
1912 4265
1826 1958
1943 2087
3930 6474
6382 5866
5686 5931
5816 4955
594 709
6804 7078
5892 6122
1207 3656
4380 5940
979 1086
3979 4226
6978 7272
5704 5959
7337 7528
2125 4413
4753 4922
4965 3417
2856 136
246 15
5895 6126
2113 2300
4450 4611
6805 7363
2548 2742
4992 5080
3866 5597
3647 3913
6168 6406
461 2960
1343 1462
583 630
3730 3987
1515 3921
1246 3691
3192 3405
2979 3076
2405 2611
6190 6448
6616 6887
3106 4899
3696 5462
6270 6529
4884 6051
2902 3021
3397 5265
4099 4325
155 2961
2620 2846
2073 2172
7213 7314
4273 5860
2002 4306
6443 6697
981 1122
4767 4963
2499 2749
6726 7021
4489 4655
826 612
6284 5721
3191 5015
7115 7550
2211 2368
502 573
2921 3078
2056 2230
5860 6751
3692 3877
2803 2954
5243 6358
922 1001
2645 2840
4201 2279
1106 1251
3603 1497
4996 6148
6412 5907
4262 4453
6681 7273
3495 5317
4508 4675
1175 1290
1218 1299
3624 5418
1007 1102
2996 3141
2696 2909
6347 6614
353 474
5410 7006
1524 1652
3978 4216
5657 5896
3487 3727
506 541
4223 5826
3131 4939
7375 7704
854 868
4446 4650
1376 1478
7221 7499
6747 7052
3169 4974
1177 1320
873 991
1055 1149
5157 5398
6360 5838
5403 7003
6419 6716
2148 4459
670 576
5500 6551
2100 2310
6181 5580
5706 5955
4231 4492
985 1089
752 884
4140 4346
4716 3061
5808 6059
6704 6509
1584 1724
6264 5693
7208 7496
7052 7517
3804 4045
7001 7007
350 16
2025 2162
2181 2386
3611 5463
3458 3701
5052 5204
3449 3549
6940 7433
1063 1118
4613 4868
5430 7033
7010 7013
98 13
6215 6466
821 854
5617 2545
5420 5682
7117 7411
4117 6547
1258 1371
2987 3083
7164 7446
6670 6434
355 283
4286 4496
1403 3813
3264 5029
5569 6649
1672 4071
7085 7384
7131 7557
112 2937
3771 4018
3803 5554
3011 3205
3151 4953
6826 7105
2186 5833
6094 6323
6237 6994
2261 2440
2617 4820
6436 6688
2424 2574
39 69
2624 2752
2737 2933
4910 5160
4933 5141
2015 2184
2228 2522
6980 7282
6816 7100
6406 6669
3066 419
212 121
5904 6139
3102 505
7015 7312
2107 2303
4478 4615
3052 429
7177 7457
1984 2140
7064 7349
3105 3287
1756 4114
4949 5046
6231 6490
6817 7101
485 426
7229 7618
1039 3644
5066 5285
4946 5153
1792 1921
1761 1895
1768 4130
6122 6903
2733 14
4876 5023
5135 5379
811 956
7324 7625
3460 3724
3155 4959
192 93
4085 6535
115 156
2151 2321
5370 5639
5858 6109
4296 4491
1991 2126
812 957
3838 1832
3479 5303
2601 4838
4901 5052
109 65
4792 2951
1334 1442
6423 6717
6242 6502
6611 6878
237 320
4148 4354
259 277
3355 3411
5057 5259
6377 5859
3968 4210
1070 1144
69 132
3394 1052
5616 6689
3982 2015
6949 7244
238 321
2065 2226
547 3123
3296 5105
7464 7745
1733 1872
5076 3612
4288 4493
2453 2750
6600 6872
6055 6301
233 150
6184 6970
6158 6415
1413 1474
2439 2586
211 224
6838 7110
3876 4134
628 640
6206 7279
3300 3525
4554 2756
2461 2664
6969 7265
4255 5842
6089 6341
1182 3743
879 977
5926 6771
5675 5927
80 56
2095 2202
1157 1207
6198 6452
3211 3387
3279 3508
930 3381
6519 6760
6331 6587
5122 3719
2686 2884
5388 4207
5048 6190
833 3470
3747 3978
870 896
7439 7723
7215 7603
7120 7552
572 580
1032 3563
2574 2830
839 998
1862 4212
7233 7337
6343 5830
6515 6759
2520 4723
7423 7717
735 758
6601 6316
1309 3732
2239 2414
802 822
6903 7181
2019 2225
5513 5781
7203 7294
768 891
5919 6079
4074 5724
6410 5905
2502 4761
527 143
3812 1807
5007 5201
5181 5437
3550 3789
6159 6404
5920 6080
6100 6336
4024 4269
3061 3234
1608 1742
3498 3733
3483 5309
4365 4567
2668 2897
848 927
737 3191
5079 3636
5075 5238
1699 5575
3101 3239
6753 7057
6425 7138
2146 2314
862 921
4156 4362
3183 5126
4939 5174
6251 5680
5378 1970
6305 7062
920 1032
3268 3436
935 3404
7281 7643
7463 7752
2402 2562
6294 6536
3563 1424
4111 4353
6827 7372
1487 3873
6341 7068
5457 5714
2483 4781
200 206
2805 2996
7248 7527
5999 6231
351 17
6108 6352
3437 3660
1764 4132
3436 3572
4519 4769
336 464
3544 5359
1002 1107
3632 5433
1961 2109
5310 5566
1042 3570
1963 4320
6556 6810
7081 7131
3097 6058
6146 6922
3141 3280
5481 6538
1701 1855
3341 3532
1019 3511
5045 6227
6908 7198
945 1012
544 4935
1469 1574
2049 2217
5901 6131
7279 7689
4124 5757
3360 3554
1702 1856
1744 1893
1897 5677
3421 5258
4534 4660
983 1024
6302 6561
70 74
4002 2036
4125 5758
3200 699
1763 4139
561 282
5728 6017
1084 1160
2680 2875
6696 6992
5941 6169
6567 6830
3077 3182
649 742
2330 2472
5021 6164
4011 4251
5028 5242
4486 2652
6408 6672
444 374
2554 2809
7214 7605
4813 6053
3457 1119
6652 7258
5976 6222
7308 7606
2655 2901
5608 5872
6112 5491
5621 5880
5741 5994
1080 3564
76 59
2169 2330
1649 4034
2705 2911
1349 1411
4963 5090
2158 5813
4503 5974
4573 4746
2562 2820
666 686
6459 6024
3665 3859
3656 3881
440 416
1290 1267
3134 3238
727 800
4574 4747
3666 3919
7187 7471
1392 1519
495 180
6019 6835
3765 4001
3539 1381
931 3396
2386 2549
552 535
7363 7568
4106 4344
3480 3723
947 756
1782 5622
6138 6919
1003 3462
404 285
759 864
7364 7569
6748 6540
3485 5319
5543 6612
3985 4225
3950 4191
5055 6189
1288 1413
5685 5925
2945 3085
4629 4880
5711 4724
770 540
4340 2492
3753 5514
6209 5624
3616 5444
442 544
6859 5963
754 841
5666 6710
3754 5515
743 596
7466 7747
5083 5288
7253 7633
669 3206
2123 4414
1788 1927
1111 1154
1451 1562
3660 1558
4337 2471
6199 6454
2701 2923
162 218
2136 2288
4732 4907
2865 2936
3717 1612
2072 2201
5492 5787
4287 5868
1192 3646
1854 1988
3557 3767
4454 2612
4209 4447
81 57
6547 6808
7017 7308
3548 1399
4412 2600
5870 6075
6521 6763
6956 7259
3997 2033
4435 2592
4912 5154
5318 5579
5511 5776
6384 5875
5160 5350
516 4938
674 711
1310 1417
6111 6367
3036 3144
5727 4750
5251 3964
6584 6267
6840 7116
6037 6273
5196 6874
2688 4867
3587 3841
4559 4825
2163 2291
4788 6084
631 727
7385 7734
3858 1870
2397 2731
176 147
5903 6116
6987 7483
217 187
614 3110
3196 626
3186 4984
6357 7103
3159 3382
6226 6486
1772 4131
7194 7479
3591 5431
5193 5446
3849 4096
1432 1473
1531 1654
4213 4403
4471 4720
2303 2485
3197 3335
2086 2207
6003 6202
137 116
2635 2832
133 222
2030 2157
101 11
5710 4711
3013 276
4846 5048
3497 1300
1074 5322
1216 3705
5018 3501
2087 2208
5830 6056
688 3295
3060 3152
4384 4571
1129 1219
4834 5018
734 3294
2207 4497
2213 2358
936 3434
1942 2088
5357 5623
6045 7209
896 766
247 165
3817 1797
3114 4911
3633 5434
1037 929
1184 1123
1274 1404
1242 3687
1113 3587
3819 1826
1186 1282
5486 5743
1215 3662
1979 2129
236 280
6608 6857
3676 1522
961 753
5031 6214
5397 6495
1243 3688
5032 6176
4674 2962
4260 6613
2518 4742
7005 7302
4131 2178
2071 2204
197 84
7290 7577
2157 2338
6203 6458
4070 4303
1652 4025
3535 6289
999 1112
198 85
4202 2271
6078 6855
6328 6608
151 120
4632 6739
2609 4834
585 3140
150 70
2433 2743
2130 2261
5761 6735
3938 5636
6238 5659
900 3409
3915 1938
318 2990
1517 1643
1047 1014
3607 3817
749 615
6418 6677
1637 1790
3366 1021
1555 3983
3080 3244
610 3134
4942 6105
290 2969
817 834
5396 4220
2643 4870
1648 1805
5530 6598
7181 7468
3852 4097
4401 4653
709 3242
342 341
3375 5228
1606 1766
4772 4976
1165 1286
145 106
2217 4551
3431 3649
4799 4909
4049 5700
4885 5089
6849 7135
7112 7395
2565 2672
4481 4680
716 764
2516 4699
888 942
413 538
1252 5353
7185 7586
3387 3604
5743 6728
4314 5885
4151 5767
6374 5853
7352 7683
6095 6333
5292 5547
2182 4522
5819 6047
1225 1357
5178 5415
5744 6729
6629 7231
284 197
2389 4661
1091 1213
1923 4277
421 411
5303 5555
5109 5306
432 528
5166 5392
6369 7098
7280 7565
6794 7094
4242 4445
3599 3863
2504 2774
6402 7132
4104 4374
1196 1316
1466 1516
2084 2299
5724 5978
4090 2148
3875 4129
1802 1940
4880 6146
6586 6837
1140 3623
576 597
6143 6933
1303 1409
3330 3493
3794 4041
1424 1434
7007 7303
2013 2156
3575 3826
5452 5716
6785 7092
2003 2193
6558 6217
2214 4515
991 3613
6552 6816
6985 7287
1577 3982
6145 6387
4920 6128
5538 4443
341 289
4319 4527
3303 5097
2491 4806
5874 6111
5578 5840
1099 1204
418 402
2253 2433
4359 2524
6546 6813
2326 2486
5334 4091
5224 3917
1050 3561
1291 1259
3261 5031
3752 1706
2994 3185
3848 5593
713 829
5610 5871
4891 6045
5254 5513
2887 220
513 3014
3762 5532
2991 3131
6575 6840
2935 3039
6417 6678
6729 7311
6080 5409
491 519
6118 5498
3574 3784
907 3367
3168 3292
914 996
1388 1420
3109 3217
339 2940
4460 4627
7373 7656
1639 1800
6240 6496
1778 4141
7354 7682
6572 6242
1389 1421
5046 5240
1244 1214
5872 4971
2037 4376
3138 410
7339 7636
2197 4534
5399 5661
335 427
1473 3908
724 3459
1020 962
2033 2221
3791 4026
4864 5069
6793 7345
3627 6335
3532 1356
5648 5892
5327 5576
1262 1367
4377 5935
6144 6380
2464 2595
5754 6029
3223 785
6098 5457
659 738
1018 1095
273 266
323 270
644 3204
287 347
5845 4986
6173 6426
1321 3758
1526 1608
5954 6797
6607 6876
814 967
2266 2426
5824 4921
4217 5827
260 279
2338 4635
1498 1607
537 3276
4221 2346
4303 4511
2591 2704
5476 5735
3589 5421
1206 1143
1407 1428
6205 7280
1960 4319
2654 2893
6951 7250
393 263
6405 6660
1300 1408
6334 5791
1539 1680
1528 3949
1145 1218
3031 3199
3855 4093
794 910
5064 5273
5563 5874
6102 6356
6915 7207
1082 1215
4536 2718
4757 4930
687 721
1017 3512
3349 3520
5961 6186
312 214
3813 5563
6312 5777
2584 2813
5851 4998
1339 1352
5326 6437
3518 3771
4597 2824
5478 4333
1371 1464
5044 6172
3344 3517
6639 6912
156 79
138 20
6337 6601
3476 3737
5490 6566
712 782
3581 5386
5542 4465
2884 3041
3067 3184
4278 4547
2649 2861
6654 6926
1964 2127
1073 1185
4173 4395
6227 6489
955 804
1650 4033
5491 6567
2957 212
4267 4462
7313 7670
3129 624
4526 4764
4896 5042
3840 4088
7358 7687
5132 5378
1914 2055
7190 7475
6411 5906
3180 644
7239 7513
6064 7217
441 2955
2866 2979
1183 1297
739 887
1644 1804
6770 6562
5527 6597
2268 4517
790 593
6394 6666
5284 4007
937 969
3510 3746
3718 1630
4341 4554
6041 6285
6842 6680
3904 4148
420 345
1484 3870
4248 4441
6711 6512
745 3203
7157 6900
1471 3852
5139 5313
6368 5848
6183 5585
6746 7051
2102 2281
1176 1319
4825 4978
3046 3173
3561 1376
3986 4224
6271 6525
2403 4657
3504 3747
2327 4624
1005 3490
3974 4217
5148 6276
7129 7204
3481 1241
3328 3337
6134 6393
3255 5145
4789 3180
6909 6799
6416 6665
6421 5920
1758 1901
1708 1857
3340 3533
5119 6247
1059 1186
6088 6338
6001 6785
5751 2873
5176 5420
6680 6974
4410 2591
4737 3029
3093 3219
6930 7423
7472 7750
758 620
1718 1843
2685 2881
6540 6800
5116 6244
2926 3049
6699 6995
1499 3901
6773 7341
7134 7555
3100 5032
285 2931
59 46
1340 1351
4960 5156
6659 6398
2561 2683
4360 4556
4934 5179
2281 2455
4540 2722
6376 6634
6719 7014
1762 4140
512 3089
6580 7208
1805 1946
4175 2260
2351 2527
5861 6750
6700 6996
3111 4918
3320 5106
4961 5157
2540 2720
1105 5287
7061 7366
4060 4298
542 564
1554 3957
5112 3661
6743 7036
7169 7453
4055 5701
4598 4851
6038 6272
4962 6212
2607 4833
149 184
7118 7191
3171 687
6330 6591
5394 4214
1077 1155
731 874
2234 4559
4985 6114
1542 1639
5541 5792
3703 3936
4713 4927
3177 3400
6047 6288
2178 2418
340 2941
1118 1264
781 878
4582 2780
5841 6088
7297 7658
6646 6378
2121 2262
6757 6539
2325 2475
1475 1465
2605 2706
5949 6179
2068 5762
1520 1651
6239 6493
6204 6977
6109 6891
3257 5059
6672 6421
2339 2520
4317 2443
5400 5662
2134 4412
5093 5316
6348 7072
2287 2447
6140 6396
2479 2607
5634 7127
3218 724
6311 5759
717 862
1214 3778
6060 6848
3999 4237
7100 7390
7209 7491
2662 2865
2702 2916
5873 5005
1112 3579
696 825
2140 2283
4769 4933
2381 4656
570 666
6267 5697
6454 7146
7327 7514
804 3466
4531 5990
3298 3364
7029 7502
4138 4347
7262 7544
1357 3835
3290 848
3720 6362
2396 4696
1973 2143
5090 5213
4277 2392
3571 5389
5401 2025
1987 4317
6002 6234
3194 4973
2438 2715
5374 4188
3459 3706
6364 6643
4815 4908
1036 3659
4355 4548
1988 4318
3469 3690
2900 3045
6765 7334
3825 5567
3867 5598
2077 2243
1732 1852
3490 5335
5336 5589
545 3065
2936 3117
6216 6471
3582 3832
976 1092
6222 6476
6472 6740
4595 4847
600 621
973 5209
278 199
3027 4951
1033 1115
7441 7727
2258 2431
2512 4741
7265 7379
793 5060
5387 4206
4276 5867
4245 5836
1324 1450
967 3446
529 3115
2111 2308
2952 3143
399 488
4105 4336
7264 7534
1601 4017
5155 5393
1541 1666
5461 5732
3319 5111
725 870
4984 5199
2293 2470
2924 235
1138 3603
975 1097
5838 4946
4549 4718
1076 3567
2684 2887
6107 6365
6709 7300
1546 3981
5210 3871
5917 6132
2522 2726
366 430
5674 4641
4845 5049
2919 3027
4196 4386
3759 1717
6727 7310
7235 7627
6890 7156
6202 5616
2171 4508
887 1022
4027 4273
5404 5663
2920 3028
2143 2284
7110 7396
4034 2075
1578 1659
5439 6528
518 502
4560 2839
6071 6312
7200 7663
6647 6931
634 661
2010 2191
929 3449
3302 3464
6447 6718
4945 6120
4680 2942
7259 7542
1680 1834
2955 3071
1614 1759
2846 2927
904 3435
753 885
4778 4943
1711 4090
6187 5591
5539 5820
3746 3998
7167 7252
357 498
1944 2120
4887 5077
3494 5302
4378 4573
2318 2484
3325 3314
2890 3005
5321 5582
4299 4506
136 62
5294 6409
944 1011
411 95
118 77
2170 2347
2104 2295
6133 6379
2419 2627
6211 6463
2132 2287
5296 5557
41 43
1863 1998
4205 2360
3537 3800
1238 1260
3209 3444
6721 7016
3889 5619
1838 1980
881 806
2275 4589
3704 3938
2484 2604
4050 2107
286 332
5742 4814
3383 1055
2912 217
1595 1749
2166 2352
3075 4941
163 42
3033 378
4866 3176
144 3001
6962 7460
2598 2701
2613 4848
6164 5556
2663 2870
5627 2647
6358 6606
3542 1284
555 3121
477 537
2216 4552
229 140
4038 4284
2313 2491
1470 1590
4921 5130
3596 3836
5080 5300
4506 2725
5164 6284
7210 7492
2515 4700
3649 5488
2420 4745
6513 6749
3562 3803
3883 1900
4956 5186
83 128
4108 2176
6750 7054
5588 4538
1616 4038
6662 6945
2508 4776
1971 2111
6596 7210
1700 5581
455 493
1899 4253
3280 3468
3464 3702
6137 6918
869 3341
2981 3069
3065 2995
6881 7154
3377 3596
7109 7397
400 2934
5054 6188
3673 3927
3378 1066
3281 3469
3315 5119
3523 3684
1174 3651
2975 3092
3094 3246
4796 3124
5664 4634
792 872
6636 7239
3505 3750
1122 3626
2700 2922
2573 2716
871 3534
4259 4464
2001 2144
2069 2231
6050 6847
6166 6952
6864 7140
928 1063
5910 6117
2454 2597
214 112
6510 6103
3291 876
4216 4424
5665 6709
2532 2678
6653 7260
372 316
4032 4261
2180 4503
3775 3997
5299 6414
45 47
851 5131
4833 5003
4052 2106
602 623
1858 1995
3337 5121
3593 3843
3629 3906
2336 2538
4373 2539
643 3133
827 859
500 435
2055 2229
5907 6136
6622 6894
3249 3324
7473 7758
1022 959
3680 1582
7218 7609
5473 4329
4931 5140
2259 4576
1348 3772
763 3271
6942 7229
4184 2265
878 685
6562 7185
3519 3770
3199 700
4473 4638
4927 3331
5552 4471
207 96
2925 236
451 3013
6336 6573
6906 7187
7066 7350
3892 6459
1922 2063
6563 7186
5208 5458
3686 1594
7372 7657
889 3377
5989 6792
1294 3726
1352 1453
2131 4411
3517 3748
6858 6702
4402 4604
2285 2446
6730 7030
5183 5440
1932 2073
5871 4972
4470 4719
4225 5806
3484 5310
4028 4274
580 3149
3914 4156
3044 3136
183 237
3526 1349
195 97
1658 1810
2222 4555
5344 4111
4974 3461
4928 5164
7059 7352
2485 4775
2373 2535
5297 6402
1247 1353
5421 4262
1959 2102
651 784
3322 3538
1787 4151
6674 6958
5293 4015
5082 3647
588 3310
1116 3581
2494 2757
2079 2240
7400 7681
1109 3577
5619 6691
4163 4399
2153 2267
2334 4633
4388 4579
5597 5921
1362 1387
5669 4619
3558 1377
5262 5504
7300 7590
5352 6455
3078 3232
932 1071
1464 1571
57 39
3274 816
3984 2022
3079 3233
7377 7589
1994 2118
326 19
4819 5014
4093 4373
4581 6013
2452 2658
3890 4144
6065 6313
6763 7047
3854 4094
5381 4195
845 943
2128 2286
6894 7167
7004 7301
3064 330
5466 6531
6136 6928
1807 1951
1967 2123
6308 7335
7022 7316
5101 6229
1638 1793
5487 6560
6059 5368
5923 6155
1836 4186
4622 6040
4391 4617
182 117
4871 5096
895 3536
2058 2205
2511 4772
977 1099
2375 2667
3693 3883
3423 3531
5283 6935
6843 7375
3139 6060
3664 3886
3606 3816
4856 3195
3334 3410
6301 5740
1916 4264
3382 3592
2836 131
131 80
3873 1888
783 814
4193 5798
519 588
4026 5686
3798 1743
1411 1535
3243 3327
4994 5190
3779 4011
3292 3453
3623 5417
4215 4435
2546 4728
3721 3935
7315 7613
4747 4934
7184 7585
4514 4683
2371 5934
1115 1269
385 364
2631 4854
2080 2232
5811 6065
4247 4442
2659 4875
2886 2978
3994 4233
111 2946
252 318
7303 7498
2374 4645
1589 1699
3272 3485
806 882
3615 5416
4004 5673
3951 4192
1621 4016
2619 2786
514 3055
3098 3194
5877 6748
7334 7635
3307 3465
4293 2402
5118 3707
6500 6090
980 1087
3314 5071
6638 7241
2184 4526
3270 881
820 5125
4010 5678
4770 4932
1720 1863
4676 4891
3219 3365
2788 28
1088 1156
4469 5973
5738 6731
1794 1935
2503 2773
4335 2489
3333 3491
4274 5857
4222 4433
1054 1138
5856 6043
6609 7228
6194 7271
3670 1573
1395 1509
3116 4904
3175 702
7288 7578
1969 4327
2791 3011
3236 832
923 740
612 683
2092 4422
3329 3492
2834 2959
6372 6610
4369 4564
4281 4467
1322 3738
2519 4722
3795 1758
4324 2465
2012 2155
3198 3415
3294 5112
2429 2577
507 2982
5154 3756
517 485
4078 4338
5338 6443
6397 6655
2198 4500
5298 5541
2323 4583
675 3146
6627 6905
4843 3175
35 48
391 424
1337 1416
4092 5737
6229 6990
1237 1199
1879 5668
1917 4256
2241 2396
7086 7142
3235 809
1085 1222
7027 7321
6051 5363
417 401
1981 4323
1890 2030
2138 4408
5796 6742
2625 4836
6156 6954
3343 5137
3260 5030
6896 7173
381 264
5840 6089
1665 1815
474 415
4110 5753
4243 5814
5951 6135
6808 7122
4189 5796
2813 119
3578 5385
4545 4685
5346 4106
6289 7045
1620 1726
564 3042
7075 7532
1575 1704
5257 5494
6494 6072
7119 7197
2493 2632
3120 2983
5026 6779
3823 1822
828 945
5707 5956
2468 4789
7348 7679
448 384
3698 3942
5305 5559
5991 6220
2119 2323
5998 6178
832 5103
4343 2493
5238 5499
3286 3499
1892 4249
1248 1379
239 153
3373 888
3672 3926
1325 1435
2035 2163
2968 4905
3352 5214
2205 5841
1249 1380
6784 7083
7399 7678
5171 5414
7082 7133
114 44
3976 2009
1457 1507
4615 4873
4230 4436
1837 1969
5752 2841
5651 5900
1913 4271
3869 6450
1227 1366
6450 6722
1123 3598
4730 4895
2988 3084
893 790
3361 6182
4476 5976
3028 3163
6448 5952
6072 6319
892 3398
4971 5207
5172 3810
3546 1372
1806 1949
2961 2956
1152 3669
5437 5707
3137 4912
2618 4821
6976 7277
3156 3299
3069 3201
4624 4886
467 387
1965 2145
5368 6481
5147 5383
2409 2563
3215 689
6829 6656
6899 7171
7173 7459
2610 4835
5912 6124
6197 5605
6692 5627
7192 7591
4872 5098
4192 4381
693 762
6160 6405
1698 4072
4515 2782
5899 5028
3228 3392
3104 3243
2917 2999
157 94
7311 7668
7317 7615
2883 3040
2164 4499
5551 4470
5099 6239
6024 6819
5384 5648
3419 3635
1896 2042
6191 5602
1151 3757
4709 3051
4860 4910
4252 4449
7357 7686
4566 2768
5062 6187
813 840
3342 3558
1390 3831
7326 7626
6188 6966
5218 5476
5234 5495
5363 4157
1596 1734
2027 2245
6702 6503
2272 2434
4212 4438
4179 4410
6099 6886
7256 7539
419 344
4101 5750
4390 4574
1882 2034
2364 2531
501 514
5235 5496
626 610
5027 6163
5290 5549
1597 1735
5528 5807
3417 3484
1712 1853
2678 2891
6006 5260
4414 2593
6668 6956
5247 5520
6839 7111
1889 4232
3242 3423
7166 7253
5373 6484
6167 6428
5550 4482
1201 3653
807 937
5092 5332
6802 7079
3076 4913
5317 6430
3345 3456
4086 4314
6511 6108
796 655
5227 3916
1323 3739
3092 3218
3748 3979
1750 4105
4171 2250
3190 3349
6068 5394
4524 4757
2230 2384
6905 7178
6658 6397
177 172
3948 1967
4021 2058
4911 5159
3712 3900
1642 1796
1132 3586
3144 4968
1412 5428
3152 572
5869 6054
4908 6087
3205 3193
1867 4219
7301 7597
2891 174
6044 6279
3035 3150
6637 6913
6040 6253
6766 7061
7456 7722
4483 2650
846 830
7309 7602
4133 4358
4174 4425
4906 5136
2236 4563
4318 4529
6682 6449
407 393
3732 3966
4755 4957
4237 5784
5228 5486
6632 6911
4930 6094
738 3192
692 3224
1162 1279
4862 3254
3338 947
5215 3857
5975 6223
3385 5195
5390 5652
7382 7667
2444 4607
1282 3742
3312 3521
3050 3221
5992 5239
6254 5683
1992 2125
3936 4171
7329 7511
1090 1237
1933 2072
6803 6617
6749 7055
4204 5810
452 487
4233 4429
5117 6838
2005 4321
3538 1360
4898 5134
3777 1760
4733 4925
3390 1100
3486 1296
1957 4309
3310 3467
824 899
4937 5173
6258 5688
1719 4092
3256 5144
1564 3954
1429 1531
2544 4813
1958 2150
3545 5360
3998 4236
791 873
6557 6811
3885 1907
6266 5696
4062 4316
234 149
7237 7353
6062 6307
1820 1956
3467 5301
1785 1926
6105 7240
1745 1894
5566 4507
4406 5894
5309 6423
4066 2138
1261 1216
5598 5855
5510 5773
2352 2521
6403 5891
5549 5834
2388 2700
4147 2233
6764 7333
6952 7449
499 436
897 3352
1211 1309
5906 6137
2124 4390
4904 3262
943 3395
3770 1712
4119 5754
1121 3607
6774 7067
5259 6385
6224 6483
4816 4988
3429 5245
5435 5710
2101 4400
898 3353
6321 6603
4411 2601
6117 6371
3815 4064
5339 6447
661 3125
4190 4409
5622 5881
3511 1334
4692 3016
4195 2332
4334 2474
1663 4047
1189 1323
4869 6046
5470 5712
1689 1828
3391 3562
1004 1096
91 71
1921 2064
3143 3343
6241 6497
7371 7655
5827 6078
4045 4287
2951 3142
3356 5165
632 3389
2525 4762
4289 2393
2040 4377
5921 6152
4572 2764
5077 5298
5245 3945
2804 2967
6351 5825
4485 4658
1446 3854
7319 7617
6695 7289
2210 2379
2257 5878
415 510
2878 3038
7452 7713
3336 3361
5078 5299
543 635
6625 6880
852 3274
1945 2083
3306 925
5968 6801
6799 7070
1191 3633
5942 6203
3370 3553
747 849
7320 7504
6493 6073
2021 2151
4065 2130
1361 1469
5034 5234
3379 3629
5905 5007
3905 4150
850 965
5313 5564
5081 3648
784 893
5723 5977
1695 1847
7321 7505
19 41
1075 1145
4532 4785
1562 1650
2116 2242
4443 4625
337 463
2141 2370
5639 5888
4768 3026
5946 5185
5185 3840
119 31
1254 1294
6810 7086
3305 3498
2944 3116
3047 3174
4944 6119
7095 7389
1525 1611
751 656
2458 4734
3870 4104
1688 4055
1086 1058
4844 5033
56 40
1935 4296
7396 7631
5134 5364
1255 1295
1245 1359
5348 6453
2675 2890
4448 4740
4626 4888
3132 3273
1641 1764
2160 2341
4361 2516
3395 3621
3911 1930
6315 5774
7077 7128
5252 3965
1130 1171
2722 4
4203 2275
748 551
1612 1765
6036 6841
423 445
3475 3657
6031 6265
886 990
3767 1738
6043 6277
6548 7166
282 351
4441 4688
3727 3934
5718 4715
894 3537
1025 3527
906 3366
317 254
93 27
3534 3779
5854 6102
5916 6752
6948 6892
1685 1806
1015 5227
2669 2871
424 92
5996 5211
2432 2744
5735 6007
7224 7331
4310 4525
3749 6395
535 483
5532 4416
4922 5133
629 704
2970 179
6233 6492
5165 6287
3187 3304
6854 6695
5019 3502
3969 1994
2088 2209
4986 6115
6860 6704
3037 5020
7349 7639
4170 4394
3714 1623
4781 2939
3619 3849
235 168
3204 3344
7298 7659
254 166
1333 1443
2672 2879
5502 5785
6944 7233
605 664
3374 5229
6920 7203
4496 4640
1154 3708
1205 3677
1377 1483
3796 4035
6873 6733
4774 4958
6610 7220
2790 45
1843 1972
365 496
876 964
6811 6628
2524 2790
5498 6553
1760 1903
510 592
2948 248
1773 1917
5632 4585
671 698
4881 5094
1256 1153
5095 5296
2135 2320
1347 1459
7410 7699
5580 5835
2414 2587
3907 1928
990 1002
5589 5844
1828 4176
6772 7058
4850 6048
213 176
656 794
3512 5324
6686 6979
2118 4384
329 23
2278 4592
5375 4189
5175 6303
3608 1495
6798 7074
6528 7160
1731 1885
5545 4457
5762 6736
3359 989
3393 1059
2401 2687
1727 4113
6476 6044
6073 5382
5607 5864
601 622
2279 4593
7149 7227
4776 5000
5271 5518
468 570
6531 6156
521 3249
5758 2907
1296 3720
5798 4924
818 835
1137 3595
4122 2177
3863 1877
3652 5432
740 517
5244 6360
2407 2565
2269 2450
2356 2559
6836 7120
1479 1470
6807 7348
4141 2199
2858 49
1234 3710
6141 6917
3309 982
5149 6261
3613 5410
4169 5780
28 29
4332 4542
524 501
1236 3745
4516 2681
3081 494
3602 3862
1617 4037
2859 50
5823 6070
5935 5115
457 3099
5194 5449
6792 7089
3906 4152
3953 4194
3822 1823
1735 1868
1335 3763
3415 5268
3465 3728
2340 4632
4453 5979
4973 3460
433 529
1697 1848
5857 6086
3674 3846
5468 4339
5003 5142
438 3008
1532 3971
4736 4928
1435 1512
4518 4770
3631 3824
2596 2810
6000 6784
7322 7507
3745 5503
4409 2590
4200 6584
7026 7500
2604 2822
2896 4916
7106 7399
300 223
4387 4578
1825 1957
6937 7432
1016 1121
7216 7313
660 717
1235 1350
3258 5019
1320 3759
7407 7696
5746 5996
2215 4516
4579 6011
3166 3380
3444 5252
3983 2021
190 261
3805 4053
7408 7697
4943 3428
223 195
3949 5641
4623 2906
950 1042
7159 7444
622 715
2451 2657
5734 4828
766 836
1970 2124
1908 2067
296 409
496 631
5146 5384
2949 3106
3687 5459
6212 6469
2835 2943
4488 4729
4114 4341
5347 5603
1405 1523
1834 4185
3004 3139
757 900
1512 3899
3153 3111
4903 3263
5582 5845
577 657
6550 6794
5359 5621
5568 4519
1128 3616
6703 7293
6295 6533
5673 4663
3108 4919
4969 5169
4051 2108
435 2998
7070 7357
5354 5613
2248 2540
732 3210
2510 4771
6576 7195
1114 1230
4563 4840
7359 7564
4795 3170
5098 6240
193 63
503 381
3254 5027
4185 5794
3122 3228
1894 2037
3961 1990
3474 3639
3426 3545
5555 6619
2599 2702
5526 6575
6424 7137
866 985
1705 1845
1410 1534
66 127
2531 2719
3785 1736
1110 3576
5114 5281
1197 1338
4463 5981
3267 3307
2995 4906
5521 6570
6061 6851
5071 6200
5084 5314
1094 1141
248 333
4830 5041
733 768
1092 1187
4569 4853
2982 175
6049 5292
1381 3825
5431 5692
618 729
5876 6074
5325 4076
7341 7547
1799 1937
4311 6647
6914 7408
1467 1515
3903 1922
959 798
4208 5819
7014 7490
5801 6057
4926 6174
3313 5070
6121 6369
1226 1317
3902 6460
729 792
5701 5980
3973 4218
4848 5066
532 602
875 3329
3346 1025
3024 3162
5289 4021
2417 2625
3103 4900
5658 6706
1295 3809
123 1
4512 4777
5170 3785
86 76
2378 4580
953 1067
4929 5132
533 3057
1507 1626
490 3208
2901 300
2091 4421
5962 6206
4513 4778
2280 2457
5855 6127
3090 3171
5522 5790
1868 2007
551 521
2966 2993
2965 3128
4588 4812
6225 6482
2622 2849
7084 7141
1809 4164
1117 1163
4056 5705
7219 7610
240 170
3924 1947
2108 2272
6390 6630
2041 2216
2224 4553
2083 2198
482 2987
4995 6147
6979 7474
2377 2555
3731 3967
1028 5263
7204 7489
4527 4765
1031 939
5980 6776
6907 7189
7191 7476
5756 4872
4167 4393
6084 6864
5540 6607
7223 7501
5024 6151
3049 3222
6824 7112
4037 4282
4253 4450
1443 1511
2060 4351
3716 3931
3514 5344
4265 4495
5878 6747
2109 2339
5893 5057
6281 7041
7460 7742
3133 3286
676 5045
2314 2468
1553 1633
7362 7691
3628 6334
1401 3820
5629 4623
1571 1728
4987 5146
84 82
392 2976
2842 2984
3750 3996
3766 1725
1426 1554
1163 3610
299 215
6016 6245
288 346
483 83
3248 5053
3126 3266
4964 5175
5463 5717
970 3643
4012 4247
1567 3989
3216 703
2115 2296
2208 2407
6998 7002
1342 3822
6595 6846
7158 7438
4029 4258
6590 6843
3636 1540
7156 7573
362 2952
3082 533
2445 2746
2051 2183
2832 3030
5536 6589
968 853
5163 3802
2864 3090
2187 2343
7043 7515
2575 2823
7123 7413
3054 3165
363 2953
2656 2902
6986 7286
3622 5429
5341 6446
3958 5650
7124 7551
1101 1236
4420 4609
6066 6315
6015 6256
4970 5206
314 421
4183 2290
5867 6106
3774 1740
3042 451
4671 2964
960 833
3448 3683
2165 2351
6320 6604
3814 4065
4804 6101
5395 4215
3800 1794
6821 6646
4067 4304
5110 6248
3932 5633
884 3320
6446 5961
6223 6479
587 594
3604 3860
6004 6201
3845 1859
4063 4302
4915 6171
3321 5093
2641 2777
1815 4173
4523 2686
7172 7458
1657 1782
6196 5604
3935 4168
7260 7537
6288 6527
5376 5643
1040 3582
3227 3391
2415 2573
6965 7462
6345 6592
5815 6064
2600 4837
4218 4480
2585 4822
3284 3447
853 3497
2096 2302
2480 2608
1161 1256
1476 3907
7055 7518
1586 3972
4145 4402
3928 4165
2053 2203
5246 5510
4046 4290
2908 2970
5377 5644
3059 3151
673 749
1415 5438
5106 5275
842 928
5236 3933
7148 7425
5716 6023
2703 2917
99 137
3954 1985
2076 4389
4064 2131
6791 7088
6932 6863
3121 3202
4991 5217
5263 6377
1514 3915
6533 6791
1126 5289
5516 5768
5611 6684
4442 4626
6537 6768
3283 894
253 319
4544 4805
1540 3959
4836 5026
3555 3804
165 111
1706 1854
7147 7434
5579 4536
4053 4308
1776 1897
462 400
147 100
6086 5424
6501 6091
5144 6296
3833 5574
4993 6807
6618 6884
4150 2200
6796 7354
1141 1183
7163 7443
2235 2408
188 104
6841 7114
258 3080
1181 3667
6481 6745
90 21
6429 6681
609 4964
5091 5331
5085 5327
5590 5843
3828 1841
6333 5793
7175 7454
6777 7508
3962 5651
4968 5058
130 208
6731 7307
422 446
4578 6012
584 304
7220 7323
5086 5328
4257 5846
380 372
453 3259
2199 2409
1380 3793
780 5079
5189 6866
7197 7290
1592 1668
2185 2419
4333 4537
6904 7177
2818 2997
6900 7174
4618 2877
6744 7324
4224 4475
2309 2623
1615 1771
526 142
117 51
956 801
225 326
2867 3046
6192 5601
3540 3782
3515 6282
4610 4874
7030 7328
68 35
6745 7325
3118 3253
2964 3095
2682 2882
702 823
4048 4289
5192 3837
6332 6568
154 113
2586 2795
5008 5083
5133 5380
167 60
5936 6096
5140 6258
6093 6873
6536 6787
4913 3373
6428 5919
6282 7042
1888 2029
6713 7022
6035 5340
6640 6375
5279 5535
5915 6134
3960 1991
6079 6320
4084 6537
1551 1610
7369 7436
3229 3403
1336 3762
2658 2895
530 651
4722 4940
566 3103
3400 3590
3311 3494
2366 2691
6180 6964
6344 6595
3149 3270
2946 3086
4936 3414
449 256
769 480
5493 5748
2110 4426
4779 4944
2311 2467
5121 5351
1260 3700
6644 7246
6130 5521
7236 7519
7284 7571
210 78
5455 6542
6048 5293
1329 1308
3450 3675
7096 7391
2821 2972
397 472
5282 5545
5445 6534
6559 6815
3913 1931
4353 4570
619 611
5507 5795
525 3048
6771 7059
691 754
7103 7401
2057 2249
7250 7634
650 772
292 358
1864 1999
1259 1398
2568 2717
2933 3060
4423 2582
5544 4458
1023 1103
1239 1261
7205 7595
1839 1981
2276 4590
974 5208
7457 7721
6017 5278
5419 6515
1346 1449
5647 4602
1585 1731
1654 1772
1847 4198
6564 7180
256 181
509 192
7038 7332
4123 5763
4509 4808
3021 3137
7428 7720
942 3394
1436 1553
1120 3606
3836 1851
2679 2880
2039 2211
2611 4843
4494 4763
1640 4022
3461 1231
3245 5010
927 1031
402 154
6706 7298
7232 7339
6057 5320
5156 6294
6865 7148
5153 3781
5013 5086
6633 7442
2161 2350
5280 3992
3353 1016
7277 7640
3543 1285
7113 7394
4895 5043
230 141
3016 3070
6707 7299
410 438
1803 4163
5879 6764
4941 3412
2014 2187
3691 5471
7234 7510
3653 3882
4564 4839
2152 2322
5371 5640
5601 4546
683 3186
6335 6574
992 3600
4938 5172
4719 4898
6032 6278
473 3179
447 543
3816 4074
4323 2479
2142 2318
4528 2696
4040 4288
5417 4257
3963 4204
6853 6699
3644 5467
695 748
4157 5779
2828 67
3316 5120
6370 6642
431 398
178 86
4567 2769
2976 3093
1678 1830
617 681
3347 5149
1360 1468
5006 6194
1127 3605
4829 4990
1496 1605
3626 1481
443 3100
3331 3557
7394 7629
6589 6842
1139 3618
6669 6957
3726 5492
1659 1802
1859 1996
4683 4897
3358 5257
5708 5984
1131 1174
856 1006
358 469
1594 1693
3881 5611
4279 4489
3443 3696
251 324
5970 6215
6961 6949
700 734
2872 202
7174 7452
5604 4560
4263 5852
5692 5951
303 329
872 978
4487 4730
2054 2196
1536 1657
6415 6673
6995 7486
3646 5425
4580 6014
6026 6210
4152 6559
1874 4227
5169 5399
1408 1503
1918 2056
1431 1472
4619 2905
4172 5782
1569 3977
5717 4714
1911 2049
1024 3526
3147 4975
6285 6526
1572 3956
5503 5775
6449 6725
6925 6850
1014 5226
3617 3848
559 601
1423 1547
4033 5691
4590 6031
3520 1346
6269 6521
4720 3006
1627 1785
2693 4881
4295 4490
2552 4735
6381 6624
5056 5176
6375 7099
5561 5829
2969 178
5231 3929
3784 1737
7429 7735
5415 4259
6506 6758
986 3496
3136 4923
3713 1622
1221 3665
1383 1436
4379 4591
2506 2772
2288 2452
573 665
5416 4260
49 81
816 3323
2188 2336
135 54
6666 7263
6007 6232
7128 7409
1104 3574
146 110
6620 6879
4236 4434
1156 3631
2521 4796
704 733
6812 6631
6941 7430
7034 7503
1061 3560
265 302
4161 2241
2189 2337
1676 1831
406 337
1087 1057
1784 1924
1396 3796
4177 4446
6578 6827
987 995
3993 4234
3350 3542
1588 1700
5202 3850
5994 6778
4003 5674
1199 1344
6819 7370
6113 6361
3792 4036
261 2980
1006 3528
2307 2534
3799 4048
5382 4196
1865 2000
7413 7702
5973 6789
7409 7698
795 583
4479 4710
4424 2583
5159 5348
4041 2093
3427 5267
1866 2001
7266 7153
6761 7049
3058 460
4235 4505
1279 1397
1171 1253
5010 5223
836 3300
7023 7315
5319 1821
6174 5562
6846 6705
1488 1525
1726 4112
1634 1792
