2479 2415
4284 5654
4148 4147
3749 6185
1756 3901
3675 3708
3825 5328
5355 6240
6978 7266
1782 5388
196 239
399 486
3449 4980
7005 7291
1661 3840
4061 1999
3391 3406
771 4779
3641 3686
3254 5852
5542 4270
4962 6000
4088 4131
6284 5497
4508 4453
1792 1781
5611 6919
892 3127
3935 3975
582 4736
3250 3058
2494 4530
6211 5393
5370 5415
1130 1104
3113 512
6358 6383
631 705
1560 3738
2131 4221
555 2806
155 2743
1305 1228
4435 2404
5227 3736
6318 6347
3191 5856
2323 2388
5458 4106
698 824
3374 6001
4795 378
4992 5891
2031 5530
7120 7345
7427 7511
4314 5672
5266 5281
6033 6076
4162 2103
4804 5872
2160 2222
3290 806
3460 1201
6324 6380
5904 4878
7175 7068
7278 7353
6521 6557
2948 244
3544 5100
3575 3643
2102 2174
119 14
3101 3096
4289 2239
1969 4134
886 909
6152 6717
2812 2778
251 322
6601 6097
614 2761
6148 5312
5787 4691
4968 4798
3681 1502
6258 5465
5622 4393
5993 6554
289 155
3596 3645
770 2966
5292 5314
180 225
3122 3060
2834 2756
5703 5722
6942 7031
3429 5983
1700 6223
5352 6239
3091 3046
416 500
6369 6424
3422 4969
5925 6537
6481 5849
4209 4264
3691 5225
2481 5757
3280 813
6232 5426
6605 7233
6998 6789
4233 2202
4210 4265
3281 814
4229 4291
1502 1526
1847 5417
2243 2264
6210 5395
6636 7039
676 5867
1041 3368
1253 1067
6870 2707
1512 3671
5452 5500
4898 3181
5980 6967
2033 4160
4232 4322
3169 4715
2654 2708
7147 7236
4034 1962
2132 2168
145 84
6646 6174
3027 4726
2135 2199
5068 5014
6179 5350
1935 4091
6841 6901
6002 6019
1282 3549
3615 5153
3578 6080
3776 3824
4680 2760
3161 4734
5016 5868
3590 3634
5407 4044
1480 1379
3352 5984
3584 1256
5870 5844
1900 4048
3484 6034
1583 3788
3535 6647
5706 4494
6668 6732
6826 6893
4225 5583
3854 3908
6633 7240
3975 1895
4359 2339
878 454
3058 463
7301 7456
1226 3596
5707 4495
1337 1318
6934 7223
462 344
6745 7124
6796 7155
5981 5020
3994 1918
4027 4070
2273 2377
5920 5821
3906 1818
1020 787
7135 7346
4078 5494
7 20
6746 6841
6901 6593
1913 5460
4139 4139
600 573
3198 3278
2574 2619
1105 5009
1817 3983
6149 6700
660 670
3267 478
6281 7122
3817 3861
6866 6955
548 468
3646 5168
1912 4065
6137 6694
5476 5515
1022 783
5975 6012
4288 2250
3397 5021
334 386
4252 4255
4856 3023
5192 3658
4582 2531
3341 861
323 215
4055 5484
398 470
2896 4717
5649 4402
1834 5408
6536 6589
4179 4217
5504 5547
3450 3520
6329 6381
354 263
6707 7285
1234 3530
5044 6577
829 3039
7096 6961
945 933
5256 5296
5142 1215
6617 6125
3292 3299
5840 5858
1609 1666
3166 3263
7428 7512
3404 4981
5995 6580
7357 7509
1594 1574
5828 5854
5912 5897
6609 7030
7072 7326
5242 5285
3687 5206
5120 6616
2605 2457
6573 6982
4964 4953
5254 5275
2584 2604
6658 6192
3772 5303
562 2794
5001 5035
6510 5893
3752 1613
4844 4846
256 167
1839 3996
1244 1094
5077 3463
6293 6838
1167 1251
4991 5003
3883 3952
3896 1808
3857 5372
2029 2060
816 4863
3843 5334
4165 6355
260 279
559 562
3672 1480
1927 1942
2483 4619
2625 4632
5907 5931
6558 6009
4185 5585
3070 3082
6736 7117
588 564
4441 2518
5836 4765
474 358
5808 5846
5099 5998
6098 5231
5456 5501
615 2776
989 4945
1232 1140
3695 5204
2389 4484
943 4874
6771 6846
6799 6388
3338 881
1211 1244
5058 3459
917 4858
3384 1038
6446 5721
4182 5588
2210 4278
5128 3563
5857 4748
5950 5968
6670 6224
1238 1154
169 15
4134 2065
2069 2115
7307 7389
2643 5809
7082 6923
5167 5187
5563 6421
846 765
3763 5320
4970 4995
2050 2100
5943 3283
5871 4760
1471 5196
5715 5804
1007 1034
6012 6610
2025 2052
7362 7513
566 2766
97 47
6108 6142
847 766
6083 7025
4304 2277
1349 1301
6299 6336
1561 3764
408 416
5350 5378
2403 5691
5083 5062
2980 2917
3274 781
2969 157
3582 3650
5528 5581
414 148
4133 4157
619 555
59 68
1478 1487
6666 7080
70 83
5447 5485
5861 5819
4384 2347
1158 1173
3257 4788
2153 2139
3105 3174
1807 1840
5909 5903
1922 1939
2080 2113
2586 2588
831 924
1444 1485
7034 7305
4563 4634
1808 1841
1036 3500
3478 6038
4681 2853
1174 5068
5690 4459
6434 5681
1118 1209
1247 1275
1657 1646
1989 4143
3873 1772
6907 6993
3502 3585
694 4714
457 2838
3635 1458
5170 3616
1868 1891
4470 4523
4904 489
946 975
433 514
4886 3022
2957 220
3804 1671
409 563
1563 1586
762 761
4713 4738
4855 4826
6191 5385
3958 6274
5473 4118
2831 2789
6616 6124
3228 3242
5921 5942
5487 6356
6188 7086
1256 3458
733 702
6909 6590
6016 6029
3175 687
518 429
6552 5989
3623 5162
4503 5750
4947 3234
2065 2112
923 3111
3458 3551
5004 3343
2884 2847
3564 5093
767 852
2124 4190
6695 7101
970 3503
6704 6298
1788 1817
146 90
4429 5762
7011 7383
4748 2883
2842 2782
3320 5896
3894 3958
3507 1273
3319 4816
3627 6106
5201 3676
5031 6611
7032 7125
3699 1495
4104 5532
3262 3307
3939 5406
3655 1464
6045 7217
3141 543
4156 2102
259 276
3974 4030
7172 7251
2070 4153
4922 4928
1245 1286
620 3216
3698 1521
6883 6962
7252 7333
1095 4996
5651 5663
3345 3279
2012 2050
239 114
3867 5357
3387 3464
69 197
4337 2307
2604 2603
6664 6713
2999 2943
3490 6052
7242 7145
1615 1663
2374 4464
5076 3472
393 160
5682 4451
6627 6146
572 528
6501 5864
2198 4311
4334 2312
4622 5811
2396 4541
3592 1364
1949 4098
1489 1510
998 1023
4221 2224
930 3067
5513 5554
7243 7412
4081 2029
4388 4385
4403 2370
4908 5816
5729 5790
3446 5979
6838 6442
3048 448
443 2856
4208 5603
7212 7294
2505 2565
3194 4709
3272 3363
3425 4958
2433 2557
2092 4249
6839 6443
5092 5108
5999 6020
3467 5039
2289 2309
2825 165
5442 6320
6988 6771
434 319
3014 2950
1701 1736
4802 2961
3591 3633
4921 4922
4818 4804
1761 1763
5108 5102
6766 6851
922 916
5648 4412
4468 2422
5410 6790
776 891
2600 4648
1994 2001
1620 3803
3189 583
3479 6030
4453 5765
150 44
7322 7306
884 3017
3957 4014
3269 4797
1294 5112
3074 3010
7054 7314
4491 2442
3674 3631
1339 1225
790 388
4559 4627
5558 4281
7298 7490
4170 4196
4783 4814
907 4866
4275 4267
1911 1930
4871 4930
3159 721
7020 7297
4340 4356
5354 5386
5348 6237
3246 4831
5185 3670
7407 7485
6987 7277
6068 5176
936 3162
7230 7461
2156 2232
247 2870
6547 6608
1278 1320
5669 4421
4603 4663
7248 7329
2659 4664
580 2843
5115 5025
5485 4158
2309 2470
1876 1900
718 838
312 180
3240 4782
2045 2058
1203 3504
4509 4610
5377 5419
2171 4339
3808 3885
1025 3293
5047 5016
6126 5280
6572 6634
4494 4571
1175 1243
3011 3062
7117 6997
5465 5512
753 854
7373 7448
3052 425
3050 475
669 2925
3607 3601
6721 6802
6262 6308
4983 4983
1123 3372
785 845
502 548
5005 3344
783 767
7282 7237
3565 5094
345 236
987 846
3285 2901
4933 4937
4830 3079
4219 5617
3730 1587
6072 6103
1525 3749
5903 5889
3871 3944
769 2907
1654 1633
2055 4161
1614 1651
3726 5240
2870 2833
2125 4226
2469 2544
521 460
3472 3568
877 455
787 877
1274 1329
6603 6668
3055 509
3570 6652
1475 3640
7377 7375
630 2903
2664 4660
6056 5080
3526 1288
5002 5034
2056 2117
5901 4837
6153 6194
4125 6346
4796 2944
2533 4439
3342 3421
7107 7201
147 77
6370 6425
1861 4016
5752 2594
975 1040
7400 7475
5750 6534
7004 7290
3757 1625
6118 5272
7083 7190
6024 6996
6865 6956
6846 4540
314 437
2996 2964
3727 3729
4171 2127
5368 6267
5112 3501
1183 1246
6963 7260
1658 1702
3362 5917
12 3
5830 5828
3340 862
5573 6454
2068 5557
6784 6879
3638 3687
996 802
5730 5793
6234 6779
7293 7256
2631 2673
732 4754
5366 5411
5968 6597
7216 7112
3355 3147
5358 3959
4903 490
2836 169
209 259
3920 3969
1712 3903
6334 5570
446 438
5990 4989
6708 6299
4900 5832
6720 6805
310 209
3204 3196
5670 5679
871 866
118 64
3437 3496
1291 3535
5989 6579
7281 7433
3402 5033
2383 4461
6519 6556
1107 3365
1596 1631
2480 2414
6556 6607
596 2772
5760 6533
7324 7406
3289 805
6227 5422
91 72
1802 1803
3426 3316
3792 1673
1435 1405
4580 5797
107 22
255 168
5994 6965
250 321
6086 5209
3441 5992
3035 2951
2510 5754
2152 2191
159 298
1113 3349
80 63
6267 5479
2872 272
5544 2228
5189 6658
1984 2025
3434 3418
4958 4973
4262 4254
5094 5097
2143 2161
3031 3047
5545 2229
6233 5429
2327 4467
5382 4011
1323 3522
5536 6379
4564 4633
1015 4957
5332 5371
6669 6211
2899 2891
3665 3657
4505 2434
2674 2684
2073 4125
5003 3105
231 132
2979 2878
444 315
685 502
2002 2018
2334 4479
6863 6954
4755 4761
3081 3092
3722 1524
6190 6235
6128 5282
1987 4108
2475 4539
225 332
1938 1963
5293 3845
956 3186
505 461
1639 1691
5500 6340
1587 3760
4159 4207
5938 6549
5243 6129
1182 1200
2693 5810
6065 6099
913 903
3762 5289
5815 5845
6197 3935
5864 5815
2361 2353
2981 2869
4015 5456
517 408
3795 1647
4473 4442
4107 5537
5406 6293
3453 3490
935 4885
2319 2489
6965 7255
896 3170
748 2996
5090 5959
2706 2
3060 2940
4454 2412
4720 2815
5674 4440
3991 6286
4167 4195
1689 1709
918 3166
734 3078
5122 3569
4002 1924
2186 5624
2059 2120
621 3215
317 203
5568 4315
6090 5218
5387 1879
5163 3628
3673 1481
6999 6788
2613 4643
5152 1294
1824 3991
1259 1326
3916 1832
2119 4229
2185 4320
6862 6486
1352 1373
1815 3981
4939 4964
906 4867
643 2765
4927 3184
2197 4363
6224 6269
6150 6727
4612 2683
5027 6575
262 120
5226 5237
7053 6864
6164 3857
7126 7218
2856 164
2348 4492
5028 5024
6316 5549
141 190
6864 6493
1380 3578
2677 2652
7127 7219
5371 5416
4974 3336
7445 7538
7130 7348
4071 4132
4398 6926
944 932
775 757
5725 5795
3932 6252
786 785
2407 2374
5045 6015
6180 6739
3605 5146
7205 7455
4213 4191
6808 7160
7200 7453
6453 6950
3168 3151
6319 6856
4722 4753
269 2931
266 379
3132 3137
3140 544
4816 4781
5194 5220
3021 267
4858 3034
4825 4767
7150 7228
1157 1147
3019 371
3890 3957
178 57
4215 4236
1497 1511
4863 4840
4876 5887
5267 6154
6173 6209
2058 2093
272 204
1533 1549
6400 5652
7035 7130
3882 3951
3876 3948
751 538
3828 1726
897 3052
4665 4701
1484 3656
7185 7450
2020 4163
5263 6156
5934 5945
6302 6353
3503 5090
1612 1660
352 277
3283 856
5556 6412
5713 4489
88 73
5996 4987
7380 7381
6280 6312
4626 4677
5666 6507
1017 3285
5165 6645
1420 3609
5593 4347
2804 2783
5218 5249
4242 4240
2134 4222
6340 5578
1638 1685
2460 4528
3431 3489
284 174
6972 6744
1524 1569
1997 2017
3768 3807
1440 1471
2352 2336
7308 7393
1436 1469
422 420
4299 2265
1055 1124
916 4857
5193 3661
5297 6709
4674 2800
4311 6444
3563 1348
4846 3091
1514 5227
423 421
2220 2225
5312 5323
2945 218
133 291
6010 6609
4084 6331
5917 4822
3550 1298
730 837
5714 5803
4143 5559
7228 7403
2283 5674
6105 7046
1961 1995
657 474
1366 5138
6562 6979
3644 5228
5078 3462
3044 2926
381 166
958 978
6750 6836
3209 788
142 242
857 4860
6563 6980
3574 3598
895 3377
2987 171
688 3103
3296 4825
4543 4629
547 2811
2657 2703
3210 789
4995 5878
1129 1168
3154 4696
5945 4929
4573 2541
2866 2762
625 2750
1473 3718
1814 3974
3619 3667
6381 5634
5084 5092
4574 2542
2891 207
121 19
6960 7072
4079 2019
7131 7425
3494 6021
2699 4673
3645 5213
3477 6037
4599 4662
3836 1737
2164 4330
6653 7074
2976 2900
5245 3776
3747 3790
4778 4741
4007 4045
837 878
6494 5860
6328 6873
793 5862
5089 6606
6639 6699
3162 3164
6739 6811
2136 2165
6043 5098
1485 1414
4008 4046
2956 2881
406 280
1883 1914
1152 3467
1971 1998
722 2977
6683 6236
6741 6821
3465 3576
5754 5808
2535 4608
4737 2841
5617 4374
7376 7525
6251 5455
1659 1683
3227 3241
6701 6787
6051 3562
2126 4252
5357 3961
2424 2387
1513 3682
4768 2799
5392 5434
4955 3247
3082 517
5501 5522
2662 2643
2157 2223
7315 7402
5827 4752
4074 5507
6271 6316
4936 3277
1768 3909
2883 2846
6466 2688
716 719
6221 5412
35 86
1536 1565
5310 5342
5594 2317
2722 31
4339 6469
6257 5463
5518 5573
7452 7504
2551 4576
6390 5643
261 2735
2259 4414
2575 2613
2430 2514
1528 3755
5454 6338
7351 7476
636 2753
6920 6999
7008 6797
6115 3740
235 153
176 140
1992 2007
6308 7135
4190 2185
7247 7149
5338 6222
3196 572
4377 6484
5462 5502
5271 6163
4000 1923
2236 4400
5874 5902
5018 3375
6621 6684
5149 6023
6192 5384
4450 2417
6199 6241
4862 3139
6586 7006
6991 7380
4617 4659
6893 6570
6054 5122
4976 5869
876 882
851 4824
5364 5400
6407 5664
577 624
3182 3270
5914 5894
6662 6718
1959 4087
5550 4280
3696 5205
5241 3774
6160 6184
4260 6401
1176 1271
7371 7447
954 3135
3294 4834
7310 7395
4832 4763
3537 1311
3010 350
729 758
6436 6468
4452 4513
4926 5953
926 3194
3094 3113
2182 4357
2091 4248
3964 1883
5604 4362
6506 5859
5986 6567
3042 451
5091 5107
1010 1016
4205 4272
6463 6496
6091 6100
1841 1859
1472 5197
3549 6059
6625 7041
1068 901
3400 3441
2977 3018
2248 2401
301 182
3017 363
2585 4638
1771 1799
7022 7116
4577 2539
3368 4921
5182 3659
6147 6698
937 858
7255 7336
5351 5379
3134 3072
5262 5260
3381 3454
1970 2010
3532 1295
5632 2379
2147 2189
4222 2218
3755 3829
1979 4095
1353 3548
817 776
4859 3042
3153 2798
5048 4898
3593 1363
7279 7479
3689 5226
3328 3077
6009 6016
3409 5027
5233 6134
6151 6703
1600 1649
3720 6137
3464 3550
6225 6268
3054 2975
5253 3786
4771 2948
195 56
6537 6562
3364 3393
154 91
4177 4275
7259 7186
2222 4394
1024 3292
5100 5106
5046 5015
7113 7196
2565 4436
5929 4924
3064 266
3212 3249
2256 2254
6252 6799
4019 4056
3523 3470
6261 6307
4733 4731
3950 1869
784 844
2128 2171
3545 5101
4512 4569
5075 4998
3046 3004
2903 183
820 4833
1138 3364
5984 6981
6786 6888
6419 6945
5527 6860
4513 4570
1672 3888
5941 5950
5412 6795
5526 6363
1699 5336
3358 5028
3423 4979
1340 1220
3459 1159
89 226
6088 6127
5704 5723
2013 2047
5521 6359
4070 2008
3300 3407
1464 1479
5850 4799
5584 6455
6737 7298
297 284
389 317
3560 1335
6158 6199
579 3257
2901 333
3388 5932
5181 5211
5123 5081
5296 3858
7106 7200
6961 6200
1262 1282
7288 7249
2570 4553
826 399
5065 6584
395 283
7134 7347
6019 6625
1283 1183
5082 1070
6905 6988
6637 6161
1042 3369
5249 3778
313 436
6931 7032
865 833
863 341
2397 4543
6933 7015
3798 1615
629 675
740 2968
3694 1501
845 889
6007 6627
6443 5720
2019 2123
4085 6329
4489 2453
6783 6878
2418 4469
4833 4785
2016 2038
6008 6628
6382 5626
4254 4231
6640 6168
1084 1123
3761 6157
1759 3942
3394 984
3971 4022
5773 4702
1162 3588
6976 6754
5276 5313
1644 1697
4297 5661
421 375
4420 4417
3917 3977
5958 4971
1237 1084
4033 5471
4676 4686
1567 3799
3983 1901
3709 3771
1361 1392
6029 6602
4056 6313
3897 1802
6423 6946
6546 5990
3708 5232
3781 3854
832 4802
5928 5937
9 42
5239 3753
1054 1082
7294 7486
963 1050
271 205
5299 6723
38 46
5052 5973
306 217
5705 4498
3622 6107
1995 5511
587 539
4459 4590
5326 6213
977 1043
6266 5478
4094 2076
6858 6479
2622 2648
3933 5409
2039 2104
3438 5993
5093 5096
2271 5673
5022 5910
7379 7382
1286 1285
5855 4855
3329 823
6365 6429
3914 3962
1663 3848
5169 5182
668 653
4067 2015
7070 6898
283 175
5616 6927
2558 4573
1290 1120
1608 1636
5885 4786
7180 7369
7203 7104
3286 3381
1455 1483
594 699
990 870
3407 3436
3412 1111
3190 621
4545 2482
7359 7357
1413 1369
5965 3276
4725 2810
1537 5244
3823 1712
6908 7000
7317 7400
4629 4672
4142 5560
3307 3318
7055 7312
2499 2546
1414 5180
4864 4904
3904 3964
1184 3445
4985 6547
5258 6170
3501 5050
4374 2355
5404 4041
3884 1795
1842 1862
5745 4587
6749 6837
1156 3419
2485 4613
6857 6958
4283 5651
894 3378
6897 6972
920 970
6089 5214
2656 2704
1381 3611
5736 5783
7290 7365
3145 3158
510 569
3863 1758
5315 3874
2521 4605
218 221
5188 3648
6854 6473
7337 7163
5111 6615
5177 6079
3741 3805
6034 6633
5113 5976
5915 5907
6141 7066
692 2963
6690 6767
3818 5327
2611 4644
1732 3893
241 177
2043 5536
1160 1176
7394 7413
6013 6624
1762 3955
473 2973
3915 1831
955 3206
3652 5171
887 973
6544 5971
1212 1245
7118 7215
3324 5913
1005 3254
5976 6011
3540 3608
6063 6092
1092 1150
4881 4918
3053 3025
5957 4893
7194 7276
1621 3817
4440 4405
4090 2035
6241 5444
4463 6512
109 53
6791 6887
882 896
3940 1855
7119 7216
2017 2039
997 3359
914 902
2072 2082
2477 4518
1379 3577
273 234
3313 5861
5180 6070
3938 6260
3133 3161
4973 3335
4954 4948
5043 3414
6018 5063
1214 3605
413 525
2661 2644
2340 5696
4866 2990
103 65
1671 1714
6778 6361
5399 5438
3268 725
4692 2854
4026 5467
2113 2184
3966 4021
5608 4378
2702 2718
7039 7405
6422 5660
3831 3867
7159 7058
3968 5427
4141 2078
6015 5066
1965 4102
5448 5486
5656 4416
6949 7059
4132 4128
3335 3408
2703 2719
539 480
2285 2290
737 2827
1730 1764
5525 4211
4231 4307
5602 6471
7375 7493
4293 2247
738 2828
3495 5053
7256 7335
440 374
2546 2550
5372 6263
6367 6423
6028 6995
695 701
388 154
667 647
6120 3761
1097 1190
4318 4340
6104 3716
1810 3973
1495 3694
5858 4813
2814 147
6203 6244
6430 5677
2394 5738
3239 5840
2366 2513
1470 1507
1403 5164
2933 2859
1325 1353
3455 1138
2037 4189
3004 294
6969 6737
485 370
5390 4023
5665 6506
3318 797
4753 4720
4401 4460
5507 6365
689 650
3115 606
4475 4607
3624 5163
2377 2358
4831 4764
4369 2342
1117 1102
4709 188
5008 5882
5064 5057
3765 1618
5402 4038
4080 2030
5160 5075
3347 5914
3929 6253
6644 7054
7284 7440
7019 7385
2096 2198
7164 7245
1127 3382
330 304
2432 2558
4873 4894
3930 6254
6363 6891
437 524
7368 7484
3936 3993
429 498
6011 5040
2791 119
3799 3866
7393 7467
6680 6751
3482 5038
7036 7404
644 4769
860 910
4263 5637
3985 1907
5580 5606
7338 7164
3664 3699
4048 1985
1806 3971
4153 4237
4534 4446
602 577
4848 4905
1749 1786
1101 1194
2373 2346
2602 4585
4758 4718
4344 2318
6828 6906
3653 3701
7181 7264
7189 7268
1551 3727
2603 4586
4065 2014
7140 7224
4613 4656
1507 1531
3357 4926
5422 4066
5711 4491
2487 4526
2832 2865
6064 7020
4255 6394
2458 4552
3461 1195
4360 2328
5164 6049
3447 5980
6699 6782
3475 3453
6204 6755
6134 6188
2003 4156
6242 6290
1297 3534
3138 329
6700 6783
6274 6318
5034 5006
6135 6189
3234 3125
2438 2515
7215 7392
5739 6528
3833 6221
4616 2691
3277 4774
3557 3582
6574 6638
6550 6587
5124 5130
105 24
4478 2423
3606 3602
386 372
5400 5439
1109 5002
834 917
3092 3063
3023 457
4072 4133
3028 2991
5796 4705
1075 1097
4367 5714
2556 2461
3628 6105
1640 3816
6660 6197
2083 2077
1954 1989
649 707
7157 6689
6676 6738
6059 5134
924 843
5539 5595
2563 4593
4296 4287
4517 2439
4052 1990
3215 620
6819 7172
3302 3319
5667 4434
5569 6899
1322 3521
5431 5473
839 953
1719 3899
1066 3334
7334 7419
3911 1823
4047 1988
1897 5450
3098 3007
4365 4371
2268 4313
5079 3497
4911 4960
6804 6868
4982 3301
3489 1262
2184 5623
6236 5431
5873 4794
6030 4986
1991 2006
6026 5949
5388 4020
6165 6179
3846 1715
5910 5884
190 281
5081 1071
1541 1583
101 4
1334 1358
4113 4124
1141 1117
3581 5120
224 331
5502 5571
821 796
1395 1423
4098 4113
6777 7310
2912 249
3275 724
7370 7443
2515 4503
2790 60
3416 1114
1032 831
4519 4566
1172 1191
2174 4296
4099 4114
1574 1500
5280 1579
3679 1492
1003 3185
4984 4984
3015 373
5303 3852
3732 3783
1341 1268
3427 5000
2428 2389
5356 6757
509 28
356 2914
7187 7092
361 2947
1369 3615
1126 5010
5918 5829
6159 6183
584 88
4836 3038
4100 5521
3428 5970
1728 3923
3100 4819
7223 7299
2949 2937
4038 1972
7320 7302
6073 5144
3943 3998
1772 3913
5854 5875
3631 5174
3310 3321
5455 6337
1852 4005
1760 1793
6855 6472
5383 6775
5445 6330
4295 2246
3901 3968
1562 1529
1367 5139
3949 5414
2276 4426
6545 5996
7148 7227
1088 1113
5574 6903
4885 4909
3712 3692
1794 1828
4791 4792
4523 2443
6117 5264
5932 5923
1229 5104
3476 3580
2140 2160
6144 6158
5428 5470
5359 5392
4662 2749
2338 5702
4649 4711
5110 6010
570 643
6412 6441
2658 4666
3309 3426
2473 5734
418 367
1122 3427
2862 163
4319 2301
3816 3894
1000 1069
6531 5947
3522 3435
1163 3350
3395 3481
6156 7083
6339 5580
2014 2083
4181 5587
2022 2064
5449 6317
593 700
3862 5365
3024 2980
1080 3327
4522 2455
3515 6056
5716 5801
3471 1231
1973 2028
6143 6708
3417 3226
3887 1792
2282 2300
6032 6075
4009 4047
5497 6362
6711 6301
3822 1713
4160 2180
641 742
1575 1600
6040 6630
1988 2045
4732 4712
5522 5569
5541 5566
1597 1632
3211 3248
628 584
6913 7206
7209 7293
1321 5126
581 4727
3379 1044
4223 6384
2675 2697
4292 5656
234 106
7456 7517
761 745
3180 600
862 836
5393 5435
929 611
1579 1518
4877 4829
5590 5612
3142 570
7326 7407
4119 5543
3746 1605
2010 4154
683 2877
5570 6900
3813 6215
758 483
6948 5195
6995 7278
2536 4595
2387 2361
2224 4386
5131 5140
1754 1788
2737 29
7224 6845
7015 7113
2900 2844
5598 5621
2024 2087
5970 6006
1119 1208
4040 4085
1571 1641
2512 4547
232 133
6600 6671
4103 6335
6312 5546
6039 5114
3534 1277
5257 5239
2234 5645
2332 2313
528 2779
7272 7349
1643 1687
3473 5041
864 851
165 82
2454 2409
6332 6351
6025 6998
5658 6501
7263 7169
4404 4399
4424 2392
6712 6793
7313 7460
2630 2669
662 734
3951 1868
3006 4791
1778 3936
183 278
3893 1794
3961 1876
2388 2516
2864 2953
3026 2906
3383 1003
3187 3159
4361 2335
622 696
1018 1017
2301 5686
5353 5373
6066 5161
4333 2319
7220 7118
994 3502
2205 5629
6755 6833
4946 4944
6368 5616
7358 7510
6685 6245
7221 7119
3922 6249
2904 2920
1499 3693
3424 5056
2100 2203
5982 6008
5023 6559
5962 5988
4901 4848
327 228
4044 5482
4303 2281
1009 3220
7382 7502
3344 3355
5685 4449
223 201
7136 7351
4688 4706
5006 5960
6270 6323
2921 210
2201 2245
5183 5215
7232 7137
7396 7415
6050 6643
2936 297
3986 1906
1492 1503
5419 6302
2867 144
4736 2829
721 835
1532 3791
28 61
4943 3290
328 253
5551 4271
4123 5558
6428 5676
3533 1296
6686 6765
5992 5030
254 131
3849 3914
1892 5446
3462 1192
3870 3905
6410 5665
5295 6191
1555 3794
5196 7027
4202 2143
4615 4657
3948 1860
2668 2700
2955 2880
4490 2452
5021 5909
2041 2111
4108 2067
6432 5684
4390 4382
3235 798
6078 7012
4705 2866
4604 2585
3110 3117
5172 3641
4324 2310
1586 3754
6060 6641
2115 2178
1944 4093
974 4939
6691 7273
5069 6005
1094 3510
4488 4515
4358 2332
6095 6120
5318 3890
5039 6573
7319 7464
1799 1822
3602 3691
7085 7338
4948 4978
971 640
5924 5954
4910 3250
1479 3637
5461 5514
1411 1451
6454 6951
2911 2819
1208 3495
3468 5044
6111 5256
1923 5464
292 364
4966 4728
3317 3056
4172 5567
4041 1975
3774 1653
2781 2822
4893 5929
5415 1952
666 614
4975 4844
3144 5830
6744 7121
6075 6639
6813 6407
2525 4581
3487 3566
4579 5798
898 3053
452 453
524 423
2423 2396
3794 3865
3771 1657
1189 1269
616 627
1557 1592
6973 7261
6509 5900
2108 2159
1221 3434
5851 4800
6569 6022
2851 2737
3312 3394
2562 2611
6112 5266
2298 4428
6102 6148
942 4873
7102 7203
3419 3478
5133 5150
7043 7318
2813 150
1467 1398
4163 4203
3589 5191
609 4692
746 541
7473 7554
1975 4101
3497 1252
1874 4033
6568 6629
1432 1355
4352 5694
7257 7182
1348 3554
1140 5048
7318 7399
3892 6246
1652 3823
1207 5055
4915 4936
3905 3963
2545 4565
530 644
1050 6013
5379 5424
814 923
1714 5344
6356 6405
5378 1864
4917 4912
6452 6523
6629 7238
1383 1328
2294 2295
4918 4913
2988 172
1598 1659
3199 659
6311 5531
3321 5873
6899 6968
2141 2263
6124 6160
7472 7549
2609 5771
4093 4188
6058 5137
6282 6827
3456 6007
1750 5361
1630 1675
1763 3954
610 2791
5496 4159
1483 1497
3071 2979
741 305
1372 3567
744 2842
6632 6153
1882 4040
2149 2169
442 516
281 313
1605 1652
5886 4853
6092 6115
5385 4018
1132 3341
795 376
489 2757
3123 400
968 3246
3706 1508
4779 4742
4793 2919
188 62
838 879
711 669
6474 5822
6426 6933
6228 6773
3660 1476
1738 3895
5013 5880
725 847
2924 260
4237 5550
3688 3678
311 176
6497 6550
2932 2858
2700 4675
7199 7279
296 426
4214 5610
4776 4808
5511 5548
2964 2915
6237 6281
5879 6568
3697 5210
2887 274
1011 1057
5017 3326
2355 4504
5722 2535
501 456
1422 1426
598 2769
6980 7097
5588 4348
4747 4744
5394 4031
5285 1617
900 3136
1319 1356
2560 4582
903 3048
6085 5200
5532 4210
7363 7362
4345 5693
3960 1877
2919 2805
3907 1812
3273 4943
7163 7244
2228 2384
2371 5727
5101 5986
6222 5413
650 759
1588 3811
3555 3626
1703 5340
2011 4149
3778 3851
4043 1977
3171 664
3773 3820
4526 4555
3311 3357
4466 2419
3556 3627
6598 7022
4482 4572
4986 6548
3498 3570
2275 4427
4527 4556
712 741
1744 1777
6589 6636
4046 1984
2690 2690
3559 1334
5087 5109
3923 6258
6037 6067
1863 1885
4597 2566
396 368
2963 2849
6264 5472
217 194
6967 7259
5893 4902
6405 6433
1106 1198
5341 6227
3669 3724
1864 1886
3086 579
4938 4961
2520 4525
5019 3376
7399 7472
3571 6088
2929 2897
806 829
5937 6563
6696 6278
1957 5487
140 11
3337 5892
5510 6344
2607 4642
3013 2910
2199 2280
1550 3726
2684 2693
5498 5538
7190 7270
5619 6929
5284 3835
4373 2348
964 4925
2266 2260
3902 6758
2381 4482
1966 4094
1301 1343
2951 2981
355 227
3466 3443
2368 4466
4138 2069
2982 143
229 99
288 353
889 4886
4907 3243
2971 336
3170 3169
3036 2942
2504 2571
4458 2431
5579 4343
5761 6531
4010 5453
470 339
7464 7553
1544 5252
4807 4772
175 78
1736 1735
7161 7243
372 262
5762 6532
7287 7442
6186 5367
6590 6637
5014 3300
7412 7449
3603 1418
1112 5005
7233 7134
1680 1725
3530 1287
1240 3449
2468 5760
5421 1954
3382 3455
6391 5642
7383 7501
4538 2458
6020 5047
6814 7330
1260 3475
1139 3402
1917 4061
1731 1766
2142 2187
6757 6324
2099 2211
4039 4080
1595 1661
818 777
3326 3373
4578 5799
586 4739
3611 5233
4652 4689
6455 5747
5157 3603
5375 4004
2084 2201
5071 6588
880 3019
1021 3312
2655 2706
6388 5648
4451 2416
3360 3409
2036 2074
2925 261
1146 5022
6794 6884
3616 5193
3393 1002
5178 5190
4188 2137
3301 4818
3298 3154
1131 1110
5899 4823
5130 5152
709 2988
4175 2132
6239 6283
1648 1701
3485 5058
2968 2733
6535 6565
1089 1219
1606 1667
3264 5850
2409 2371
6754 6834
3953 4008
4274 5640
5427 4082
6377 5622
5540 6872
4872 3163
1429 1439
3219 3211
4835 3037
5468 4122
995 1027
2855 2821
5317 6203
1641 1624
2060 2089
6161 5297
4060 4092
5743 6521
7125 7211
4045 1979
745 2863
2321 2321
508 658
5944 6543
1342 3621
4566 2533
5998 5934
5744 6522
5647 4413
804 3322
2226 2364
1252 6058
512 2780
2322 2322
5621 4392
3625 5172
5639 5653
4469 5755
7253 7331
972 3244
4607 4655
3510 1205
1865 1887
7149 7034
3390 1060
1660 1703
1031 3291
5493 5528
931 3083
4189 5586
1866 1888
5603 5627
5175 6077
2030 2042
415 499
1637 1680
7066 6890
4157 5565
6882 6964
2516 4502
3413 4985
811 913
3845 1749
3163 3210
7124 7344
6411 6440
3183 3150
3217 684
2514 2460
1362 1255
5327 5343
5566 2261
1501 1525
417 366
5137 5155
6970 7085
540 553
3924 1842
639 586
5255 3759
6351 5596
813 780
6719 6804
2495 4511
5211 3674
1201 3423
2852 127
5615 4373
1554 3751
5555 6414
3666 1461
6321 6870
3333 3333
4611 2599
3852 3921
7261 7168
4572 2526
3203 3195
5798 4745
6209 5398
7129 7004
4032 4064
1389 3610
4479 4509
7213 7114
7197 7102
702 812
7381 7458
5298 6182
161 222
6576 7208
3538 1292
6103 6681
6840 6905
3614 1425
1329 1166
5129 5078
167 26
200 238
3767 1650
211 245
1787 1813
7300 7374
5683 2481
5231 3748
1121 3386
3676 1411
1958 2049
3659 3697
3057 462
4432 6502
6812 6408
5552 4273
6133 5277
4117 6341
7417 7542
5955 5963
3229 3252
3323 4821
1692 3904
5210 3712
2671 2698
5985 6555
6979 7267
5919 5820
6582 6062
2805 85
1014 4956
4965 703
2788 39
2619 2552
3789 1648
2835 2742
2214 4324
6238 5437
2053 2092
1816 3982
384 320
2120 4206
673 714
2257 5666
5887 4852
4764 2962
3837 5338
585 95
56 52
1326 3553
4827 5837
5000 5899
6713 7109
3149 3100
3821 5353
1086 937
6093 7028
3126 3128
4378 2354
2005 2051
6269 6309
4988 4871
2672 2685
6035 5115
6062 6093
397 469
6429 5683
1711 3900
5492 6357
6944 6683
6810 6399
3539 1314
4883 4895
7142 7017
2145 2208
7312 7459
6706 7284
6769 6849
848 873
5334 1732
5942 4974
1220 1233
5304 3853
2958 269
7457 7516
300 199
407 365
2984 328
2429 2390
1611 1597
1578 3781
3224 4891
1601 3832
4507 2447
2612 4631
1276 1327
4880 4900
5088 5089
1569 3777
7463 7552
2183 4308
991 3456
1242 5073
3297 817
4076 4110
139 37
3350 3395
5202 3679
6052 5132
1243 5074
794 864
2111 4218
7262 7340
2279 4430
4912 4955
6038 6066
5203 5203
7240 7142
6561 6576
4913 3258
6856 6477
3595 3561
933 986
2004 2099
5906 5930
3242 3266
3850 6225
6761 6830
7196 7378
2829 2813
537 3133
6671 6725
2079 2121
5538 4232
3148 3146
6336 6358
5686 5688
6005 6018
3279 885
6765 7304
6734 6810
1503 1527
612 635
5935 4923
6406 6439
2169 2200
3562 3623
258 2886
6641 5273
4729 2862
3670 1490
1298 3558
2749 2802
6130 3785
613 636
3855 3902
1952 1983
448 323
3999 4043
248 337
3232 3219
1576 1607
904 3173
3969 1884
2946 219
6566 6978
5643 4404
7238 7311
3516 6057
3601 3690
5247 5290
635 2752
687 657
4042 1978
2860 2848
959 3176
7303 7296
7236 7313
4532 4563
749 3093
6914 7207
1476 3717
5867 5885
7084 6931
6000 6973
6620 6113
54 71
2123 4230
1981 4126
3371 3384
7006 7108
5860 5818
4996 5879
5477 5510
5187 6083
6729 7111
4204 5593
2720 13
7064 7147
4937 4962
3742 3804
1921 1938
4028 4071
7169 7070
2818 2816
6184 6228
1205 3451
6986 7274
4568 4640
3143 648
3186 4719
1496 1515
5652 6930
4111 4155
4418 2410
3436 3367
1428 1448
782 2916
68 34
6100 6118
867 904
601 578
3188 4747
1878 4039
5811 5855
4145 5551
3657 1447
49 116
5109 3448
4414 2407
4920 5870
1685 3859
6906 6992
1627 1678
6084 6660
7195 7275
7031 6823
5121 3533
4227 5618
6022 6032
1963 4119
432 513
6372 5613
5728 5791
5478 4121
3370 3398
5710 2521
3125 3032
7141 7350
1350 1300
1431 1354
7309 7388
6166 6728
6359 5607
7264 7170
3213 634
1743 1771
4270 2243
4671 2801
1302 5110
2178 2292
3753 5259
2616 4637
5435 6315
6585 6649
1405 1442
5481 6325
4326 6458
6360 5608
6101 6135
852 4784
5530 6863
3330 3337
2678 2695
3511 1278
3903 1811
5363 1820
1705 1717
1023 1029
2965 2955
1727 3927
5148 6046
3654 1463
6155 6195
3401 3499
5024 6560
213 184
2876 235
573 642
6231 5425
3686 1512
5933 5926
7001 6792
5096 3526
5543 6396
3803 5316
6315 5544
7103 7202
4375 2340
4516 2440
1417 1444
2138 4214
4251 4277
2821 2774
6196 5383
7397 7416
6853 6476
6387 5649
651 773
2062 4213
5236 3756
6607 6675
637 603
542 507
4309 4335
163 10
335 435
5132 5151
5753 5806
6622 6685
3080 3116
3359 898
6885 6966
5119 5997
2375 2484
6215 5397
1457 1394
4661 4685
6748 6328
6216 6261
1310 1330
5035 5004
5116 5995
3514 6054
5059 5082
557 595
431 360
7349 7428
6702 6291
1412 5178
4775 4807
4834 4812
3293 5865
5168 3620
3016 2845
5470 5493
3944 1858
1976 2012
6753 6835
1584 1616
3442 4990
3291 830
3609 3607
6021 6596
879 895
2557 2462
3766 1620
5531 4209
3241 4751
3346 977
156 48
1535 1564
4144 2114
5154 1216
2926 2837
6001 6974
3759 1619
6689 7096
953 1018
4317 2289
1784 1814
4193 6367
7037 6847
5408 6294
7014 7292
3378 1028
7052 7317
477 494
960 3227
6610 7013
3109 3055
2709 2739
3068 450
1735 3910
7038 6848
700 3240
394 159
3858 1751
6932 6666
450 118
2682 2686
576 552
4708 2826
2421 2497
2686 2692
137 103
3226 4707
5340 6226
1296 5099
7280 7231
2615 4651
4497 2430
1707 1752
2459 5763
1667 3873
1059 1165
4847 3041
6772 6843
983 938
6773 7307
5416 4063
3197 3188
4423 2391
7356 7354
554 661
359 484
3173 3168
6803 6393
469 2929
5491 6852
5036 867
4716 2893
7177 7367
6703 7103
4235 4321
4963 5915
6125 5279
6843 6928
6320 6871
4212 4244
3251 4959
3104 3095
6082 5154
3690 5208
3385 4932
3637 5170
3954 1871
543 610
1028 4999
2543 2628
3121 3013
1626 3850
7329 7308
853 826
7316 7463
3613 6089
6424 6944
4909 5843
1820 1844
4196 4176
2503 2570
5892 5905
47 23
7128 7212
1829 1851
1580 3809
4201 2155
5723 5736
5283 6705
4728 2817
3481 1179
6189 6749
3039 2796
2869 2832
1830 1852
5057 5036
4972 4842
5845 4790
1320 5127
2886 2755
5575 6904
5547 4260
6962 7254
426 433
1438 1457
172 2777
1795 1829
5117 6617
1061 3324
5174 6646
233 107
2146 2188
2532 2446
5066 5069
3492 3591
4124 6345
3568 5125
4642 2736
4942 6546
2506 4538
3152 3144
592 94
2422 2398
2596 2596
6313 4197
5294 6190
2610 5772
6940 7232
947 515
6727 7110
2701 2724
7068 6895
2006 2072
3661 3743
468 560
743 443
6167 5333
4152 6850
4310 4336
1347 1389
986 3284
1487 3660
5309 6208
1713 3925
7191 7269
1698 3869
7360 7430
1145 1162
3367 5940
2015 2081
5105 6033
6657 7081
219 246
6200 6747
2595 4583
2106 2085
1945 1966
3551 1291
3037 4817
5145 6632
5050 5023
265 2965
5038 3444
6145 6167
5222 6674
322 216
3629 3730
6177 5349
5080 3460
2591 2466
3488 1178
2194 2286
5147 5147
1104 3331
763 5890
4524 4551
7235 7410
1526 1488
5325 3896
39 104
7214 7396
7050 7409
3981 1898
6307 6348
642 663
4934 3280
951 3138
2230 2238
3982 1899
1553 1491
3984 1902
1295 3629
4218 4300
4122 2068
7095 7195
2902 2793
872 899
3814 3882
181 285
6747 6842
4757 4735
2181 2251
135 33
2278 4431
5103 3491
3751 1614
3327 5877
6168 6715
3156 566
3077 345
128 173
5463 5503
2518 2574
5138 6039
495 25
430 2868
4882 4890
5381 4010
7000 6791
6171 5337
6138 6695
6904 6987
4421 4550
3448 1088
1102 1177
5443 5492
632 3255
3073 2989
1304 1342
1889 1916
6122 7047
727 774
5650 6492
1418 5222
519 561
6218 6259
5062 6585
4075 4127
4774 4758
7250 7418
5437 5489
6756 6829
4253 4256
5140 6623
1691 1721
3118 496
6198 6752
1960 4116
6827 7174
2633 4628
5738 6529
4399 2373
4496 2435
7143 7019
2049 2101
6375 6418
236 289
1669 1711
1335 3546
973 4940
3147 4724
5433 4089
6254 5459
4581 5796
4890 4884
5724 5737
1360 1391
6597 6094
1116 3339
4259 2233
3164 685
6226 5418
410 415
6175 3849
5662 5668
7354 7508
6994 6778
6602 6096
1410 1452
4683 4697
7029 7301
842 874
7075 7334
341 237
3711 3780
3805 3876
3779 3834
3997 1920
6187 5368
6399 4401
1928 1943
4106 4142
1764 3933
869 4854
5923 5938
3866 5355
1120 3385
5032 5918
589 565
5601 4350
4024 4067
7051 7316
5837 4766
6004 5958
2107 4216
578 678
5599 5620
6448 5713
3078 3086
6500 5863
425 138
4257 5635
3218 683
680 639
6172 6721
6608 6655
4769 4729
6403 5655
5719 4490
1333 1359
3079 3087
4357 6470
3648 3722
2363 2343
3389 1061
5721 4497
875 4841
4426 2393
4199 2146
1494 1383
3231 5836
5223 3732
1128 3403
4518 4567
6331 6375
1137 5017
5634 7173
671 631
3336 4888
4486 2425
6392 7328
7132 6986
4550 4624
7421 7468
204 108
4794 3028
691 712
1602 1639
6176 6231
61 136
4520 4447
5347 5369
5313 6218
7144 7429
7156 7438
567 652
2733 54
3331 939
1192 3417
7153 7048
976 1035
2109 4262
3643 5177
1540 3766
5657 5657
3433 1039
4383 5703
2412 4549
883 3016
2970 158
4355 4355
3775 3800
1154 3544
3339 4966
6511 5895
5900 4810
2803 2767
302 181
6596 7003
1430 1470
760 594
3483 5037
3249 3143
2105 2094
5053 3442
4610 4661
1853 1873
7297 7489
5208 3684
5457 5495
3353 962
2225 6406
3978 1897
5153 1293
1823 3980
6595 6642
7026 7300
1704 1744
2779 81
4395 2380
836 3027
291 200
2519 4524
3528 3592
4217 6385
115 202
6694 6266
4567 2534
6044 6072
7239 7141
5936 5833
7081 6474
3033 361
623 4722
403 208
5301 6198
494 556
3567 6085
57 51
3636 1459
94 49
6131 7053
5430 6817
1006 3305
1867 5428
1087 936
1776 1739
752 853
4590 6530
3758 1603
445 316
670 473
5417 4062
4930 5814
3356 4875
3421 4992
3705 1509
3176 688
2148 4293
5010 5007
6129 5283
5012 5881
6764 7303
2811 2771
6244 6794
3859 1767
6958 6710
3847 1750
724 807
7207 7384
1046 3222
4931 4933
3504 1213
3349 3351
5841 5857
3373 778
4197 2177
2241 2244
4600 2630
6575 6640
4772 4783
3680 1496
6564 6977
3998 4042
5290 3819
3634 6110
375 439
4817 4780
5037 6578
3531 1260
2935 2818
2853 2873
3112 3054
6014 5065
6655 6196
6937 7029
7173 7252
4767 2928
6993 6777
1809 3970
2944 2956
1676 1723
5889 4847
5107 5103
7292 7247
6829 6419
6551 5969
463 2834
3928 1835
4422 2408
1285 3537
6559 5975
465 413
5801 4733
427 432
6260 5469
212 74
617 626
2104 2183
4843 3009
3656 3700
1635 3825
5277 5305
2122 2175
854 795
701 801
3174 4777
3223 771
2627 2661
4887 4899
497 625
4277 2240
6366 6430
3343 5901
3800 1688
2167 2217
1647 1694
1299 3557
2975 2899
4941 3272
5490 6853
5114 5026
2180 4323
4271 4279
151 100
5238 5274
550 2823
3620 5179
707 726
5376 5420
2508 4600
1239 1153
5747 5769
5997 6983
3403 4982
3372 3165
1111 1096
6975 6748
37 2754
4766 2923
6364 6432
4192 4171
7364 7363
556 575
2044 2124
5872 4759
1545 5298
138 6
4837 4838
5396 4032
1060 3264
2258 2283
1978 2013
2991 2952
2097 2084
5503 5552
113 92
4819 4805
6844 6902
6402 7178
4269 2242
5891 5906
5819 5827
1790 3946
5926 6566
2601 4649
5161 3600
287 354
6183 5360
3208 3271
3177 728
2051 2075
4073 5506
2151 2190
6295 5516
1721 1730
4460 4433
2974 4688
1745 1778
6678 6745
5391 6780
7061 7324
4261 4253
1709 5345
1848 1867
3303 5883
1357 5207
4140 4138
2524 4580
1726 3926
2890 2784
4120 4177
885 865
319 302
453 3129
2038 2070
4952 4951
6895 7197
5952 4972
5328 5366
2617 4622
6114 3739
1279 1321
3693 3675
3075 4708
4287 6413
4585 2538
1368 1386
1153 3466
299 192
6852 6475
2168 2162
4062 4111
3812 1700
3067 3014
5824 4721
4228 4290
5466 5513
6892 6569
4865 5817
2597 2655
7186 7373
6722 6803
1722 3912
6229 6776
136 45
919 957
2634 2525
2114 5545
3090 4789
6743 6820
3306 883
6807 6896
6323 6350
1404 3669
111 9
343 255
3444 5982
2293 2311
5171 3625
2910 2820
3874 1756
5146 5148
5446 5504
6925 6650
5987 5011
3270 857
1300 1324
2076 4205
7227 7401
6560 6971
2173 2262
4498 5746
6017 5064
5534 6866
3963 1882
1336 3545
2207 2271
3059 2939
6384 5632
2920 2809
6762 7132
2688 2687
908 3130
4902 4897
6612 7014
5321 5356
5742 4584
3399 868
3745 6150
