5130 529
6026 2656
1192 2146
1138 2135
6032 1568
1322 2188
5750 1212
4123 2898
1399 1532
4027 816
1872 2418
5412 3063
5326 2814
3966 796
6819 3311
2485 2638
7262 3126
6537 2113
1024 1383
3421 2153
2197 1940
5110 2701
6038 1558
3444 2978
5573 2590
5556 2932
1592 605
2186 2537
6973 3276
4352 2946
2396 2630
6925 1560
1471 2260
2177 1865
6506 191
1809 1751
6510 1434
6712 1777
5811 1380
676 2076
1260 2183
960 166
6545 395
6452 2017
3356 2077
6629 3260
1840 775
5117 2983
820 2074
1132 2123
1291 379
1022 242
1874 2422
6612 3156
4189 1879
6189 1714
6914 3145
6228 3199
4100 903
3441 2673
1881 2851
1184 306
7284 3266
6037 1557
5318 705
7217 3326
6695 3200
3456 2680
6424 3140
1685 1681
3932 2832
1555 655
6600 1600
4260 2925
6402 3250
1892 2425
5100 497
3350 430
5787 117
1379 2237
1116 1361
4882 284
3357 1319
5995 2655
6796 3307
5148 2714
3695 2765
2338 2593
1294 2209
4947 335
5666 3138
632 351
3355 1299
1756 1712
4204 2496
3514 2185
4314 2939
1569 1656
3482 2152
918 95
5619 3248
5299 2354
7359 3174
1122 1472
1321 2231
6363 2504
1234 442
5372 2840
5665 3137
3325 2080
6572 447
1703 2367
1366 2229
4193 2491
1816 758
6091 1574
3720 2772
3368 2666
1143 2169
1290 415
742 1239
2278 2562
1169 1411
5277 664
3825 2358
3424 396
3867 2820
2371 3135
1127 1403
6050 2744
1104 2121
3324 2078
3372 93
1586 1624
3827 1684
1215 213
2148 1889
3818 2359
5245 650
5417 802
5175 2737
857 1257
5056 2100
3567 2736
6686 2400
6602 1592
7061 3308
1574 590
5540 3224
3473 2159
1768 1713
972 174
5439 2457
3339 1456
1095 2676
2004 891
3578 2730
2234 2544
7002 1774
5915 232
1782 2822
5738 1189
6122 3173
3732 638
4421 1082
2182 2532
6109 3259
6385 3247
5900 1398
6596 3252
6021 2663
5257 2299
7293 2801
4968 1268
1750 2380
3923 2831
1174 301
923 1242
1329 434
3866 2378
7043 3332
1216 436
6033 1569
3402 364
7185 3344
6931 1584
5946 393
1015 2110
2011 876
1242 2166
1732 1706
6151 3022
6590 2225
5850 252
2010 881
7006 3206
1700 2365
3413 2148
1025 1384
6029 2984
5456 1807
5184 2246
5028 1527
5238 636
5507 2490
4367 2591
5530 3100
4992 2653
3422 1327
1484 1575
6271 2872
5887 279
5518 899
3869 3041
1640 1661
6307 1836
6754 2881
1772 2386
4661 108
3625 2251
1550 2317
5443 846
3930 2833
4377 2960
6558 406
4182 2907
908 2089
2171 1923
6167 1701
5340 3034
986 1391
6597 1591
5071 2975
1738 700
3922 2829
6072 1599
3515 2192
1995 2476
3075 1233
6200 3042
3678 589
2394 2637
1963 1835
5845 243
1336 2208
5356 2823
2091 2500
1814 1752
5563 3228
2224 1957
5119 2122
7052 3093
6084 3162
5837 204
5889 272
1173 2137
4119 1853
1066 224
3545 2211
4676 96
4208 2911
4835 269
5892 2162
3833 2815
3549 2709
5430 3214
1806 2403
3501 2161
1403 1520
7025 3215
4003 2427
1792 1733
7307 3211
3687 2769
6944 2330
6962 3318
4181 2906
1221 1409
1168 1412
4649 158
5555 3107
6156 3033
5975 1522
1698 1685
6204 3194
1828 2836
6329 2479
3483 2697
1285 401
1944 1816
878 31
1256 2172
1140 2173
6533 1464
5138 2711
5317 2805
3622 2759
1381 2280
6633 3267
7280 3012
1980 1842
5379 771
4212 900
5348 1720
4125 2894
4837 264
5391 3202
5909 1405
5380 772
1815 759
5032 2654
6152 2798
6309 3300
5533 2475
4217 2918
4055 2867
5465 861
4143 2485
1661 1672
4274 1956
3634 2757
869 2071
5022 2652
5942 386
1028 1423
6500 235
2226 2546
6610 3155
330 208
947 1241
2397 1200
4883 294
6474 137
2062 1883
1472 2259
6940 3167
2098 941
1128 1424
1583 630
1252 2707
5491 3082
1636 1664
6063 1587
5449 2446
5297 3026
5021 2651
3761 2781
1847 2844
6569 1531
1037 1349
4311 3114
1611 661
951 1243
3691 2312
3246 1314
1778 2393
2225 2934
6696 769
1146 2681
3468 1442
4906 326
7118 2724
1144 2170
6060 3003
3929 2834
4817 203
3522 1431
6216 746
6129 648
6764 3302
1014 2111
5101 2685
7153 2331
1867 1773
1407 2257
6322 912
5089 2129
7102 2990
1552 2322
1139 1419
1121 2157
1031 1372
5181 584
4255 2924
6481 2134
5808 171
3656 593
6237 1763
6702 791
5798 193
709 1262
7177 3273
7034 3299
4232 968
4077 1834
4223 2522
1240 1437
6965 3317
3979 2421
3850 2366
7376 3380
5457 845
7236 3085
4117 2891
2398 2639
1123 1396
5602 3123
5611 3240
4345 2585
4010 2863
3616 2287
3971 778
4085 2887
5992 448
1136 2127
6546 1507
3516 2193
4023 1791
1551 2318
1367 2228
3902 3196
6075 3153
6704 797
4152 3080
7008 1781
1243 2167
5527 3095
6727 3208
3637 2746
4855 239
5352 2395
5536 1867
4072 858
4357 2950
4453 2971
4073 2462
3697 2274
4044 2877
6261 2864
1714 2369
4590 1192
1839 776
6706 3289
3935 2404
4074 2463
6589 2227
3427 257
2164 2523
5177 2738
6497 181
6093 3159
4220 3099
6005 1521
3653 595
644 1244
5160 2712
1810 752
1009 70
3429 2674
2327 2586
896 1343
7308 3212
7199 3050
1401 2254
3628 3009
5189 3157
1897 2428
1475 1561
5976 1523
1001 1321
3449 1330
4056 2882
6149 3021
3570 2997
936 1287
6678 1709
5159 2710
1514 2284
6588 2226
7385 3394
3385 2660
6308 3301
5090 2091
3490 2195
1424 1551
1836 2410
7143 2269
5952 372
3484 2704
5569 3110
5120 2981
5301 1670
1061 1381
1205 1469
5263 1640
2283 2941
1017 1379
5410 3205
3968 1767
5295 1668
7117 2203
6018 469
4283 2936
692 34
5403 3203
955 1334
6767 2464
5123 446
2275 1987
1188 2128
959 71
3409 348
4235 1873
3442 1370
1923 2436
2276 1988
6426 1972
1989 1827
1862 2416
3726 2302
6449 2618
4153 1866
1309 2723
5243 3013
3753 2309
6116 2779
5858 261
1495 2325
1479 1553
3754 2310
2334 2588
926 147
2558 1064
5338 3032
3257 2073
2348 2040
4683 114
1958 887
5435 1821
4939 357
3938 2835
6568 2245
6330 2478
688 234
4996 2647
6685 2397
5446 1813
7324 3219
1207 2694
2141 1005
1882 811
6034 1504
4178 1864
4804 212
3620 1546
816 1273
1019 1375
2248 1089
6552 366
7378 3381
1120 2158
5574 3115
6752 2459
6765 3303
6991 3286
5298 2792
3535 2715
5064 453
5575 3116
5347 2388
6601 530
4836 268
3363 1310
4995 2646
2355 2628
5521 917
1297 370
5950 330
1802 744
5187 3002
5957 238
6642 3018
740 1227
5406 3060
3843 2813
3641 588
1544 2305
7218 3325
5526 2472
6128 649
4774 187
2019 901
1003 2082
5062 2649
3920 2402
6573 3142
3745 2776
3445 2977
1380 2236
1348 2213
1718 1690
2156 928
7400 3255
1105 2138
4033 2441
6913 3144
1878 2424
5879 222
6885 1387
3631 2248
6585 2265
1969 2467
4834 240
6328 3105
1020 251
1074 445
1064 2094
1653 2350
3544 2212
5584 2943
6303 2470
1323 2189
4024 818
889 1258
2126 949
3367 2658
3862 707
4107 1872
4177 1863
3820 696
1412 2750
3485 1453
4028 817
7019 3327
5104 2154
3374 2191
6961 679
5867 237
1587 1628
7125 2698
5359 1739
904 1342
2184 1951
968 176
6766 2465
3294 2084
3495 2168
4078 857
3627 3010
3568 2220
4688 120
7235 3354
900 2098
5658 2967
877 32
2309 2004
7054 3090
5836 205
1652 2349
1261 388
4728 153
2340 2581
2403 1016
5513 882
7294 3362
1113 2136
6708 1771
5419 3064
5111 2982
4228 929
3690 2275
7214 3328
7149 2775
7463 3389
4432 2973
6141 3270
7150 2244
4880 299
6707 3290
1005 2119
3643 2748
2236 2553
763 1234
6198 2389
7200 3366
2481 2633
4934 383
2014 866
6640 647
6575 1541
7015 2870
6644 3177
3438 2980
4185 2492
3571 2241
2259 1979
938 1245
2109 1898
5984 3147
5490 3083
6188 3189
3423 2132
1420 2261
