3581 3621
6256 6303
4942 5955
160 46
6044 6081
980 1058
971 948
1861 1954
4236 4298
6083 6670
7130 7354
5627 5713
4052 2057
5629 5716
3738 3793
786 799
1095 3490
4131 4202
2906 2858
1353 1377
1779 1860
1936 2032
3065 3001
833 848
3969 4051
2124 4253
2401 2581
4126 2154
214 108
763 3258
2003 2113
1290 1313
2215 4349
460 3016
4292 4391
1834 1926
5076 5126
7324 7414
1546 3806
5598 5673
4159 4250
3026 3035
7118 6986
7275 7360
5339 6242
5262 5340
1338 1426
3405 3447
4498 4633
6291 5561
5877 6559
3543 3597
3422 3443
4906 4961
2330 2420
3972 4052
1902 2004
3352 3379
6459 6519
6867 6509
4877 4921
112 2838
3416 3499
2446 2547
2870 2895
7310 7400
367 2959
686 670
6417 6474
5310 5392
6367 6431
1883 4069
5059 5115
5928 5962
5088 5146
6133 6172
1055 1129
4961 5003
1880 4071
6683 6759
7036 7308
2181 2303
915 3345
6284 6329
285 2917
5186 6121
3371 3416
6577 7015
5572 5660
4873 4933
1321 3627
2560 4639
2101 4245
2675 2801
2236 2387
2382 4487
2146 2246
627 602
3391 3435
3271 3305
3497 1257
2791 2839
1611 1685
1507 1587
196 144
7290 7378
1044 1095
1015 3433
3096 3024
4871 4938
1372 1398
4600 4712
6326 6378
7429 7503
567 559
6108 6149
3163 3206
788 844
3215 3245
1080 1072
1562 1631
2978 2881
2864 2949
2509 2632
1585 1673
1153 3531
3006 3040
7378 7452
2355 2529
5616 6462
2428 2526
6980 7080
4831 4875
173 2901
3648 3724
2614 4694
7407 7483
7053 7150
3288 3325
3882 3971
128 79
225 200
5718 5790
1106 1185
4083 4174
1088 1155
3654 3736
2358 4427
6393 6458
1495 1535
337 331
93 11
4408 4466
6230 6278
6883 6963
4424 2551
1344 1439
5408 5492
1245 1335
4376 5727
4601 4726
6099 6686
3445 5138
3667 1534
1706 1790
7279 7433
741 625
4713 4782
3235 3301
5654 5739
6370 6433
468 465
3393 1042
1990 2080
4165 5587
2364 2464
185 141
122 93
2334 4451
5534 6389
4912 4975
380 321
1201 1173
2289 2401
5876 5890
5144 5187
1022 1018
502 477
4206 2275
6093 6673
299 3005
6698 6778
1570 1668
3212 5009
7226 7311
3277 3236
6807 7153
1061 1066
4027 4119
4904 3170
4230 4297
2818 2847
4548 4691
631 641
4789 3037
5644 5757
2352 2447
355 246
4432 4586
211 160
412 295
7176 7251
1972 2064
3386 3391
5019 3361
2663 2776
2058 2151
6327 7137
7199 7283
3012 2890
4947 3254
1594 1666
7058 7325
4956 5027
3112 3137
7238 7324
6126 5324
5685 5764
3686 3765
3285 3243
4281 4341
2055 2158
1063 1109
1029 1076
2447 2570
634 617
3944 4026
6909 6997
6852 6939
2484 2579
219 171
6395 6452
6930 7226
6071 6114
70 13
4328 4440
224 201
851 3302
1041 1055
4175 2215
5547 5628
7307 7397
5919 5921
1942 2041
5326 6227
6778 6862
816 733
175 89
2243 2353
989 3424
629 630
3116 3021
4364 4432
5851 5896
1715 3944
656 707
7151 7369
3289 3341
289 180
5001 5070
2989 2899
7035 7129
4823 4860
4028 4120
5587 5669
4326 5683
5045 5087
3536 3588
4769 4822
904 875
906 3349
3582 3650
283 183
5910 5933
3218 658
3517 3584
2381 2559
2240 2396
6173 6219
6102 6694
4152 5577
6382 5687
3056 3071
2464 2565
759 802
2565 2624
6669 6739
1013 3494
2103 2188
582 3140
6543 6981
6676 6744
5032 5042
7321 7411
1379 1411
2590 2711
2455 2564
6602 6665
3195 3207
1129 1184
5754 5838
6251 6300
6324 6384
1970 2070
446 406
7020 7114
6084 6669
2189 2289
7370 7440
2056 2159
5400 5488
7119 6990
3475 3522
3003 4803
3454 3524
2164 2291
5883 5902
5531 5607
7124 7211
2129 2206
5575 6425
3341 3397
5194 5258
5927 5951
1516 1599
762 770
3355 834
4846 4916
6302 6352
1587 1647
2975 2998
291 193
2121 2200
3964 4048
7305 7395
4255 5639
4420 4500
3814 3892
3455 1146
1908 2010
4309 4384
1660 1743
2125 4263
4272 2330
1327 3645
590 3157
6219 6267
5313 6223
772 827
328 231
550 3118
1569 3816
872 936
5222 5276
3395 3467
4237 5612
2348 2516
6271 6321
7224 7132
2273 2423
6640 6165
6005 6035
706 709
3887 3978
6315 6367
839 3400
5157 5215
3449 3476
6555 6985
986 978
2570 4637
3083 4853
2341 2442
3084 417
2266 4366
304 210
2088 2182
4209 4289
6513 6555
3930 5455
2483 2660
5043 3399
1630 1718
2954 2871
1214 3604
2881 133
190 154
4609 4732
1695 1776
5552 4340
2835 2836
7161 7238
2044 2150
5824 5857
7004 7105
248 216
2499 4577
6784 6874
3138 425
3338 3395
6510 6564
5185 5256
4065 4158
5842 6545
6390 6449
5882 5865
2468 4584
4310 4385
1494 1530
6085 6130
4062 4163
4946 4989
3647 3731
6557 6611
3397 3434
7082 7184
5356 6253
4265 4347
827 852
5750 6523
6371 6415
7434 7527
653 564
4491 4543
6142 6720
6032 6067
7027 7121
4365 4431
5675 5754
1881 4072
2904 2965
2022 2121
4448 4592
5084 5144
4985 5968
7022 7118
4253 4316
7464 7535
1973 2077
1447 1523
4898 4955
4056 5513
4941 3260
2192 2297
5199 5243
6656 6716
371 382
3439 5135
4542 2719
6815 7168
7205 7390
7100 7195
3669 3745
2670 2779
1303 1385
5102 5150
5307 5388
1797 1883
6165 5370
603 535
320 260
5665 6484
2572 2693
1805 1892
6576 7006
4982 3300
1583 1651
4843 4900
3584 1384
5891 5924
3624 3678
4791 4858
4375 4439
1186 1245
5897 6570
7225 7309
4612 4737
6150 6734
5239 5320
5246 5331
562 391
3746 3820
3599 3687
2345 2434
5430 6314
2683 2766
4460 4527
6820 6908
2429 2527
1827 1908
4350 4408
1576 1661
1322 1336
3061 3112
6335 6382
3794 3868
3893 1851
3442 3472
4405 4531
359 351
3460 3540
5318 5400
1415 3691
574 600
5355 5433
7197 7281
5507 5599
292 240
421 358
2547 4618
6636 7052
3250 3230
3753 3797
5150 6109
4564 4698
2625 4699
4777 4841
7006 7107
3590 3656
1858 1957
2633 2756
3730 3804
6794 6885
815 720
1365 1456
6997 7285
2941 2956
3896 1857
1206 1196
352 266
3021 3039
4110 4222
7339 7422
7192 7386
321 261
2693 4751
4849 4843
617 612
527 326
3851 3925
1584 1671
149 113
2579 2698
2933 2958
1138 3510
4078 4175
309 86
3484 5168
1191 3535
2467 2575
867 932
4949 3186
504 3062
141 96
5878 6560
5972 6590
7085 7189
3594 3641
2421 2591
1544 3791
3665 3708
3444 3464
3898 3983
3787 5378
5244 6155
3486 3582
1042 1054
2924 2971
3238 730
5312 5391
6418 6475
6114 5310
2095 2183
1722 3943
5374 4031
1455 1546
3511 1283
3463 3542
683 504
1847 1941
6353 6405
2832 2876
6104 6150
3822 3910
4554 2714
2082 2181
5358 5443
1854 1949
5129 5159
1062 1138
5131 5185
3098 3105
3756 3826
1176 1270
663 714
5193 5255
3952 4036
1931 2026
6991 7279
3863 3953
3962 4046
3119 3160
3193 3247
7206 7389
6946 7044
945 987
7193 7387
6396 6453
3973 4055
2314 2410
4232 2317
4225 4305
5565 5648
7426 7506
4762 4805
1376 1455
2012 2108
2995 2953
6701 6783
2040 2165
1234 1236
4402 4467
3402 3448
3451 3525
3874 3961
1336 1359
5002 5071
923 870
3936 4017
3205 3174
836 735
6888 6958
2333 2428
4770 4823
6313 6365
1788 1869
2451 4510
7098 7192
3312 3378
2474 2576
1672 3906
2148 2264
1146 3514
5015 5072
693 705
3387 3454
472 3028
1725 3947
6626 6684
6933 7027
2705 2822
4369 4435
990 1021
5898 5885
1631 1720
6288 6333
2127 2232
4607 4731
3227 3268
589 537
4084 5536
1093 1142
4235 4325
2639 2745
1652 1716
4108 2134
1197 1295
2308 2480
3276 3335
1885 1992
3895 3982
3424 3479
1740 3945
3955 4039
3204 3229
6175 6221
350 139
384 318
3799 3872
7317 7405
2294 2397
2389 2572
2349 2446
1039 3491
2453 2626
2887 2961
1728 3948
1202 1174
1525 1592
1215 1181
4478 4526
490 3136
7241 7323
126 100
5341 6240
1006 3440
4754 4800
6789 6870
3635 3727
483 3044
3613 5257
732 3211
6873 6954
6589 6643
7134 7216
2677 2774
5859 5861
5697 4664
4826 4866
2556 2633
3478 5166
3052 3086
548 484
5645 5758
6729 6811
2353 2448
7044 7147
1780 1862
1145 1193
2316 2492
6188 6751
3692 3739
4279 4350
5846 6550
6887 6960
3688 3741
5944 5950
3763 5368
1593 1677
3535 5200
2445 2622
4073 5520
6774 6863
4440 4503
4334 2413
6889 6967
6211 5445
5730 5823
1034 1082
5549 4362
5096 5155
2963 2970
311 205
1872 1976
3379 3458
6816 6900
4286 4353
1635 3861
5825 5858
451 3030
698 753
1641 1713
2406 2514
4251 4320
5920 5922
687 673
5503 5589
2320 2427
3626 1466
2198 4333
747 792
1952 2052
3117 3022
3131 4899
7258 7343
1009 979
3631 3685
2811 2834
346 2926
6285 6332
4042 2048
5539 5632
2518 2676
2331 2443
4261 4322
951 916
4372 4488
3868 5420
4151 4247
2187 2290
6833 6917
4986 5969
1448 1524
284 184
6379 6436
5911 5934
1073 1156
6828 6915
4416 4494
6612 6666
2440 2568
5522 5606
4692 4766
4351 4415
6689 7083
734 3259
6772 6858
6287 6834
4991 5053
639 610
3571 5230
5729 5820
1305 1349
104 2841
1324 1418
3610 3666
6226 6276
113 2879
6934 7227
1864 1962
5452 5531
3148 3181
1473 3751
813 823
4515 4634
3903 1863
6405 6461
2521 2688
1443 1495
1151 1232
2026 2112
5401 4076
1412 3686
4186 4264
2035 2117
5329 5410
5709 5801
6650 6721
1451 1539
7412 7490
5153 5217
4312 4389
2223 2336
5984 6593
2812 5
1416 3715
4450 4508
4439 4608
6652 7059
6568 6625
6028 6635
5469 5543
1265 1364
1581 1660
5698 5778
3346 3427
3129 3185
3591 3657
6073 6113
4145 4242
3950 4034
437 436
2522 4575
2165 2271
4536 4602
6171 6218
4121 4201
5815 5854
4504 4573
2356 2485
3827 3905
1193 1300
5925 5929
2681 2769
2944 2990
2395 2602
1004 1071
1425 1514
697 710
2284 2393
4813 5878
4000 4087
4210 4290
235 149
4859 4912
3823 3909
153 102
1432 1476
905 990
2246 2356
1648 1735
191 155
3124 455
802 808
218 159
5716 5814
6906 6987
5388 5475
3181 3232
1649 3873
172 2900
962 1045
2627 2754
771 4994
3916 4003
6739 6817
1261 1272
3908 3995
608 651
650 684
2891 121
1286 1350
5555 5654
7177 7254
3080 3130
1826 1915
644 491
4545 4623
4218 4304
3107 442
2674 2789
5375 4032
1666 1748
6508 6549
6202 5437
6090 6138
6306 6372
6239 6285
4179 4269
2228 2378
5564 4372
7465 7536
4296 4356
3334 3327
730 782
2900 2937
4602 4728
5682 4567
3156 3190
3257 3223
7351 7429
3207 3225
2166 2272
1509 1571
7068 7166
3566 3617
1798 1880
3095 4857
3058 3103
2938 2935
4442 4520
2506 4594
3342 3414
4796 4854
3400 3460
5496 4239
4342 4405
5892 5925
2653 2768
4512 4640
6037 6069
3976 1972
4788 5884
4954 4997
6196 6247
2247 2357
857 3317
1131 1168
5938 5945
6797 6879
494 475
709 3212
5613 5701
1572 1622
630 3169
6582 6640
6870 6528
6140 6187
3956 4038
4971 5046
1803 4011
6727 6810
7125 7214
6844 6925
2423 2525
4603 4738
4562 4686
5482 4221
1348 1379
7423 7500
3423 3449
2922 2924
6113 6151
539 482
902 951
1021 3450
410 369
6210 6259
4160 4252
259 196
6850 7183
5178 5241
1408 1483
5439 6320
3997 1996
1859 1958
2948 175
2194 2325
7313 7460
413 410
2367 4472
6356 6414
3459 3530
5294 5372
4593 4723
1314 1389
1514 3772
3651 3730
1310 1386
5981 6021
5161 3608
2939 2936
2699 4760
3111 3038
6706 7098
1720 1802
3689 3740
6354 6417
450 303
6666 7068
1622 3860
6124 6163
519 493
2362 2467
3039 3015
580 422
1754 1841
3855 3935
5723 5798
2583 2707
5091 5153
6025 6633
2704 2828
4957 3222
5995 6003
5965 6004
7159 7240
3781 3853
5624 5741
4465 4562
3252 771
2346 2445
821 839
6115 5311
3502 3580
2454 2563
4518 4644
4487 4620
339 2962
4913 4980
5949 5980
2182 2329
7326 7417
7050 7316
6460 6510
1620 1686
2135 2238
4559 4692
662 682
4250 2315
664 715
7136 7358
935 3370
1217 1278
2958 2995
1120 1110
3602 1451
5391 6283
4794 4873
1402 1487
6668 6737
6412 5737
7196 7278
4135 4213
488 483
3691 5307
1023 1083
6659 6189
322 223
393 257
2141 2262
746 688
477 456
3229 5023
336 332
461 3020
5724 5799
6216 6265
5662 5734
2604 2726
229 129
6653 7061
6803 6888
6692 3998
7148 7229
791 824
6590 6645
5087 5151
622 631
2910 2930
1472 3720
1782 3984
4262 4323
3363 3363
4793 4848
1244 1258
4627 2820
5111 6057
875 774
5912 5935
1452 1538
4198 4272
4577 4676
4811 5871
2105 2190
5208 5274
7340 7348
4519 4645
340 2963
2396 4518
514 3070
4481 4556
1325 1410
2901 2979
3130 3057
2981 2982
2038 2130
995 1068
3059 4896
6941 7034
5428 6308
3752 3822
4836 4902
3223 703
5924 4954
5386 5473
4208 4299
6630 6692
3813 5395
469 3094
1555 1629
147 71
3588 3658
4965 3277
6859 6501
3523 3553
2084 2195
932 1025
4729 4794
4164 4238
4591 5826
2508 4622
6110 6148
5327 5401
7040 7143
1248 1343
7318 7406
4422 2562
2311 2409
2903 2951
4361 2449
5201 5263
6811 6443
5672 5748
1282 3607
1526 1593
6559 6615
6184 6752
3331 3404
1612 1699
6141 6719
349 247
4615 4744
752 810
263 162
2951 3011
1178 1275
4928 4987
7057 7156
5414 6301
174 2882
5712 5802
2366 2542
7438 7515
5847 6551
2057 2173
3176 604
2321 2422
1024 1011
7415 7492
4228 4311
1824 4020
4814 4809
3700 3771
4074 5521
5497 5591
5966 5995
6043 6079
2433 2616
2990 3018
7259 7347
4550 4683
5996 5058
6988 7090
6896 6975
3790 3858
6294 6338
6817 6901
4054 4145
1799 1879
1650 3874
4393 2508
7294 7442
1700 3917
5279 5358
707 712
1806 1888
3240 4973
2469 2629
1363 1444
137 69
2028 2144
2679 2793
4390 4448
5941 5970
4555 4657
6208 6257
5937 6578
5582 5664
1188 3527
1801 4000
660 657
4891 4867
2898 2885
6300 6343
2116 2192
2368 2535
4101 4210
2524 2684
2171 2298
6494 6543
6388 6446
606 624
3169 3124
1820 1907
799 849
7456 7508
5976 6016
1748 1829
6690 7084
1306 1390
4229 4312
1393 1463
5031 5057
5528 5615
640 611
5175 5213
2197 2343
530 528
3534 3609
6038 6070
4011 4102
6343 6400
3977 1973
5889 5928
4801 5872
6262 6311
3741 3812
2945 2975
6550 6585
3744 3815
6622 6683
7108 7196
6741 6822
4047 4138
3864 1821
7101 7194
2178 2313
2516 2652
274 2848
1158 1204
1167 1247
4896 4936
3836 3931
3237 729
3979 4063
3717 3777
4308 2383
1791 1876
213 140
5490 6350
842 901
3103 3008
3372 3377
2600 2736
6742 6323
7190 7273
3508 1284
4522 4569
2488 2595
1726 3949
3798 3856
544 3078
6237 6779
4032 4121
2283 4421
3247 3187
973 3410
5480 5559
2377 2488
6607 7038
601 555
1005 988
3792 3862
3870 1803
1997 4159
5868 6538
1427 3694
944 986
1773 1853
1500 1561
406 315
3859 3954
7122 7356
5023 5992
431 356
6075 6093
4388 4447
4964 5024
4488 4619
6759 6847
7439 7514
326 124
2060 4200
2252 2363
5860 5873
6254 5499
1853 1947
2261 2371
1964 2065
1222 1310
3701 3770
5435 5516
1340 1382
4766 4836
889 806
3525 1305
4004 4097
3248 3209
1519 1598
6250 6796
2369 2458
3818 3889
6400 6454
3452 5143
2634 2727
1410 1491
659 666
3559 3638
1181 3539
4037 4130
2081 2164
5451 5540
6881 6956
7443 7518
5266 6175
525 3074
5445 5537
2183 4318
667 656
1793 1878
1947 2043
6446 6497
1999 2084
7065 7169
6053 6078
3253 772
3108 4878
6185 6235
1838 1931
3069 3095
3018 2967
5352 6252
3673 3753
1749 1838
4335 4403
7211 7296
931 869
780 3264
5128 3536
5210 5281
5422 5500
1588 1658
2269 2384
588 536
3122 3150
6616 6679
6711 6792
3280 3333
4633 4762
1738 1806
5253 3787
6105 6690
3345 3372
2969 2980
2500 2590
1926 2018
403 282
4881 4943
3110 3152
2407 2513
5879 6568
3532 1325
151 78
6548 6982
3254 4968
4471 4600
319 238
61 21
2085 2178
4513 4641
3718 3783
1273 1266
3621 1447
5971 6014
5759 5839
3568 5223
7072 7178
5707 5783
6015 6051
924 953
4502 5776
3004 3032
4827 5892
5517 6356
5263 5342
5952 5986
5680 5759
6120 5321
6871 6529
7375 7449
7293 7380
3325 3303
3697 3734
5942 5984
4466 2600
2696 4753
4271 4339
3560 3639
6454 6512
3256 5013
2477 2637
4708 4774
6632 6699
1204 1192
2459 2648
6176 6224
4374 2487
4327 2399
6573 6619
4628 2821
616 613
5200 6141
4226 4309
6443 6495
4007 4093
134 56
6129 6166
260 197
3698 3769
119 29
1841 1934
4819 4882
4307 4388
2270 2385
5418 5497
2244 4358
3347 5054
7033 7307
2431 2549
1428 1499
1489 1568
1497 1577
3991 5489
7349 7428
811 898
3875 3966
6270 6324
6913 6999
4223 4321
5051 5074
6707 7099
6967 7259
1563 1649
4144 4223
3577 3651
6538 5956
5283 6191
7222 7403
4516 4558
6773 7136
1633 1711
2649 2763
3672 3752
2561 2625
3514 5181
5103 5154
6190 6241
3653 3714
103 45
604 541
1553 1617
1104 1094
7385 7494
7284 7370
5758 4754
2617 2742
4425 4516
454 444
5471 5551
127 106
4616 4745
7400 7474
4115 2136
200 146
5021 6001
3258 3200
4539 4604
3072 3119
1350 1402
1538 1619
7047 7146
4994 5048
748 637
2414 2522
1582 1669
4585 4690
1534 1596
5639 5707
3800 3877
4399 4455
5602 5703
1008 1074
5835 6542
1730 1817
2692 2808
855 920
4001 4088
4570 2748
7186 7385
4483 4530
5649 5722
3838 3919
6694 6772
5604 5678
4908 4911
2409 4461
3301 3280
3676 1507
6329 6386
626 565
4163 4256
551 479
5254 5336
6882 6961
901 959
193 76
3617 3695
5735 5828
1866 1966
3767 3840
4045 4136
3967 4049
853 3381
1399 3674
880 773
6348 6866
3978 4058
4136 4214
1743 1824
130 115
1297 1316
1524 1605
5708 5800
6139 6170
5855 5914
3501 3528
1450 1485
843 904
3812 3890
705 690
210 2922
822 890
3375 5095
5833 5852
6026 6036
1597 1681
7086 7186
5460 5530
4430 4593
1413 1462
7253 7338
6680 6757
6613 6674
5934 5966
6128 6167
711 702
5415 5496
6956 7058
2853 2896
1020 1019
4494 4632
792 825
66 37
452 419
7399 7471
4869 4851
3015 3055
6041 6082
6610 6661
7337 7340
1232 1251
3406 3466
7203 7100
1368 1449
418 348
6408 6468
2834 2846
2562 2709
2574 2717
405 395
6752 6843
1148 1230
5257 5333
7323 7413
7455 7524
1642 1727
5255 5337
448 360
7352 7475
807 887
820 3290
5387 5474
2142 2245
3770 1664
7158 7236
6841 6921
774 841
6297 6342
3477 5167
2661 2771
5738 6518
7062 7155
3055 384
6293 6344
163 55
2078 2155
5029 5049
4472 4539
4048 4139
3865 1822
2091 2207
1762 3975
5338 5411
6377 6416
2983 4773
949 994
4401 4505
933 1006
6281 6826
4532 4656
529 372
573 569
1745 1828
1134 1189
1252 3576
2576 2638
7132 6995
1401 1437
7144 7362
5124 5176
2113 2213
197 2918
433 421
6267 6316
963 1050
1913 4108
7266 7190
4411 2546
4038 4133
3001 4810
4201 4270
6206 6763
7338 7341
4860 4847
4573 4670
7055 7159
518 464
3907 1873
3198 3256
1268 1357
5585 6442
5024 5993
5900 5930
3274 767
645 640
3178 3195
5967 5996
5733 5805
6136 6173
2991 3019
5908 5894
4092 4188
4844 4906
1638 1725
1223 1311
76 16
4433 4523
3380 5083
6733 6809
392 185
79 2830
4970 5045
6036 6642
2609 4684
865 921
5030 5050
5397 6284
6030 6052
6376 6439
2075 2153
651 686
1887 1994
83 53
1430 1513
1208 3558
1939 2035
3958 5470
7195 7276
261 2938
1357 3663
6000 6612
6220 6269
4170 4259
5334 3930
6361 6410
2831 2855
3349 3403
1373 1458
946 1005
6062 6100
3829 3922
1218 1281
1484 3738
5690 4606
6269 6319
4626 4756
5140 6085
2494 2654
4033 4129
6448 5788
6456 5809
6948 7047
7169 7247
721 775
2083 2169
3640 3701
6049 6072
3705 1572
3533 1326
1070 1133
2351 2456
2286 2421
3549 5205
672 578
7220 7305
3660 3749
7000 7096
1429 1497
5234 6159
370 373
4125 5569
1988 2089
2671 2799
775 781
4736 4793
7160 7376
2631 2758
643 459
2668 2796
7074 7170
91 2854
231 142
2066 4193
6664 6729
785 832
5491 6351
6431 5771
5586 4410
4524 4642
7181 7262
2342 2441
5542 5627
2126 2244
4592 4710
2691 2807
6001 6613
929 913
3188 3154
3708 3757
3414 3482
3241 3197
4922 4967
6923 7019
1125 1213
5667 5744
6447 6504
5357 5441
7329 7315
6308 6856
6969 7071
761 765
559 513
3121 3126
5225 5285
7380 7455
3348 5055
5619 6464
1490 1569
6091 6128
793 3261
1937 2034
159 132
537 3179
3160 3175
6658 6188
2388 2574
5861 5874
4330 2406
3279 3352
5123 6083
1347 1434
1169 1152
5171 5236
4318 4392
1991 2082
5761 6533
3476 3557
2890 2898
3922 5451
5149 5174
2157 2257
5584 5693
5609 5694
7467 7538
5006 6009
4911 5973
1189 1279
4995 4992
2439 2533
6217 6767
5962 5999
4992 4990
4454 2588
6594 6651
1315 1394
4937 4999
4529 2706
1529 1611
1807 1895
6657 6724
2805 2840
5487 5584
5010 5069
1996 2087
3925 5452
489 314
538 508
4983 5043
2553 2704
3983 1983
532 509
3281 3334
6512 6561
5500 6348
5741 5810
1198 1262
7356 7431
5476 5558
59 1
2177 2309
6720 6801
7403 7477
6384 6441
6186 5408
2317 2407
1056 1140
1894 1999
5317 5394
5982 6015
6429 6481
4221 2279
893 3367
5036 5091
2307 2440
1995 2111
476 473
2070 4205
3775 3830
3296 3271
5955 5982
3436 3478
5977 5040
334 3060
3093 3122
2365 2497
2586 2715
2960 4764
5670 5750
5264 5343
7023 7117
1258 1341
6333 5621
7083 7188
4546 4659
2212 4357
3569 5234
441 3014
4757 4808
5960 6583
1405 1486
3073 3083
7410 7488
649 663
1704 1791
3820 3898
123 7
740 626
3421 3453
7166 7054
912 962
4008 4094
318 134
5523 6380
5211 5273
373 163
3028 3054
5296 5382
3336 3323
1137 1117
4834 4895
2962 4785
6782 6864
1083 1126
5176 5242
5734 4709
5956 5963
2323 2459
3853 3938
6506 6556
2470 2585
5530 5630
1875 1979
2156 4281
5159 5190
4830 4908
2419 2554
6597 6657
3270 3337
2966 2941
2032 2149
2139 2235
2821 2842
80 14
882 940
2466 2597
4324 2403
6319 6383
4435 4498
7014 7289
4240 5634
4885 4942
2979 2987
6004 6620
4945 5960
1467 1511
7012 7112
4116 2137
7011 7291
7163 7241
362 2972
6925 7021
6971 7072
5569 6418
5404 5490
7120 7210
1107 1104
977 1065
5991 6022
257 187
6734 6814
6585 6646
5717 5789
6836 6926
1977 2071
7126 7218
7427 7504
913 963
5993 5985
5292 5375
1288 1378
2909 2887
478 403
3231 4951
5321 5403
7207 7290
587 525
7052 7157
5290 5377
2265 2377
4725 4780
2065 2166
5736 5829
2111 2212
3044 3048
6286 6330
5189 6124
1876 1980
6524 6965
3101 3141
265 208
972 3422
5643 4479
6908 6996
4299 4363
1341 1393
718 776
6392 6916
844 905
1366 3648
1713 1797
5183 3649
1982 2076
599 532
5669 5742
1751 1837
6808 6905
81 15
183 145
6615 7036
2274 2386
5134 6097
2169 4282
3845 3934
3017 3053
1918 2012
5570 6419
4143 4240
3489 1253
5034 5081
4356 2438
1391 1474
7231 7142
1735 1810
4216 4287
6865 6952
692 3204
5871 5899
1816 1901
481 276
7428 7505
5135 5195
1825 1914
2031 4198
1474 1559
7051 7154
665 653
7435 7512
4910 4976
3318 3358
2163 2253
3573 3636
1692 3921
3023 3077
2636 2753
78 32
5589 5668
1737 1823
1028 5131
4247 4302
7209 7293
3520 3598
4239 4295
4269 2331
953 1038
6737 7116
2199 2326
5715 5813
6059 6094
6159 6198
2842 2865
6338 5635
543 526
2511 4625
5256 5346
3321 3281
7348 7426
3081 3127
6082 5231
1763 3976
277 2992
4367 4468
2404 2536
4176 4258
4396 4502
3175 605
3885 3979
3106 3013
6678 6750
5125 5177
564 333
3090 3090
5320 3899
198 2919
6191 6245
1269 1366
5743 5832
5427 5505
206 9
1551 1601
7115 7199
6595 6650
1207 3548
6718 6799
2519 4596
1491 1544
3492 3581
6214 6768
7350 7427
7363 7437
6301 5574
5999 6032
1386 1468
6985 7089
7389 7463
2862 2908
4574 4671
3359 3419
5280 5362
5303 5384
1979 4154
4017 5495
2279 2437
1605 1691
2051 2139
1771 1852
998 1067
310 215
1953 2051
4053 4151
3652 3692
6014 6050
3179 3196
1296 1297
6101 6145
5881 5866
1238 1267
3765 3831
4085 5538
984 1064
1203 1214
6960 7066
5247 5334
1456 1554
6748 6340
3789 1697
5914 5936
3075 3031
2512 2673
3555 3632
1330 1406
5383 6279
3071 3081
385 319
4185 5602
710 764
4192 4261
3413 3439
2405 2537
4879 4868
5146 5204
1774 1858
2479 2577
1786 1868
3959 5471
2694 2810
1367 3647
5885 5913
7043 7151
6552 6609
3082 3138
5080 5133
1752 1836
3531 3603
6221 6270
2528 2649
4534 4583
4746 4816
670 579
1856 1956
2303 2414
6704 6787
552 481
3425 3441
6532 6573
4569 4704
2520 4597
6995 7093
4246 5616
364 370
3242 3283
4989 5036
1515 1575
5623 5738
5412 6298
1708 1793
4282 5651
3303 5031
6187 5409
4086 4172
5344 5421
7273 7430
422 381
268 120
4544 4669
3500 3575
5192 3655
3998 4085
6045 6641
578 580
6304 6850
3932 5456
6145 6178
5590 5667
6168 6208
6893 6973
5376 5466
7147 7230
713 758
2702 2826
6682 6243
3180 566
5270 5354
5625 5709
7372 7444
5963 5976
976 1061
6170 6214
6824 6912
3804 3875
135 48
2564 2674
2660 2772
2984 3026
1292 1376
4807 4862
1989 2100
6823 6477
4227 4332
2475 2639
3014 3036
2210 2321
102 19
6189 6753
938 888
4158 4246
4009 4095
4803 5850
903 813
2957 179
6223 6272
5720 5816
4003 4098
110 58
2205 4355
1388 1428
6423 6489
4588 4706
5742 4708
6065 6106
6397 6456
3499 3568
5880 6548
443 297
1557 1646
5291 5376
3579 3640
3024 3052
597 530
5762 6534
203 2916
1209 1322
3842 1787
5054 5064
6227 6277
6241 6288
4377 5723
6998 7095
386 334
1566 1643
6163 6203
6994 7092
5122 5180
696 745
1719 1796
4952 5004
3943 4025
2161 2268
6868 6525
2503 2661
1882 1988
1331 1405
3605 3653
3985 4067
7179 7258
5306 5389
3897 3987
1808 1896
7230 7409
1414 3690
5133 5194
5276 5361
3322 3387
2685 2800
848 911
3780 1679
846 836
5488 5585
4984 5044
3332 5038
2554 2705
2971 3023
177 123
5854 5898
1221 3551
4314 4417
3816 3904
1275 1370
5218 5291
5163 5232
5989 6607
6098 6144
3664 3723
251 212
7235 7318
3458 3523
4379 4454
6974 7073
7295 7382
2491 2682
1370 1445
6730 6812
3604 3693
5012 5017
6331 5631
6525 6966
1251 1345
3481 3555
5987 6023
5648 5717
2262 2366
2375 2532
1074 3503
6398 6459
6779 6861
3381 3445
682 621
5075 5104
5705 5786
5836 5882
7247 7328
2942 2829
817 817
6614 6675
830 859
3213 3250
279 172
7152 7367
801 866
1294 3606
7468 7539
5271 5353
4301 4359
3627 5268
5446 5528
1667 3894
2006 2114
169 62
5594 4409
6744 6825
5113 6056
1794 1877
7034 7133
2597 2733
2676 2781
3548 1351
470 387
1329 1360
1160 1212
3251 5035
3050 3097
5606 6437
5537 5620
2402 2509
930 863
4333 4400
4019 4106
1591 1657
837 906
3045 3102
4341 4411
566 388
6693 6769
6965 7067
6445 6503
2612 4682
7149 7033
7364 7436
3337 3308
1703 3918
5187 5233
2220 2320
2410 2512
4976 4977
4177 4278
5998 6010
1010 1070
5324 5399
5099 5117
2258 2365
6057 6084
4436 2607
6629 7046
3679 3760
5921 5954
3694 3766
2596 2721
755 812
4080 2102
5893 5937
6964 7069
2851 2853
4619 4747
5109 6073
3833 5406
363 2973
4389 4463
5165 6108
227 198
3928 4012
5147 5203
3141 3177
462 383
7431 7509
4079 4170
3608 3699
6318 6373
1547 1637
5304 5385
2136 2228
1969 2086
1914 4104
887 968
6535 6577
5180 5219
3750 3819
4575 4707
5947 5961
6916 6998
3154 3100
3793 3857
2485 2668
2876 2942
2073 4191
3948 4029
3370 3420
4776 4846
7392 7465
1944 2055
7395 7470
5857 5888
4105 4184
632 3248
6381 6440
3954 4037
4203 4271
583 542
5563 5658
3113 3156
3435 1127
7272 7353
474 398
6199 6251
5817 5863
2684 2805
4380 5728
6463 6511
758 681
7373 7443
5390 5476
2987 2996
4381 4450
1900 4096
3550 3625
7233 7139
401 3009
1424 1454
4540 2683
1736 1811
5027 6005
3466 3515
3953 1942
1381 1423
6866 6953
6944 7041
5872 5900
1398 1484
3920 4006
365 371
4035 4127
2340 4452
5909 6571
1932 2029
1813 1904
4459 4616
317 218
585 3139
7172 7252
896 856
1711 3932
5841 5879
143 28
5657 5725
3521 3599
4563 4697
2843 2866
3315 3288
1458 1532
5069 6040
2543 2701
5079 5145
7393 7466
4104 4212
4288 4352
6984 7086
4566 4662
2411 2511
7218 7396
4214 4314
6645 6712
5402 4078
439 3109
1082 1163
3693 3743
5808 5849
5107 5156
3830 3907
1568 1656
2578 2697
7369 7372
6192 6246
6686 6765
3467 3508
3625 3681
7303 7301
7156 7235
6858 6944
1686 1771
6899 6977
7396 7467
7116 7200
3990 1990
954 3389
5275 5355
3761 5356
5119 6064
969 1057
1809 1891
222 2864
7288 7377
4180 4285
6544 6589
4156 4234
425 279
6365 6429
921 995
4355 4416
7102 7205
2651 2767
2285 4381
5077 5124
1602 1687
7194 7277
2937 2845
5039 5047
1614 1698
6452 6517
5062 6028
5454 5556
258 2983
5607 5680
3989 4083
5316 3888
5360 5444
897 804
4948 5019
614 3147
4771 4838
3526 3605
4905 4958
383 3064
1567 1644
6907 6989
6509 5893
98 2835
1105 3496
4899 4915
3556 3633
1485 1536
2907 2859
7067 6924
5943 5000
6320 6393
5650 5761
3368 3365
4747 4806
691 694
2014 2122
1228 3570
1396 1419
1909 2006
2329 2425
1789 1874
7302 7393
767 814
3986 4068
5116 5136
1940 2039
4224 4308
937 960
3431 3492
256 173
1528 3786
2271 2431
6345 6397
101 8
5923 5958
4383 5724
5068 5102
167 64
6765 7131
1684 1760
4820 4814
1377 1460
936 895
484 415
1966 4150
510 490
241 167
4493 4635
467 379
6957 7062
3311 3366
1099 1171
1935 2044
1445 1492
3245 3188
5191 6129
1335 1358
2153 2231
3100 3108
6471 6532
1733 1812
1560 1620
5994 6594
4123 4235
5311 5393
1657 1726
1933 2028
2338 4453
4343 4407
4605 5821
572 512
3290 3340
7460 7544
6442 5795
6257 6302
6918 7017
859 926
1696 1773
4944 5959
2147 2247
6646 6169
249 190
3162 3192
2977 4872
5241 5327
1210 1274
107 18
1792 1864
2917 2910
3136 5917
379 362
3275 3315
570 558
316 2934
2875 2857
3373 3406
4816 4869
6785 6881
2860 2888
6949 7051
6546 6600
4258 5640
2108 2197
6436 6487
3304 3351
1132 1107
6421 5749
5214 5260
7413 7491
7475 7555
4741 4767
4167 4257
1126 3502
4503 5777
6758 7128
1549 1640
5874 5915
4254 4313
5392 5479
2994 3049
1389 1429
6981 7081
2110 2218
1586 1641
5990 6020
3716 3773
3883 3972
7341 7423
3826 3897
885 935
1520 1602
4098 4180
907 3350
133 116
4930 4930
6511 5905
3773 5374
5346 5423
6796 6893
4461 2620
5421 4122
6746 6837
5105 6060
6156 6735
7260 7344
2437 2521
547 3114
2268 4373
5114 5148
6641 6164
7346 7472
6856 6941
6068 5209
4345 4446
3396 3475
5242 5332
6869 6526
3503 3544
7113 7204
3843 3914
1332 3659
6561 6603
5465 5553
1285 3602
1505 1588
4166 5588
5862 6537
6786 6882
335 322
377 291
7046 7149
3924 1893
3022 3076
5168 5227
2865 2852
5540 6395
7432 7510
6455 6505
4810 4801
3578 5229
2892 2952
7005 7104
942 3374
3696 5299
6838 6919
3236 746
5395 4060
1870 1969
4865 5901
6419 6486
1224 1317
3000 2960
1477 1558
2656 2785
4876 4918
6391 6448
2680 2784
3145 3182
4141 4217
1230 1329
891 965
5202 5265
2624 2720
6449 6515
3427 5132
6182 6230
3382 3446
7335 7420
744 572
5004 5059
4917 4959
1845 1937
2172 2265
2448 2589
1595 1683
7214 7303
89 65
5196 6127
6155 6201
6853 6940
2607 4679
1699 3915
6826 6909
3197 3219
4981 5032
5419 5501
4061 4152
916 3355
3658 5275
5459 5546
6019 6042
239 147
7308 7398
1371 1448
5752 4714
1090 1172
6236 5477
6415 6472
5416 4117
3047 3068
5745 5808
4901 4947
838 907
4358 4420
4934 5001
495 316
4468 4524
5603 4428
5936 5943
6912 7010
6359 6409
166 51
3567 5222
162 125
2442 2528
1571 1667
2339 4419
2996 3029
6047 6086
2825 2877
531 468
6151 6193
3737 3792
6164 5381
2207 4335
2179 2287
7131 7355
94 24
7049 7148
581 3133
4567 4663
105 23
4403 4456
1380 1412
408 365
5005 5060
3495 3526
2536 4630
6215 6263
396 337
513 293
797 886
3120 3034
6399 5714
199 169
2449 2541
7397 7468
3418 5141
1400 1488
2921 2964
2869 2894
290 117
4119 4229
6441 6493
5351 5427
6366 6430
1323 1337
6406 6466
1064 1056
2140 2233
6021 6031
1943 2040
6777 7138
6809 6907
5801 5848
2297 2460
3641 3707
3208 3266
3038 3099
2931 2940
1109 1096
5951 5965
2154 2226
7039 7313
7154 7371
181 148
2877 2943
3791 3859
6780 6867
726 756
3137 4891
3298 3304
296 281
4275 4337
4122 4195
391 345
1478 1557
4371 5696
7111 7201
3007 2878
6661 6727
835 3286
6325 6377
7106 7207
3616 5272
3527 3545
3731 3796
6144 6177
7474 7554
6273 6821
3715 3764
2982 2986
1262 1339
3606 3660
1645 1730
345 242
6699 6781
7010 7109
2988 2997
3645 5283
4222 4291
485 416
4589 4716
1965 2075
3595 3642
2997 4871
595 521
3881 5431
4832 4876
376 363
7408 7484
3114 4874
3224 3216
6462 5834
1579 1638
5863 5870
7174 7249
3498 3567
7292 7244
1182 1231
3806 3882
6311 5593
4531 4673
4391 4473
675 476
3655 3737
6357 6423
3313 5025
2585 2731
6031 6063
6033 6068
1246 3577
6685 6761
5580 5661
301 194
6712 6793
2530 2656
4728 4786
2587 2664
4768 4818
4489 4550
1761 1833
2347 2463
7077 6931
520 3061
6942 7037
6745 6828
6662 6728
1283 1327
2490 2587
1183 1259
1097 1175
5666 6485
1033 1092
399 385
1469 1552
5378 4033
6580 6627
6894 6968
553 549
6430 5755
1140 3516
3938 5458
1135 1221
4847 4905
2280 2392
5370 5461
2883 2920
1094 1141
1851 1948
3474 3519
6212 6264
356 3043
3600 3688
5393 5480
273 191
1750 3956
819 882
5571 6422
4070 4160
6363 6890
834 923
1823 1906
4795 4877
575 601
419 323
5018 3360
2973 4770
925 1000
3158 3125
6649 7056
898 805
2122 2217
3675 3733
5261 5341
2919 2928
528 359
2115 2214
5224 5305
428 225
4975 5979
3273 3282
569 517
5560 5650
6929 7024
2525 2687
733 738
1235 1324
6812 6895
4931 5975
234 136
688 620
3886 3974
5905 5923
637 622
1229 3571
6598 6653
967 933
5174 5206
2004 2115
4057 4148
4705 4775
5968 6596
768 815
4528 2644
6516 6546
6066 6110
7096 7191
1810 1894
2287 2390
2580 2699
922 974
457 309
5608 5686
5647 4495
1842 1938
2309 2468
5457 5532
5929 5964
3597 3680
4822 4859
195 91
353 352
6274 6322
3323 3294
4543 4678
3745 5347
7360 7434
6861 6945
506 469
4264 4328
7037 7134
1471 3719
3546 3622
2563 4643
1621 1694
3170 3201
6016 6043
245 2867
2456 2557
2613 2747
612 603
3307 3346
2430 2606
3764 3823
2120 4249
4841 4864
347 2925
6282 6830
6360 6408
7201 7284
1606 1696
3858 1805
4202 2243
2188 2288
6244 6297
3377 3444
2434 2614
7015 7113
5364 5449
1599 1692
3619 3696
4792 2927
6851 7185
1141 1176
798 809
6978 7076
3340 3396
1114 1183
4444 4621
1624 1695
6644 6703
5173 6117
5233 5295
6825 6476
5406 6291
6022 6046
2513 2645
2896 4804
3596 3664
3974 4056
5017 5068
2976 2999
314 301
5637 4480
952 998
2628 2725
509 330
5336 5412
3747 3808
7204 7288
7309 7399
1444 1533
3440 3501
5980 6587
4496 4544
327 227
2013 2109
1011 1081
7280 7364
1068 1087
1879 4070
5245 3776
1339 1383
2385 2500
2450 2540
4252 4315
641 668
109 39
6157 6202
2514 2618
1320 3626
2829 2860
7394 7469
3513 1243
2452 4511
6848 6933
6827 7175
7099 7193
517 460
731 789
5691 4646
1014 3432
4413 4486
1795 1881
6410 6469
2076 2191
840 3401
4872 4941
524 470
2394 4514
4520 4564
3929 5454
7322 7412
2461 2592
3064 3058
1848 1940
2080 2176
642 638
5725 4719
5431 5509
5285 3833
2384 4484
1857 1953
7362 7480
2234 4377
727 755
1634 1722
5437 5517
1573 1626
3777 1688
6975 7075
1756 3960
3367 5073
4458 4525
7162 7239
3906 3993
3539 3623
6631 6698
6109 6146
4064 4157
2615 4696
920 991
5701 5794
5917 5944
7327 7415
6556 6610
2686 2806
831 925
6111 6152
7075 7180
2354 2457
4199 2242
4313 4390
2350 2455
3636 3728
803 807
3419 3488
3592 3669
3902 5442
7248 7331
2298 2461
4363 5705
2327 2493
1390 3675
6069 6099
7028 7122
1600 3850
829 3299
4629 4759
7030 7125
7469 7541
6536 6581
2943 4776
4051 4141
6328 6394
3361 5063
2657 2786
6040 6058
3968 4050
3446 5142
1613 3848
3441 5139
3358 5101
5566 4367
4918 4960
479 3033
315 2915
3516 5184
6953 7055
288 233
4441 4548
1031 1023
6224 6274
1115 1200
7451 7523
1433 1498
4029 4113
4409 4469
7463 7547
5935 5967
5289 5380
7215 7304
499 430
4205 2274
312 206
1266 1362
5511 6353
402 229
3622 3682
2098 4243
3211 5008
2046 2125
99 68
4414 4481
3537 3619
3899 3986
883 778
4808 5886
5132 5191
3510 3583
6167 6216
2866 2873
5856 5868
4599 4734
5504 5590
3683 3755
5901 5932
1971 2063
3385 3390
1254 1307
3191 3158
3330 5085
4972 4984
6279 6827
1470 1560
4508 4566
999 1075
5831 5859
3754 3798
7013 7110
5158 6101
3230 3285
3496 1256
1216 1223
7007 7108
6928 7023
507 3045
7466 7537
354 259
6497 6959
6148 6196
7383 7459
3911 3997
237 203
7406 7481
2335 2453
4845 4917
7371 7489
2229 2337
3971 4053
1784 1866
1264 1353
2325 2418
6339 6390
4557 4658
5284 5369
5838 5876
148 112
3485 3521
5731 6506
5918 5920
6562 7000
6764 7130
5652 6482
4410 4470
6708 6788
5118 5173
3784 3846
7145 7363
5597 5702
6813 6894
338 312
5973 6591
5371 5462
7142 7225
5498 6347
2332 2426
873 941
2380 2471
5155 5210
769 629
300 202
1498 1580
2658 2791
5308 5386
3901 3989
3272 3336
2846 2833
5450 5539
633 672
6604 6659
1608 1690
3462 3541
2363 2466
1072 3480
3043 4828
7188 7270
4451 4509
6051 5172
4553 2713
845 915
1110 1097
3987 1986
4423 2550
5209 5280
965 1022
4790 5846
1147 1135
332 122
2312 2481
7286 7375
1152 3532
136 49
2523 4576
2949 2988
4234 2280
5363 4001
3132 3168
1019 3438
5295 5373
858 918
3580 3634
1436 1521
4598 4715
1523 1591
3663 1517
2072 2161
1333 1414
3587 3665
7476 7556
240 157
5656 5726
1382 1457
770 647
205 165
1705 1781
357 364
2100 2205
6341 6399
4194 5603
6158 6204
1302 3613
4880 5949
2259 2412
1712 1792
3487 3556
4864 4928
2090 2170
5556 5655
4979 5034
6316 6371
5954 6586
7073 7171
6092 6132
674 665
3494 5170
6183 6233
3719 3780
4428 4589
2393 2499
1760 1843
7330 7462
2128 2221
5946 5016
471 3027
1836 4030
6076 6105
6240 6286
5621 5698
1237 1242
6172 6211
3283 820
2953 2870
2024 2127
4490 4551
1957 4149
1678 1761
828 908
5366 5459
3727 3779
208 99
2344 2435
4217 5623
6009 6037
3166 3221
1917 2016
6660 6726
6006 6039
1804 1889
5305 5387
202 101
2054 2142
1397 1467
6979 7272
1047 1060
554 550
6180 6747
1334 1415
6197 6248
5071 5077
4753 4799
4111 4203
894 3412
5286 6205
5904 5942
4622 5840
1459 1556
3803 3867
382 361
3344 3394
3759 1662
7297 7446
5922 6574
5297 5367
2226 2376
3200 3244
2552 2685
1123 3506
3935 4014
1476 1526
1051 1035
2557 2634
4055 5512
864 922
84 31
2191 2296
2911 2931
2315 2491
4886 4926
5888 6554
2130 2211
3300 3369
1796 1882
2021 2110
941 1014
2595 4661
4260 5641
7210 7295
5940 5947
2571 2692
4732 4779
1946 2045
2992 3041
5301 6212
3776 3838
557 527
2920 2929
6233 6281
6625 6681
6885 6964
1157 1194
2882 2893
3171 3217
3726 3775
1679 1762
7026 7123
3362 5062
1247 1334
7146 7228
6983 7082
655 708
4594 4724
3869 5418
7287 7374
6002 6033
6334 6376
6528 6970
3135 4893
892 821
7219 7401
6547 6595
1758 1840
1767 1848
7319 7407
6917 7008
358 350
2885 2872
1354 1409
1461 1549
1755 1842
6147 6181
243 138
1598 1684
500 429
2473 4570
2050 2146
4893 5952
2546 4617
886 946
4618 4743
4815 4833
3465 3547
1395 1473
4043 2049
3199 3242
7038 7135
1639 1729
2622 2749
605 592
4026 4124
4429 4578
6834 6918
2184 4338
1250 1344
2186 4343
247 156
4781 4798
6389 6451
2666 2777
3732 3799
526 325
3850 3924
4359 4424
429 413
2932 2957
2899 2955
1036 3498
6225 6275
4581 4718
4617 4746
2173 2299
1076 1073
2378 2494
2107 2210
2025 4177
493 3149
1121 1111
6976 7077
5396 4064
4926 5971
3364 3417
3975 4057
1532 1608
1640 1710
2241 2345
884 779
684 524
6307 6363
4147 4227
4748 4813
394 258
3748 3809
5405 4082
4497 4541
6132 6168
4219 4324
3190 3220
3306 3376
4187 4265
2545 2690
212 110
5309 6217
6567 6624
434 341
2946 2974
7227 7310
5468 5542
1923 4112
4128 4225
1460 1555
6245 6299
5236 5318
1457 1504
3035 3050
4021 2017
841 872
4479 4598
533 3079
3951 4035
3824 3901
6174 6222
2601 2735
5350 5426
1811 1899
6671 6738
2019 2131
6655 6725
5299 6207
426 390
1426 1515
4446 4529
2559 2628
5319 5404
5740 4700
2502 2679
5632 4459
1048 3457
4623 4750
7358 7479
6703 6786
3572 3624
2457 4588
6732 6808
2160 2261
1487 1516
5083 5123
3889 5438
6461 5833
6592 6091
4449 4545
6458 5835
2318 2417
4486 4532
6372 6412
6007 6632
3328 3313
6181 6231
6962 7256
323 222
1154 1187
3394 3459
3432 3497
3593 3670
1673 1752
4915 4962
4507 4555
1626 1709
3530 3610
720 740
6012 6626
4368 4434
6278 6327
2804 2831
1385 1465
3540 3615
5181 5245
1919 2011
6531 6580
4213 4277
1481 1537
561 392
3389 3469
473 3107
2489 2586
1654 1719
3102 3143
3778 3851
4842 4890
4259 4327
1025 1012
463 310
3203 3228
1053 3485
4443 4521
628 591
7316 7404
6814 6913
997 1020
6203 6254
5578 5662
5593 5670
1270 1368
341 239
1086 1099
5340 6239
2868 2837
3409 5121
411 213
5926 6575
6801 6883
6295 6339
5673 5752
1644 1734
4767 4837
1636 3863
6798 6880
3682 3721
5117 6062
549 562
4825 4865
666 645
1892 4092
850 927
3054 3065
4809 5887
6793 6886
3269 3239
5713 4667
4317 4382
5719 5791
4067 4161
673 678
5164 5197
1059 1149
3840 1778
1249 1342
6195 6756
5970 6012
806 853
6276 5541
1255 1308
3739 3803
2695 2814
6771 6859
955 931
415 407
1967 2066
1822 4018
6264 6309
5642 5721
6067 6095
6596 6647
3846 3928
4242 4301
2602 2728
1326 1348
7411 7517
6530 6576
3196 3213
1860 1959
1863 1963
5227 5309
6617 6680
186 177
238 204
722 3224
1205 1191
6355 6411
2336 2454
3350 3408
2202 2305
1701 1784
3192 3246
3159 3218
281 224
1911 2007
2011 2120
2968 2933
6579 6621
2641 2734
2413 2543
4244 4317
3407 3465
1463 1545
1342 3652
1757 1834
108 10
6409 6467
3722 3782
3149 3171
6096 6136
2235 2344
6563 7001
7128 6992
117 44
6753 6842
5653 6483
2086 2179
5381 4040
4321 4395
5470 5535
3644 3709
5333 5415
1837 1930
427 389
1092 1161
3785 3847
6089 6135
5072 5078
701 744
7282 7366
4173 5581
3742 3813
5373 5460
3097 5906
5372 5463
1690 1770
3819 1753
6130 5335
1676 1763
1537 3785
919 982
6134 6179
3867 5419
7298 7447
877 794
1159 1205
295 38
3078 3121
5160 5192
1930 2027
1291 1312
2089 2180
899 828
1179 1228
3996 4084
395 311
7189 7271
2650 2764
4437 4517
3408 3437
1724 3946
5588 5666
152 103
4492 4572
1727 3950
2009 2098
4434 4522
4902 4950
918 880
6601 6115
5138 5162
2005 2104
5728 5819
974 3411
180 126
3443 3517
602 556
6521 6569
4138 4206
3209 3278
313 300
4848 4923
2002 4168
7457 7507
5359 5440
1369 1422
5331 5413
876 934
407 339
6677 6748
623 3151
5152 5216
3219 3249
826 739
1304 1391
6123 6162
1067 1086
6404 6471
6618 6677
700 3272
6542 6579
5067 5107
230 130
2867 2905
2257 4399
3786 3855
6972 6749
2532 2615
4484 4552
4530 4591
436 435
4195 2258
3042 3093
5985 6588
3057 3104
2170 2277
2000 2085
6763 6848
1003 970
216 2844
609 3132
5502 5592
7212 7297
3684 3759
6623 7039
1961 2058
5622 5699
988 1063
1987 4164
3933 5457
1589 1659
3751 3821
1431 1475
368 3080
2383 4483
6910 5989
6122 6701
1687 1769
2472 2675
4758 4802
3076 4855
4463 5774
2620 2744
3294 3275
4183 2236
2970 2981
389 317
964 3402
7325 7319
6252 6306
1253 1263
4181 4283
4113 4189
3554 3631
6901 6983
546 506
3915 4002
139 54
968 952
2667 2773
852 721
1663 1731
4453 4610
3677 3726
2652 2765
3220 3241
430 286
4797 4768
1962 2059
4348 4413
2253 2362
4112 4204
966 1043
6545 6604
142 109
1480 1522
895 3413
4547 4654
6611 6671
5681 5760
5760 6535
262 161
3226 3167
5634 6473
6255 6307
7376 7450
5869 6558
2630 2755
5268 5351
648 568
233 137
5442 5526
5894 5916
2238 2339
5243 5312
6008 6631
3412 3495
2673 2780
5932 5957
5658 5769
6635 6707
1233 1252
6074 6098
287 232
1446 3712
2376 2503
4245 4351
5293 5379
2993 3042
6086 6133
5485 4236
4190 4273
6234 6282
3854 3936
638 662
4293 2349
3066 3096
4025 4110
2357 2465
7252 7337
1130 1167
4500 4553
7029 7126
4804 5903
192 87
4412 2545
7359 7435
2535 2696
161 119
862 917
6860 6502
6627 6691
156 66
4418 4489
4304 4368
1501 1583
2659 2794
2118 4244
4517 4559
2926 2947
2575 2716
6756 6845
1462 1550
3612 5251
1954 2053
5906 5940
824 878
6209 6258
1155 1188
679 594
5583 5665
5852 6541
442 434
2225 4371
4927 4981
5022 6002
3766 3834
246 82
5433 4146
5259 5345
6387 6445
5477 6331
3923 4010
4102 4211
1313 1388
1783 1865
760 722
3876 3967
3917 4007
7123 7215
3074 3089
4002 4089
3603 3698
956 930
669 3189
3564 1306
2151 2250
635 446
4870 4925
4963 4983
297 226
1768 1830
1337 1399
7417 7522
6810 6892
2167 2267
5106 5137
3259 3251
7382 7457
6987 7088
3795 1703
3010 3047
1781 3985
5258 5348
1256 1239
571 583
6581 6623
2242 2342
1049 1130
3326 3383
992 3470
1284 1363
1163 1134
1118 1197
2426 2555
7229 7408
3762 3818
6072 6116
6364 6428
6754 6841
215 176
6749 6839
7001 6790
7061 7167
1319 1401
6915 7009
3091 3117
2549 2619
3008 2911
5703 5780
7191 7274
5278 6192
6346 6403
2985 2944
325 2932
118 50
6572 6628
2678 2803
3309 3388
5997 6614
6968 7070
6054 6087
4397 4493
1116 1103
1895 1997
2067 4192
6519 6567
1468 1518
1113 1105
3687 3725
3079 3120
7153 7042
1483 1564
1934 2030
3177 3234
3601 1450
4583 4681
5100 6077
6736 6820
556 518
223 158
6411 5736
5828 5867
3005 4797
4855 4907
6112 6154
4069 4167
2260 2370
5250 5330
1420 1452
1655 1736
4407 5745
4933 4982
3524 1304
5858 5909
4353 4426
6566 6606
5548 5645
456 450
3892 5439
6464 6520
4196 4266
2092 2208
4277 4345
6593 6092
204 118
1759 3968
4940 3263
1346 1424
3457 1115
4966 4956
4505 4546
3506 3574
1992 2081
6100 6139
3552 1354
3921 5448
1832 1929
1192 1164
4884 5907
2418 4515
2682 2798
5337 5417
1839 1932
1417 1490
4631 4761
5536 5629
5493 4248
2458 4561
6242 6292
4724 4781
342 270
501 461
6864 6946
4835 4901
3167 3194
6466 6521
823 909
4016 4114
2185 2318
3292 3326
2544 2708
404 283
7277 7432
6553 6597
714 717
4523 4563
1651 1721
6416 6470
4955 5015
3957 4041
4968 4974
7184 7264
1802 1886
739 803
5170 5226
6369 6432
1276 1365
4595 4711
6761 6849
4802 4863
182 95
3982 1977
5706 5782
271 181
5753 5836
2293 2402
6586 6639
6052 5175
1087 1100
4066 2088
5516 6355
1539 1633
511 290
2635 2738
2131 2237
4452 4571
77 17
4132 4196
6451 6508
1554 3801
5251 5339
6058 6096
6375 6891
5710 4660
3051 4825
2531 2635
1506 1590
3126 3163
1165 1238
2662 2770
6514 6957
782 646
5486 5572
4188 4260
1438 1520
4161 2193
7117 7212
5722 4674
7059 7160
871 928
3801 3880
2645 2759
5611 5712
3934 1900
3518 3592
4044 4144
6310 5597
449 304
3615 3667
2104 2202
1601 3849
736 780
2603 2729
3115 3173
5269 5350
2374 4476
3857 3940
6939 7232
150 60
2203 2306
1702 1785
5035 5080
4107 4218
2515 2653
812 899
3847 3939
3557 3612
2928 4789
4182 4284
4114 4190
3706 1573
2417 2548
5052 5075
1403 1431
5751 4735
2608 2702
6351 6402
3302 3343
890 944
6805 6904
3025 4820
3862 3942
267 207
4349 4414
2486 4609
217 152
3232 3267
787 3362
3168 3191
4755 4824
5535 5625
7239 7317
6207 6256
409 427
1849 1944
5567 5656
6633 7050
900 838
453 443
1800 3999
6787 6869
7008 7106
6940 7035
496 500
5330 6238
7003 7103
3910 3990
2618 2743
2041 2141
878 795
737 551
7377 7451
4610 4740
5120 6066
3297 3354
6665 6730
7473 7550
5513 5594
3589 5250
2688 4742
3062 3113
306 209
5979 6018
2386 2490
4283 4378
5601 5672
3053 3075
1731 1818
874 955
1659 1740
5139 5163
2300 2408
6258 6305
4580 4717
6696 6777
3914 3996
4999 5020
5902 6557
6261 6310
6802 6889
4169 4268
6584 6644
3743 3814
3210 3279
5298 5371
5166 5214
6621 6682
5403 6289
1897 4099
90 4
5579 4396
3611 3697
4046 4137
6757 6835
3048 3092
1985 2073
1299 3614
6378 6902
4091 4176
7133 7221
6670 6220
704 689
1058 1051
1227 1331
1596 1680
144 63
881 868
2577 2695
3704 3768
329 127
2299 2430
2036 2129
6955 7057
1984 2083
1542 1610
2813 2863
7257 7342
3779 3844
4996 4993
6280 6326
3305 3364
4024 4116
6855 6936
868 3307
6931 7029
1175 1246
3904 3988
4778 4829
6783 6872
6023 6044
1464 1548
4060 4153
6857 6949
4106 4186
1530 1612
5028 5082
3040 4821
6238 5482
3030 2978
3994 4080
1075 1136
983 1030
4907 4970
3505 3579
2245 2354
4378 4442
3519 3591
7263 7345
69 2869
4331 4402
4360 4423
2444 4490
592 433
2548 2672
6204 6255
5097 5122
6695 6773
3629 3722
2152 2251
636 447
7357 7478
1156 1147
5600 5677
86 25
6296 6341
4049 5510
5635 5720
6788 6875
6249 6795
6453 6513
3255 5014
1418 3704
6386 6444
3960 4044
694 3180
2027 2143
4040 4135
236 189
1180 3538
993 3471
1938 2033
6639 6710
4137 4216
1744 1827
5050 6038
6880 6955
1172 1225
5325 5405
1119 1198
1829 1918
6647 6715
6368 6413
987 1009
5237 6153
5961 5987
1084 1154
1512 1563
6118 6161
432 420
939 894
3849 3933
2432 2617
6403 5719
6063 6102
4878 4935
5148 5179
1496 1578
4058 4147
558 576
5678 5767
1356 1433
1814 1897
4938 4998
3142 3183
1219 1294
4257 4361
5655 5772
4833 4888
4470 4599
6439 6494
3666 3746
5895 5926
5044 6013
625 431
2149 2241
1889 4079
1732 1799
6277 6325
5154 3585
3720 5317
6432 5762
187 151
4220 5622
7262 7349
7354 7476
2700 2823
2033 2138
1891 4091
361 3051
1817 1898
3961 4045
2493 2594
593 618
7333 7418
7103 7209
3807 3885
5975 6017
5907 5941
1149 1235
171 57
3187 3205
1089 1178
381 253
4818 4881
1818 4019
4129 4220
2814 2862
2224 2373
2584 2718
996 1001
2886 2880
5203 5262
1374 1459
781 819
7019 7298
3880 3964
5410 6294
97 30
4193 5605
6735 6815
4184 4254
2010 2119
3244 4953
6467 6522
6340 6387
5679 5768
6194 6754
7301 7391
2697 2815
6289 6833
832 3292
5053 5111
4894 4892
333 128
5332 5414
4625 5842
2672 2788
6088 6134
4332 4401
5689 4601
5240 5316
4015 4105
4124 5568
5235 6160
497 503
2218 2316
6434 5765
1046 1024
6229 6776
5853 5856
2856 2904
5182 5247
145 72
3437 5158
7112 7202
3894 3981
1045 1028
4538 4603
1540 3795
6079 6120
4207 4279
232 143
4560 4680
926 903
5748 5831
6750 6840
2288 2394
4882 4934
3670 3754
3009 2912
5704 5781
2861 2875
6799 6877
5447 5518
2251 2364
209 2976
783 790
6900 6979
7461 7529
690 683
5016 5011
5830 5862
7379 7454
1742 1814
1694 1777
4962 6000
1057 1143
1017 999
5702 5796
7170 7248
4238 4342
3980 4061
129 114
1819 1912
3286 3357
743 655
2391 2495
5827 5869
2632 2730
1785 1875
5610 5684
2159 2252
3161 3129
3374 5094
5986 6592
400 166
6160 6199
2619 2722
2501 4628
1718 1789
7031 7124
5399 5486
512 340
2069 2168
2301 4437
4838 4880
5057 5105
6493 6544
3940 4027
138 33
2064 2174
6205 6764
3981 4062
2965 3010
5538 5617
6312 6364
4967 4957
725 783
3453 3507
7421 7499
6977 7269
1994 2078
2415 2519
5169 5224
4289 2338
2275 2433
417 347
5353 5430
6600 6663
4921 4966
1060 3473
4716 4796
4082 4183
6897 6974
7452 7496
4204 4292
6702 6293
3327 5039
372 278
1001 980
3086 454
6515 6563
154 77
1423 1500
6724 7111
754 788
4993 5998
685 608
7232 7141
466 439
5693 5779
4895 4937
6554 6598
6575 7020
5277 5360
1775 1856
1886 1995
2397 2599
5026 5991
1439 1525
5065 6027
272 182
2471 2571
7071 6914
7234 7314
7213 7115
7139 7357
2049 2148
5249 3778
2096 2199
1697 1779
2145 2249
2481 4581
6266 6315
4171 2201
3036 3046
397 376
2551 4636
970 3477
910 958
116 3
911 961
1486 1574
2420 4542
5066 5114
654 695
1211 1289
2591 2658
303 230
3637 3684
2967 4787
7264 7346
4337 2415
6024 6629
5732 5804
3060 4897
5969 5997
6380 6427
766 791
1139 1125
6620 6678
2211 2311
7221 7306
1637 1724
3721 3774
2664 2792
188 88
269 3004
6722 6803
331 313
1698 1757
3068 3111
4506 4595
5145 6089
7472 7546
3360 3418
2063 2175
3268 3306
6011 6041
4384 4443
2647 2761
861 3312
6755 6844
1349 1403
1959 2056
82 52
6679 7074
3999 4086
2644 2746
4858 4910
2053 2147
5568 4376
5756 4748
3656 3718
1077 1148
4149 4237
6578 6630
3033 305
1647 1733
1071 1145
2902 2914
2638 2741
3291 3344
753 811
738 552
5617 2489
2611 4688
5197 5259
5558 5636
2655 2783
2908 2886
1574 1636
6837 6927
2533 4540
7127 7219
914 964
2852 2889
3649 5304
1168 1153
4081 2101
2387 2498
155 2874
6119 5322
1916 4107
4579 5818
7381 7456
3695 5298
6424 6490
3384 3461
6056 5160
3206 4986
695 3276
1877 1981
1986 2074
3723 3781
4094 2126
1685 1749
1577 1639
464 412
4445 2623
784 831
2232 2341
689 675
2015 4182
423 380
661 462
5899 5931
5055 5065
4920 5953
3643 3689
3134 3159
2123 2227
1682 1764
3320 5037
3632 5270
4953 5005
960 943
4779 4830
2504 2662
1787 3992
2496 2627
3013 3025
773 842
5008 5012
849 912
5845 4849
6020 6047
5110 6059
1510 1597
2097 2186
2698 2816
3046 3067
49 2
6770 6855
5216 5289
3574 3637
4329 2405
4090 2107
88 20
3736 1630
5950 5981
2964 2994
1665 1745
1723 1819
790 687
4958 5030
4248 4303
3262 3318
4621 4749
1998 2097
5223 5303
6804 6887
5172 5240
5620 6460
7024 7120
3434 3483
374 378
4473 4536
2929 2969
5013 5018
2074 2152
4572 4665
4862 4929
2654 2782
1225 1321
1664 1739
278 2993
2068 4232
1830 1919
1963 2079
2844 2832
3678 5300
2669 2778
6394 6457
2359 2462
1531 1614
7254 7332
2029 2123
5837 5883
620 3226
3333 3380
4426 2552
2213 2307
6999 7094
1683 1765
1343 1438
3633 5271
749 674
3620 3679
795 698
5686 5770
4041 2046
6648 7064
3628 5269
1378 1464
6719 6800
4189 4286
3984 4065
1980 2092
4780 4832
4339 5695
6902 7203
6048 6071
2276 2432
1729 1813
2278 2436
1170 1219
3147 3106
5000 5007
140 42
5896 5927
4340 4404
6402 6928
2690 2809
4295 2350
5368 6273
1561 1627
1929 2031
6766 6853
4323 2404
7228 7312
4521 4650
5676 5753
678 595
3507 3589
1239 1268
2959 4763
3551 1340
6829 6910
1778 1849
5384 5472
7140 7361
6795 6878
2412 2609
4510 4627
3401 3484
4509 4651
2328 4418
3547 3628
6791 6884
7164 7243
4969 5022
3378 1027
1904 2002
5038 3409
465 411
7041 7145
7409 7487
594 619
1032 1041
3456 3486
4284 4380
3808 3886
2480 2578
7328 7416
6922 7018
4319 4393
1565 3807
712 725
5599 5674
3243 3253
440 374
1136 1116
961 924
6222 6271
1615 1705
879 939
5420 5498
3216 648
3852 3937
2119 2223
1604 1704
4936 3257
3774 3843
3041 4817
3077 3087
1921 2015
2296 4438
5463 5547
2408 2510
4276 5649
680 664
1435 1489
5041 5066
2425 2556
2373 2474
4551 4675
2872 2948
2936 2985
1387 1461
4526 4647
3450 3511
607 546
5037 6011
4709 4788
6305 6851
6892 6972
1362 1400
1100 1170
3680 3762
6937 7031
2137 2239
1043 1091
5377 5467
6169 6213
2935 2945
4799 4826
6932 7032
3118 3155
2703 2827
4142 4241
5626 5710
6349 6406
3905 3991
1240 1222
4303 4365
3267 3262
4336 4445
3128 3161
6863 6950
6713 6804
6840 6922
2855 2883
6599 6660
716 723
1499 3763
2980 3003
2476 2640
4752 4771
7069 7177
982 1077
2598 2670
4565 4695
3768 3827
5448 5519
1231 1314
7202 7287
3278 3353
4012 4101
5458 5525
4611 4713
6842 6479
4887 4945
1162 1229
4630 4758
5746 5817
3821 5402
264 186
3609 3668
242 168
5501 5575
4036 4128
3873 3965
2109 2222
7064 7164
1091 3537
7173 7253
1345 1425
378 2946
3657 3735
1941 2037
4632 5844
6846 6934
1976 2072
2972 4769
7143 7022
3841 1786
2399 2506
4325 4394
2324 2429
6161 6200
6558 6618
6146 6722
1194 1255
870 914
7243 7330
282 234
5630 4485
6078 6112
4614 2797
5870 5889
5849 5851
598 418
4485 4549
455 423
7387 7461
4571 2737
7109 7197
6407 6463
4760 4792
1888 1993
5347 5422
1693 3916
2416 2520
4839 4894
3831 3908
5559 5637
3504 3578
7042 7144
3724 3788
847 837
2808 2849
3390 1046
5473 5544
3468 3509
158 75
5425 5504
3092 3123
3143 3198
6243 6789
375 354
5714 5812
6903 6984
5141 5193
4987 5010
1958 2069
6425 6491
3335 3393
3151 4909
2510 4624
565 3084
6017 6048
6179 6226
480 248
777 769
3488 3560
1434 3700
7440 7516
2998 4811
1242 3565
545 335
7246 7327
1016 1084
5561 5643
4400 2530
4772 4839
3966 1965
818 818
3164 3214
1111 1160
1688 1746
4889 4927
2190 2295
1550 1600
1874 1978
398 377
6717 6798
5090 5108
5226 3717
2505 2663
4892 4884
458 457
3194 3144
4148 4224
796 734
947 893
3070 4924
5349 5425
1212 1290
1260 1254
6843 6932
521 3165
7187 7268
3661 3747
6231 6280
6751 6846
6342 6398
4231 4319
4590 4733
1580 1653
1643 1728
3356 3342
6958 7063
1200 1261
1616 3866
1040 3481
6039 6080
5819 5853
1466 1512
600 554
6500 6552
1263 1347
1920 2019
6336 6381
6674 6742
5314 3879
1392 1480
3681 1553
2465 2566
1541 1625
2214 4348
1226 1303
1375 1453
2594 2712
6691 7085
5631 5706
3758 3824
5455 5555
1545 3805
3642 3732
3282 706
7237 7321
5267 5344
542 489
621 3227
2372 2486
1790 1861
3562 3635
115 80
4568 4703
1442 1519
3542 3596
4900 4914
5532 5608
3464 3534
228 199
3031 3073
4034 4126
3140 3176
2487 2643
6743 6823
5281 5363
6321 6392
6950 6709
950 1013
4817 4870
1901 2003
6587 6648
4200 5611
1352 1430
5721 5793
4597 4705
717 777
1522 1609
3329 3373
1309 1333
4784 4784
3019 292
4075 4173
5526 5614
4421 4560
4960 5002
2361 2469
5651 5729
1671 1754
2403 4507
3383 3455
3674 3711
4786 5845
5456 5534
735 737
1184 1166
535 467
6986 7087
7365 7438
6385 6465
3490 5178
1922 2014
3939 4022
1128 1120
4050 4140
2610 4685
1220 1287
7081 6942
4096 4178
132 97
7155 7237
3104 3148
4582 4677
6013 6636
540 501
3002 2897
3152 492
6373 6434
1037 1026
5215 5279
1815 1902
3993 4081
6747 6838
5220 5288
681 671
3772 3828
2143 2234
3515 5183
2438 4528
854 871
522 343
4890 4940
750 748
3479 5161
2371 4497
6143 6180
1776 1844
7405 7511
1177 1269
2498 2608
6050 6649
1504 1562
5466 5554
3796 3864
508 519
4514 4580
3871 3963
3234 3231
4549 4649
6672 6741
2616 2750
3805 3881
3127 3135
7129 7220
3357 3359
869 3321
1578 1642
7437 7513
5864 5875
1259 1355
2016 2105
657 563
3945 1917
1669 1750
943 3375
5660 5732
751 699
3089 3091
3016 3002
1127 1112
1117 1162
5003 5029
178 83
6153 6197
3316 3289
7368 7486
6993 7091
1915 2009
5527 5624
5875 6562
2400 2580
6094 6131
3067 3082
6200 6760
1747 1826
5064 5112
2144 2225
1907 2005
6849 6938
3815 3893
3614 3702
414 272
991 3474
3049 3098
4197 4274
745 573
2239 2348
2646 2762
121 2856
2687 2804
5108 5157
3659 3716
308 2913
6352 6404
6198 6249
1360 1446
2599 2671
1407 1443
6035 6076
6687 6766
5866 5860
2558 4638
250 211
979 1059
4233 4294
4888 4946
4733 4790
3317 3297
917 3356
7291 7441
6470 6530
4153 4251
146 74
5543 5642
6551 6599
1171 1220
6177 6225
2256 2359
2974 2950
388 250
729 749
6947 7048
7185 7384
2017 2106
5078 5125
390 284
6117 6157
330 249
4322 2398
6420 6480
4263 4369
6767 6854
7198 7282
724 3319
5573 5679
3011 3066
5873 5912
7278 7359
5070 5100
5757 6531
3558 3629
1867 4054
424 221
5867 5911
3553 3595
6529 6572
3417 3431
6125 5323
6149 6190
3828 3920
3105 3164
4613 4741
1865 1964
302 195
1492 1567
4394 4464
2836 67
4840 4879
5916 5908
5524 5601
2230 2332
1454 1531
3265 3255
5711 4666
5195 5244
2227 2334
6193 6755
6914 7002
7066 7165
1300 1381
5142 5202
7056 7158
3809 3884
435 220
1054 1114
7200 7388
1707 1794
5992 6029
2043 4215
2132 2224
1632 1708
2071 2160
1185 3572
5348 6250
3144 4919
2643 4727
6064 6656
1479 1494
7032 7127
6721 6802
715 711
6469 6524
1680 1766
72 12
5042 5067
1878 1987
1122 3513
699 752
1199 1299
577 3208
4527 4648
7420 7464
804 3347
1161 1216
6018 6049
3749 5357
5945 5974
1383 1440
7320 7410
5354 5434
2460 2631
586 428
444 346
4419 5731
5816 5864
4469 5773
3293 5006
3029 2909
3448 3512
1617 3865
2138 2240
5188 5249
343 244
1855 1950
447 440
244 188
4373 2479
3561 3630
515 522
4783 4856
459 472
5095 6061
5510 6354
5737 5807
4785 5847
5046 5090
2495 4574
615 441
3343 5051
1508 1589
671 652
5574 6424
2424 2523
6087 6676
1769 1847
6428 6478
5525 5604
6422 5740
3264 4972
1564 1621
3528 3590
7107 7208
6952 7245
6992 7280
3963 4047
3426 5127
6080 6125
3133 3172
1440 1528
5840 5880
3607 3661
4133 4219
2282 4386
2208 2327
4267 2328
6095 6137
668 661
3472 3554
6437 6496
2912 2968
7236 7322
1174 1159
3469 3533
5958 5990
2370 4501
4010 4103
4533 4587
1899 4100
2099 2209
794 862
5449 5529
254 164
3825 3896
3918 4009
4093 2156
6740 6824
4775 4845
1575 1654
7175 7250
3884 3973
6501 6553
6314 6366
6362 6426
6847 6935
4392 4474
4099 4181
5475 6337
6821 6450
6323 6375
7418 7498
266 236
3314 5026
5089 6045
438 228
3461 3543
516 3072
3353 967
702 750
2588 2665
4837 4903
5048 6019
6898 6978
4100 4199
5115 5149
3668 3710
2039 2140
4352 4449
3538 3616
778 840
3228 3269
6854 6498
7110 7198
7347 7473
5162 6104
1653 1717
6332 6379
5957 5977
4278 4374
2398 2603
6608 6664
5282 5364
1812 1903
5137 5199
3483 3518
2878 2907
5850 5895
4774 4835
5367 4023
2222 2367
2884 2921
6131 6706
6700 6780
5394 4059
498 480
1862 1961
7135 7217
6839 6920
6726 6807
3931 4013
6317 6388
4139 4208
3817 3891
1709 3926
7168 7246
4039 4134
3438 5134
420 324
4097 4179
676 3193
959 929
6637 6708
4404 4458
7157 7049
4988 4995
1243 3566
1668 1744
3430 3493
255 174
5615 4441
7216 7300
742 3238
6775 6860
7251 7333
3623 3677
366 338
1196 1282
7250 7335
1674 1756
6337 6396
3354 3371
6152 6731
4606 4730
1533 1604
4362 4433
1050 1052
4287 5652
6710 6794
5238 5319
3233 3293
568 3115
4157 5579
7304 7394
7419 7497
6517 6547
3094 3142
2326 2424
7180 7261
3388 3385
4146 4226
3217 659
5461 5552
5811 5855
4297 4398
6920 7014
