1475 1696
3516 3570
1692 742
6629 4726
6752 4292
3246 2582
4235 3213
1260 2755
1293 2780
806 398
6589 4128
7141 4781
5298 3717
5370 1996
2948 172
1923 3131
2613 1109
3830 3747
3319 3410
790 64
4871 315
5119 3492
6747 4525
2791 154
4039 834
6018 1649
417 211
5137 1714
3056 192
6166 3734
3958 4249
7205 4830
1120 3530
6330 3889
1326 2818
5299 4201
6562 4597
6231 2012
1372 2815
7359 4623
2115 930
5066 1654
1022 1444
3574 551
6267 2060
6660 702
3197 298
7368 4840
5089 4077
5536 3208
4357 4373
2433 1059
414 70
2036 876
3895 770
935 3420
3229 337
6021 4059
2148 3218
3212 341
4847 236
3763 1895
4178 3205
5957 2675
2197 3257
6744 4521
6759 3863
6102 1805
3102 264
7199 4655
1192 3519
6908 3573
5121 503
5082 511
1087 363
1401 2846
5858 1414
1958 2120
4791 1382
3381 468
1122 2757
2057 918
3382 469
1006 2695
6754 4293
6774 4531
5390 801
631 356
5391 4502
5547 923
5297 4475
2170 942
2055 891
4352 3970
5255 644
3322 440
354 143
1492 652
6035 1689
3969 797
5376 2000
6476 1317
4766 181
5245 1856
6050 4136
1698 3013
4992 3427
4796 175
5347 3046
1963 3159
6686 3793
5351 1945
3467 3538
5096 1686
6264 2056
6172 4192
306 125
5148 4107
3590 2916
3596 580
7218 4803
5543 4344
2648 1150
3709 658
4296 931
3339 2738
4603 1126
3545 3584
7164 4468
3555 1751
7307 4669
3720 4169
2633 1067
6552 2774
3409 1533
4928 1515
5443 3138
2699 1147
3936 787
4642 1232
763 3419
7294 4842
3465 1713
3028 201
5032 3434
1005 2623
6242 3107
2508 1093
4232 2225
918 1304
7173 4643
3094 273
5062 4042
3468 2742
1840 2009
3272 430
5507 3892
6940 4617
1253 400
6671 4200
5028 2809
145 102
4834 1391
987 355
3227 332
2944 205
6944 3686
6186 1931
1252 4105
1399 2840
6197 755
1203 1624
7297 4845
1240 2747
2015 2112
2543 1100
5448 2068
5975 2798
5836 1347
6449 4017
2168 890
3167 278
5563 4551
1980 3171
7020 4518
4952 1502
5162 4429
1569 2969
1640 2987
1699 3748
5867 1381
1761 759
990 369
3014 165
4074 3862
5132 1716
3472 540
5430 4517
4890 256
5410 4507
3483 3520
6033 2865
2654 1144
5569 4557
3357 2598
4185 3893
5187 4124
6537 4058
3501 3537
204 103
3280 393
7228 4772
4027 2050
2656 1135
6066 1723
4231 3202
2156 2191
1297 1598
5935 1467
6043 2848
6767 3875
4705 153
1960 3162
1514 3663
5078 473
6151 4470
4937 1522
4153 3201
3911 777
165 94
2091 3219
3653 1793
3825 3739
983 417
6702 3106
2123 2181
5521 3184
6363 3913
1816 1986
6480 2497
4237 895
5666 4395
4708 124
4970 1578
2814 162
6114 638
2483 3391
896 1326
6034 3579
3625 3624
869 3423
4078 2098
2829 112
5879 2642
7054 4681
4856 1390
2458 1068
6059 1700
3867 3765
6614 2929
5180 4117
2141 2246
2005 861
3774 714
5422 832
7102 4423
5104 3514
1741 1937
6588 4127
5047 1571
3871 762
5340 4221
4028 2051
2842 84
3482 3524
6546 2778
5412 4274
244 173
668 327
1139 2725
5202 608
931 2503
6746 4524
5088 2845
3330 384
5090 3457
6118 1839
4125 4305
956 2593
7136 4716
2226 2301
2122 914
7137 4717
5903 2636
5907 2704
3360 418
1620 2973
4109 2093
4996 4037
3544 3585
4367 3981
5540 4545
3372 1301
6204 4489
2100 956
1357 3677
4649 1282
3595 2816
6060 4436
2932 106
3673 640
7298 4844
3778 1903
3211 340
2612 2381
4432 4401
5004 406
3628 4152
6007 3583
2430 1013
1080 2664
4140 862
1809 3075
3458 525
6225 3085
1020 261
4124 4307
7293 4195
1867 3105
4877 1378
1487 2894
2586 1030
1613 3724
5396 804
5181 1771
5850 2672
3318 368
1037 2633
1583 1837
4107 3195
5130 1717
978 354
5965 348
6143 2977
4837 1421
4817 2629
6209 1969
1105 2681
3502 547
7305 4766
5602 4567
5808 2592
5328 738
1778 3053
4665 1256
3528 554
5555 4353
2146 910
907 3413
1836 3807
3426 250
3656 1788
1484 2892
5241 662
3833 4215
224 226
6914 4711
1184 1510
6147 4471
3328 81
6221 1989
2104 941
6072 2912
6222 1990
6612 4611
5052 2723
2952 1398
3444 4061
3749 3729
7008 3825
5080 467
6627 1806
4255 4346
829 2509
5071 4410
6745 4523
5379 3090
5380 3091
5085 1680
5811 3479
7172 4642
1839 2008
955 2612
6402 4706
3556 1750
4524 1025
4864 301
5077 474
4181 3907
2996 193
6991 4751
4209 947
1128 2731
7309 4515
6334 2143
4210 948
5753 2414
4563 1082
7140 4445
6020 1609
6307 3178
6640 2982
2327 3324
1672 3040
3152 271
3312 431
1014 3476
1321 3605
795 35
1116 2667
4863 1402
1671 732
3697 3647
1138 2684
2234 3939
4870 1445
6131 4631
2899 158
3591 2917
4204 3898
4676 1222
5715 4004
6200 4486
4683 1229
3434 1559
7169 4191
4902 2703
4229 2197
6032 2864
3726 3675
4862 308
5175 4134
6037 2852
6600 3666
6128 1854
3923 4240
3479 4097
4024 2049
3820 1912
5449 3145
2611 1111
3423 3501
1828 4242
3672 642
5244 4168
5790 2500
4776 1425
3485 2750
3474 2762
632 1523
7215 4768
1032 319
676 3418
260 186
3753 3683
7236 4542
5120 4418
6585 3626
1028 2710
1074 2820
6149 4469
4526 1026
851 2492
5934 2727
2084 964
751 220
5457 2085
4113 858
4527 1027
2658 1128
6266 2061
4292 3949
3421 3513
4939 1527
2432 1060
4934 1546
1471 2866
3170 291
2177 3890
5915 1380
6075 4428
6098 1801
4825 1310
1146 4086
4019 822
5665 4394
6005 2801
6091 3646
1036 493
2597 1104
1532 679
6678 3039
1061 2679
6497 2608
1480 1746
1169 1455
3110 270
4160 929
2904 187
3674 2877
5845 1389
3374 3557
6234 4656
3442 2665
6560 4596
5946 377
4637 73
5317 4202
1989 2127
3324 3425
709 2529
7349 4715
1988 868
6129 1855
1420 3637
4225 3192
4807 1341
7043 4776
1294 3588
5950 1496
6452 3373
5201 607
6167 3032
2558 2336
5388 795
7177 4733
1555 1862
5389 796
6039 1685
2096 949
5522 2154
6122 4628
5263 3708
269 166
740 2493
4722 1352
5161 567
7103 4422
6669 3018
2319 2371
5377 2001
1981 2109
6606 4718
7153 3689
6511 1413
6925 2854
4564 1081
2214 975
7195 4651
5828 1302
1495 2930
1283 506
4615 1115
3422 2620
7280 4452
6569 2813
5726 3351
3071 170
1611 1869
6595 3590
5958 1528
1021 2699
5242 1859
1173 3512
5352 3784
4062 2089
5456 3139
4044 4282
6244 4511
6597 2897
2381 1019
960 1366
7006 4659
6961 3005
3257 3417
6610 4610
7051 4684
2383 1009
804 366
4866 1360
4055 3840
5518 2158
2615 2409
6038 2851
5010 1588
5210 626
4132 857
5160 4110
1979 847
951 2531
2098 2194
4947 335
4713 1316
3036 1320
3816 729
1714 3753
5997 4603
4661 1227
5133 1715
1636 2990
3046 204
7324 4677
6199 1953
6423 4595
3894 768
6303 3873
5750 3405
5971 411
3484 4099
5301 3733
6729 4664
5372 4244
2101 2170
3690 2880
4617 2415
3473 2722
2951 1397
7262 4584
6601 1719
3326 412
3568 3598
4053 3137
3706 656
4117 4304
3141 284
5892 2676
1883 813
3687 3648
5491 4535
5176 594
1842 792
2171 3245
923 2527
450 37
5315 1916
3367 4049
1256 2744
6218 3078
1031 2662
3035 157
1592 1812
5554 3232
3654 637
4421 3304
3296 2515
4844 1430
2067 855
692 1204
6708 3817
1168 1456
2803 93
4459 2356
7034 4773
5513 3167
6237 3811
878 1217
7382 4806
4033 3836
4911 1536
3968 3099
3449 2628
1882 824
5714 4003
2518 1040
1127 2708
1551 2936
4720 111
3831 3016
900 2566
3570 4433
7127 4431
2631 1089
1242 3550
3932 3795
7149 4170
4976 4032
1379 2831
457 29
2965 196
6226 1995
1776 734
2524 1066
2976 1318
3691 3678
2494 1033
4775 1424
4169 2166
3073 1358
2804 104
7235 4814
1799 778
6712 3821
6642 4463
4223 3915
6949 4467
1579 629
6500 2654
5194 1780
3935 3080
4089 865
6324 3891
2185 2224
2111 2168
6090 2945
469 1290
1874 3818
6748 3148
3385 3456
1291 1603
5921 3539
2340 3972
1612 713
2394 4011
259 179
1574 1800
4212 2159
2468 4027
3438 4073
2034 866
3616 3656
6152 4194
6238 805
5923 2712
5296 718
906 3412
4882 1450
5223 634
3627 4153
6575 3618
6695 4653
4398 4579
5064 1639
3920 3072
6010 3541
879 428
6568 3602
1305 524
1025 2674
2403 2280
5924 2745
5100 1678
3109 227
3563 595
2309 2362
4345 3971
1580 686
3234 229
5184 3617
5110 3518
3311 403
6271 3849
3078 268
2991 185
741 1176
2389 1018
871 407
5873 1377
1113 3511
128 159
1897 3829
6189 3773
3294 3435
5117 4420
986 2683
3549 4106
6322 2176
4968 3441
6473 3442
6260 2043
7417 4885
920 466
3514 3559
5113 4062
2278 3300
4217 4335
5538 904
4076 860
2126 2205
1261 1604
2279 3301
5256 677
6903 4098
2510 3315
4728 1280
1348 2805
5295 3732
1472 2867
3634 4156
3356 3429
4189 3216
3711 670
4725 107
1802 1968
1847 3810
1201 3529
3827 3007
1457 596
5891 2677
7214 4804
2855 1278
5490 4536
5943 375
748 1199
3930 4238
4094 878
5566 939
5739 3396
7150 4139
6545 2786
3325 3426
2119 950
644 2506
3979 3109
1721 747
5952 1539
4482 2342
5976 2799
7181 4224
1215 1449
3745 4177
3747 674
4835 1427
4032 828
3323 3414
2194 973
5634 4702
3535 4114
4846 281
3067 1376
6308 4674
1412 4150
5138 3556
2551 2338
5574 4362
5798 1328
2882 1248
3857 3051
7126 4432
5801 1314
6093 4613
6865 3982
4208 3912
6029 4419
1137 3504
5533 3883
4139 863
6198 3778
4275 917
6655 3000
7125 4081
3350 1600
3173 286
1366 3610
3163 328
2693 2476
2207 966
3402 1548
3732 1850
4163 915
330 184
1023 486
2236 3284
1285 1614
3637 4144
3309 464
1112 3498
4880 2730
2186 3934
7363 4629
4012 817
2011 2124
2936 212
5611 4576
5446 3147
6573 4598
3092 246
2643 2459
3754 3684
2073 856
3132 276
2545 1054
2396 3370
1143 2735
6590 4126
621 324
5318 1923
6187 1932
7185 4822
889 2539
5177 4135
3938 3798
1550 2935
4855 1393
4170 906
6216 3077
3631 3622
6241 2024
6270 3864
7143 3630
6385 4585
5131 546
7412 4739
4377 4380
6269 3122
7304 4765
5087 1683
5257 3674
4906 1485
7310 4668
4205 960
6762 4673
4873 1464
2574 1069
6130 1866
7026 4771
1544 3680
5354 3060
4104 3878
5796 2550
3678 1785
3689 1748
3203 300
5827 1331
2709 90
5497 4316
2276 3297
5995 4043
5065 4405
5435 3156
1234 1642
4872 314
6150 4212
3922 3794
5155 1722
7194 4652
2910 95
6015 1652
5492 3882
1537 3670
5238 1840
4995 4036
1162 555
3620 2857
1403 2835
4174 944
5002 1631
2521 2384
3971 2013
37 89
3843 3744
4692 156
6141 4731
6192 1948
4590 3400
3906 774
3929 4239
3602 1799
7411 4878
5677 3287
1017 2669
5584 4367
1824 1988
1024 2673
5458 2069
2215 976
1639 723
537 263
5356 4228
4085 4298
505 245
6155 2995
2049 886
3659 602
6474 1253
3177 371
2900 109
1367 3609
7002 3113
4152 4533
4015 4269
3730 699
5226 2951
857 2534
5912 3490
3622 4158
642 338
1329 458
6261 4276
5108 495
3441 4070
3456 4082
3490 3571
4159 2150
6045 4712
2506 1037
5558 935
3515 3569
1845 3089
1216 1633
6153 2993
6913 4600
1792 1956
6980 4232
2182 3250
3705 657
3352 3544
1820 788
4056 4290
4579 3360
4652 1234
3291 404
4887 1454
2502 2364
4130 879
1055 517
7400 4785
3481 532
6572 3606
3581 3578
6213 779
1718 3020
4314 3954
5481 2104
1290 1625
6769 3871
3091 224
4245 4340
1019 2659
6084 4443
1015 3477
5283 4473
2607 1110
1140 3549
6965 4732
5992 2817
6481 3473
4260 3936
6329 4306
1814 3079
722 2511
6741 3848
5106 2751
5128 537
453 283
6510 2685
3248 2508
4073 3861
2655 1142
7029 4811
6058 535
4962 2785
6107 1821
5035 1560
2884 114
5837 1346
1205 2763
2668 1123
1815 1987
1011 500
1349 566
3301 3415
4120 916
2334 3330
2338 3978
2520 2316
3862 1928
5005 405
1136 3503
1661 2996
3578 3582
3417 2590
6711 3822
816 3450
972 1371
1703 3750
1750 3763
6766 3874
5999 2808
5984 4601
5575 4361
4103 4299
1479 2871
5408 4263
6063 2889
3213 320
1243 3551
2275 3298
7019 4802
5079 505
5900 2646
5942 1552
5046 1572
4688 1237
6999 3815
5215 1768
3080 279
4622 2474
6704 3110
6685 3791
6116 4176
4518 3290
5652 3295
3818 3740
4003 3827
1132 2658
1336 2796
4802 1368
2283 3957
6026 3447
1121 3531
2811 97
3522 2740
6602 2898
4736 1293
1806 3076
1095 4076
3427 2717
1872 3108
1738 1917
1817 785
5081 512
4182 3908
1641 687
1086 364
3902 4493
6111 1820
7052 4682
3567 4133
5243 4456
6191 1949
892 2560
3571 3613
3118 265
3126 1462
5465 3151
6638 4626
1104 2648
669 10
6727 4663
3424 2794
3695 3645
1494 583
4883 1457
5570 4558
7031 3843
1380 2830
6644 4634
3368 3466
7317 4770
5076 480
2964 160
6706 4757
3966 2022
5650 2355
3355 2588
5373 3805
6707 4758
1407 3632
6228 4499
6424 4592
1892 3826
2109 3222
5123 2821
2224 3269
1853 794
1533 667
5056 3460
3405 353
4783 1423
5889 1433
5738 3395
6506 2618
3429 3485
1998 871
2869 1287
3395 1665
1594 666
936 2577
2019 920
6931 3649
1652 3730
688 1394
1732 3036
3011 266
6691 4745
3761 3690
1009 1292
6533 2736
6188 4647
6696 3092
6014 1651
6700 3813
5101 4080
7117 4109
3850 3749
4955 1509
7308 4670
971 1349
938 2532
5854 2653
4680 1258
6232 2010
6885 3486
4008 815
1587 2954
2044 899
4453 4023
3890 767
5986 4403
5084 2850
5306 719
5406 4262
3773 1886
4224 3193
1912 3832
1246 2753
5909 3496
7118 4430
2397 2435
2010 2128
5017 1550
4119 3189
5249 661
1525 632
5404 812
2248 2319
5170 579
5326 4214
3074 197
3866 3761
4915 1472
1221 2729
1424 2860
3495 3545
4733 1295
3039 2523
4948 1551
3643 3621
5277 1873
926 1343
924 381
4100 2152
5111 4417
399 274
5417 825
6426 3960
4794 251
2438 1012
2485 4016
2476 1053
6179 1922
5437 3140
1657 703
2003 913
1309 3577
7204 4259
2821 92
1107 1440
5658 4392
5476 2105
959 1277
2014 2116
4311 4555
3641 1781
7464 4868
3145 289
1174 2756
1586 2952
3006 198
5359 3067
5462 2090
6011 1602
4753 1241
4754 1242
1381 2883
1207 3523
5416 827
4943 378
5885 1362
6315 894
820 3424
334 1428
6658 2999
5526 3877
5407 2023
4488 1020
4836 1426
6002 2802
519 297
1957 3853
964 3446
1987 2087
6819 4779
3027 2530
3013 128
6973 4736
6086 2938
5147 1703
4023 3120
3476 550
7284 4794
5716 4001
292 234
908 2551
1299 1658
6633 4728
7463 4881
2004 2136
4274 3270
3870 1925
5887 1435
1756 3042
4143 3887
579 360
6065 2906
1810 1978
6994 3808
2657 1132
4971 1579
4177 3204
5744 3364
897 2482
5043 442
4771 199
898 2483
1768 3043
