1536 1414
4607 4456
6055 6604
6930 7184
3276 701
3838 3824
1803 3905
3435 3406
3123 3063
4420 2332
1907 1844
5451 6249
7552 7561
1710 3816
6116 6103
613 627
6539 6551
29 14
2212 4218
5905 5895
5463 6263
1715 3822
1039 1010
5755 5677
5146 5089
6672 6672
3673 3612
4744 4657
5011 5868
3338 3353
3420 3398
1129 1124
400 293
3271 4825
2204 4242
6793 6793
4483 4461
2799 2698
3741 3678
6729 6713
3569 1221
445 2867
2939 2747
5950 6543
5628 4260
4578 5762
3156 512
1134 3350
3310 3036
5033 5866
6373 6347
2883 2821
4973 4782
2997 172
1302 3488
98 156
6208 6715
5729 5663
4932 5831
4170 2019
6164 5273
6936 6472
4028 4000
2378 2384
5362 1579
5342 6156
5129 3474
3657 3633
2874 2743
336 55
3407 4916
2379 2385
1852 1799
6760 6747
5531 5500
7028 7229
376 469
4952 4889
1573 1508
5047 6573
2660 4619
3141 3096
4471 5692
798 3068
6713 6176
6747 6739
633 223
5920 5829
253 166
4208 4139
4375 5638
3347 3322
2196 2170
143 133
1966 1888
7486 7484
1918 1851
4633 5746
1293 3505
1383 1225
1399 1318
1157 1184
3489 3392
6596 6597
3416 3384
2402 2311
1808 3911
1866 1814
246 227
1919 1852
3473 3264
1965 4021
7324 7311
5479 5434
7289 7292
2023 4072
700 2969
4376 4315
425 329
5712 6919
3615 3608
1920 3990
4014 3975
2139 2075
3296 4795
2884 2763
3868 3865
3105 3007
4550 2453
6089 6632
7419 7417
3184 2835
4940 4884
6775 6774
6266 6255
6057 6615
6533 6531
421 514
558 643
7047 5195
4836 2923
699 538
410 525
1897 3974
566 600
1941 5417
7362 7429
2648 5763
3380 3333
6534 6532
2191 4205
201 331
2216 2195
237 268
1911 3989
1154 1123
5535 5493
274 129
171 246
7178 7326
1391 1342
2535 4466
3635 3623
3392 841
3648 5138
4460 2378
4976 3250
1616 3745
656 647
4217 2078
211 321
6823 6820
6973 6570
4152 1999
7435 7357
4966 4922
5575 5522
5436 5390
5919 5824
5619 5597
3785 5244
5733 6467
7006 7208
3458 1044
1003 775
7525 7532
6188 6192
6395 6872
5624 6860
1684 1659
3505 1059
5114 5069
5697 6459
7011 7214
5175 5132
6759 6236
1726 1646
6023 5011
3306 725
6589 5971
3931 1737
6177 6158
6942 6474
3585 1216
3808 3790
7118 7116
5942 4878
3515 3443
6837 6841
493 561
2584 2523
2880 2755
2798 2686
1646 1592
4294 2202
5310 3739
3853 3854
7306 7119
7397 7389
5268 6106
4400 2319
5088 5029
5909 4813
5811 5802
474 458
5311 3740
5103 5013
1144 3430
84 110
4896 2939
4316 4256
5968 6547
1477 5235
4637 4553
3003 2917
7093 7278
458 2840
2008 4057
957 3233
6221 3849
5324 5280
5708 6478
6455 6918
4198 5530
2123 2060
1585 3709
407 499
2261 2222
4451 4479
5829 5783
3116 4725
6620 5958
7293 7293
4369 5637
2914 2793
6123 6663
2374 4389
1355 1326
810 853
4391 5656
6951 6959
4093 4045
6909 6893
4916 3091
5239 6078
2791 4666
6127 7027
7080 7097
4641 4570
1648 1578
7499 7468
989 731
632 229
1358 3546
135 97
4854 2944
3358 797
4094 4046
6379 6351
5502 6304
4150 4094
6216 5333
1392 3559
4819 2884
1125 3402
6567 6556
3924 6225
903 3194
3590 3592
5966 5945
6668 6651
7355 7425
7176 7327
5932 4837
7535 7553
4822 4729
3534 3550
937 3152
4047 1882
6588 6555
6042 6625
399 518
3257 3277
2877 165
2198 4245
7456 7458
5610 6371
4163 4111
5442 6758
4048 1883
2248 4259
1201 960
2756 4628
4119 4070
3039 267
1799 3893
7504 7511
4261 4171
5379 3845
3155 496
6304 6801
357 359
1827 1777
129 99
3300 3301
2493 4467
1136 1097
658 683
1873 1812
4468 5714
4010 6258
3614 3557
6516 6957
5642 6396
5209 5176
6758 7091
2260 2235
6761 6245
413 498
4079 1916
6445 5649
4922 2785
5337 3759
5683 6458
365 416
3716 3697
763 3066
677 256
5766 6499
6871 6880
5928 4847
5836 5806
997 3261
1938 1862
6362 6854
4442 2354
3201 3169
5480 5435
5915 5902
2470 5685
4983 5915
1977 1899
6331 5510
1869 1817
2573 2499
5042 5918
42 11
2792 4660
6983 6593
3752 1480
1117 5017
629 2907
1121 1026
2104 2051
1719 1633
4585 5759
3959 3941
2736 4648
4988 3207
2701 2628
4436 4376
422 2843
3461 1038
4465 4472
2266 4297
244 255
1374 1325
2021 4077
2103 4137
3937 3921
3308 5892
3877 1688
877 582
3361 3376
3684 5170
6605 6564
4397 4342
2332 2238
7031 7029
3654 5145
3114 2811
5496 1952
6779 6281
5434 5386
3811 5263
1582 1467
3580 3585
2245 2187
7349 7340
3762 1496
4259 4196
2279 2224
606 2875
4921 4829
5982 5963
5445 5393
2111 5511
1817 1764
3704 5222
7233 7359
3903 3878
4338 5623
3867 5316
158 201
3441 4958
3953 1758
6536 6536
684 759
2172 4198
5814 5801
2542 2513
6191 6705
5035 4959
5071 5034
4064 4032
4632 4571
2643 4526
7092 6778
598 2927
2158 4161
1182 1137
3299 3039
147 114
205 176
4834 2860
865 3115
109 242
2100 4143
4897 2940
3656 3634
4425 2330
5891 5834
4057 1895
7267 7372
7060 7069
6669 6660
5999 5988
4234 2102
5901 5817
6171 6693
4059 4031
3820 1605
4430 4361
3162 505
2238 2199
512 528
4824 4761
6643 6636
7139 7134
1568 1510
1103 3339
6593 6981
2785 2704
1724 1680
1935 3995
5671 6428
6227 6213
701 2994
616 3044
6028 6585
1964 1887
501 553
5641 6401
7063 6710
7105 7290
4926 3022
5261 6102
5786 4498
811 854
7384 7450
1632 1593
5208 6074
5008 3248
4191 4125
4873 3028
3886 3885
7165 6890
351 484
4153 4092
4540 4439
968 973
6616 6592
1356 1309
741 2985
2862 147
4095 4047
7043 7038
3400 953
4914 5832
1046 1060
5090 5015
6409 5607
4096 4048
5521 5507
620 3103
6273 6267
6989 6993
6113 5144
5595 4199
6438 6452
7259 7259
6473 7173
3440 3305
2840 85
2190 2094
4105 5456
537 565
418 2769
4106 4056
2873 2762
4205 4153
6229 5346
1734 1697
3690 5180
3495 1111
13 83
2819 2730
1315 3509
2367 4394
5596 4200
5686 4378
7273 7270
6831 6826
6614 6983
4146 4089
6628 6634
5975 4933
5750 5679
7328 7149
1674 3793
3280 4818
3332 668
1671 1616
5069 5007
5166 6038
6037 6016
4041 4014
2068 4107
5419 5357
7299 7387
608 502
7262 7264
4980 3258
2432 4426
64 26
1854 1769
3333 813
463 231
1738 3847
973 3239
604 688
676 727
3486 6007
5840 5811
5120 5031
5578 6352
3197 4751
609 503
2214 2178
6773 7101
2433 4427
2789 2684
3603 1260
7404 7463
1004 840
3133 4727
3531 3466
1436 5165
3736 1463
447 2753
2558 4475
4318 4308
3355 4857
3797 5259
5623 6385
5117 5998
5707 5653
3168 3137
3934 1749
1578 1515
2610 2572
5482 5437
5490 4041
459 2765
6582 6975
3816 3777
1402 1300
6680 6125
654 2978
6017 6012
4979 3213
1289 1244
354 439
4251 4237
3747 3743
6635 6995
7068 7080
851 576
4643 4593
3509 5044
3054 2991
1592 3749
178 349
1403 1301
452 2764
3284 4809
6641 7217
2352 4367
627 2904
3620 1310
7075 6748
6804 7109
3322 4862
3365 4921
4005 3967
2259 4288
534 467
6261 6251
6685 6680
6695 6687
2526 2389
843 4865
540 352
1541 3668
4742 2687
3239 4797
5160 5080
2854 72
3258 5890
631 696
1700 1664
2274 4272
5626 6378
7250 7068
515 2807
3378 3394
1175 1190
6241 6235
7241 7244
6254 6244
7184 6923
2255 4285
4570 5734
5077 6588
7265 7262
6752 6228
4928 4904
1410 1353
655 443
5161 6030
6425 6904
3649 5215
4286 5586
7001 6980
4872 3018
1516 3660
2937 2844
3004 2931
6326 6312
256 2741
6797 6798
4674 2535
4253 4190
953 843
5605 6367
314 2757
3750 3719
4923 4905
5075 5973
2146 2100
2567 2488
5761 6492
901 874
6271 5413
1811 1735
4275 4185
567 2905
7091 6777
4066 4034
1835 1784
4699 4632
5848 4733
477 548
3058 266
7442 7486
7281 7102
5257 6089
5571 5529
6899 6417
286 2868
1009 846
3395 881
309 2838
3840 1650
4149 5487
3248 3255
3817 6177
2831 2783
867 540
727 3065
3324 4887
1037 3295
1885 5394
3229 3196
1005 975
4087 1923
6302 5463
1122 955
805 3053
1895 1840
4377 5645
3295 4796
1984 4036
2302 4295
7099 7285
1886 1803
2488 2358
544 2895
6891 6418
6352 6353
7189 7338
7374 7442
6772 6266
7370 7440
3818 5289
3301 798
1292 1063
7207 7200
3613 5110
2751 2677
545 2896
280 213
3294 4821
5308 5230
2264 4293
5402 5353
5407 6742
3047 350
2372 4391
2299 2262
6062 6617
977 3228
5629 6379
4103 5453
6903 7156
4982 4937
273 130
6001 5909
4431 4371
4687 5773
4026 1858
5439 6246
1316 3534
3434 5021
5830 6525
1224 1115
5824 5786
6595 6608
1208 1012
3206 3210
4996 5956
7460 7460
1546 1483
7443 7448
5359 5308
680 393
8 4
279 138
3972 3952
723 719
5565 6839
6143 6101
1209 1013
2013 1956
6413 5616
5180 3569
5197 6049
3775 5240
1499 1448
5630 6863
7217 7346
2276 4310
5247 3659
1634 3782
6248 3935
2600 2419
2955 2891
2106 2039
5913 4786
4903 4838
5148 5026
5820 5790
6782 6784
5256 3670
3282 4943
760 3085
7380 7256
5126 3472
1137 906
5326 3772
3118 2823
5087 6015
3532 3467
2483 2494
181 205
3406 778
5102 5014
6300 5455
5517 5489
5703 6471
4599 4523
6701 7047
4325 4321
4056 4030
5526 6320
3025 2910
6110 5161
2286 2237
3548 5055
3661 3601
1215 1161
245 162
6232 6217
2721 2596
5045 4995
6925 6902
2014 1939
7083 7096
7071 6737
1160 1096
26 115
2138 4160
2082 2006
3192 3164
4373 4313
1747 3860
6929 7183
1620 3738
48 33
3216 4891
1699 1660
7474 7475
3121 3086
6487 6468
4581 5757
3608 3600
2754 2661
1943 4009
7366 7237
6578 6563
2213 2184
1017 3314
1102 893
612 626
7428 7428
5159 5078
2426 2313
6449 5643
2863 150
4812 2874
3059 3005
6387 5578
3740 5226
292 371
6961 6964
2150 2124
2162 4181
635 2894
3652 3621
3189 2925
3981 3958
4579 4522
1173 3423
437 2885
2168 2115
3304 3154
6987 6992
4898 369
6947 6500
4043 4012
6587 6967
6683 6685
356 360
3452 4963
5188 1085
2133 4164
964 902
7330 7412
3103 463
1755 1696
349 3024
3063 2759
4760 4673
3488 3478
2148 2101
738 702
4636 4576
5401 5343
4443 2347
35 7
2811 2716
3015 2796
5128 3473
3839 1642
5250 5191
7041 6683
5059 3343
232 354
6025 6600
2416 4418
7402 7398
3834 1620
1271 3514
5060 3344
7451 7375
2990 2956
1768 1684
6673 7028
3643 5173
6196 5312
5422 5369
1340 1291
7346 7170
6858 6843
1346 1146
5293 5257
1381 1324
2786 2703
6584 5977
3587 1206
4508 2417
4276 4227
1313 1120
6250 6237
6511 6496
5307 5225
5484 5441
1846 5375
3409 3444
3637 3598
6974 6972
2324 4312
5068 3326
4876 4763
628 2908
1259 1246
3077 457
3317 4860
2851 2831
574 187
431 2750
490 569
1877 1828
5501 6302
641 705
4835 4758
673 657
2735 4649
1248 1052
3915 5336
6246 5384
5483 6285
523 2909
6762 6762
6868 7146
4175 5494
2250 2190
552 2828
5988 6598
4667 4489
2325 2286
5944 4822
2964 210
4396 4343
1246 1243
5240 3641
420 513
1023 3291
4574 4511
3787 3786
3766 1501
2057 1990
1078 3320
2251 2191
2340 4365
4943 4918
2688 4605
712 726
6803 6803
7240 7058
786 3050
3354 817
4392 4340
4346 4276
3625 1298
2550 2391
4365 2281
6780 6783
5613 6372
6258 5398
3936 3908
4337 4267
3696 3667
1414 1359
6482 6930
1613 1446
4203 4155
6019 4898
5340 5260
3142 3113
2879 92
215 209
6306 6799
3427 977
7361 7224
5314 5241
4499 4486
7046 7238
5602 5585
5744 4434
6714 6175
1020 3359
1707 1634
2083 2025
2629 2544
2303 2251
5030 4973
6689 7035
3669 1364
3279 789
6734 6727
923 917
6512 6951
4352 2250
6053 6618
6932 6928
533 665
507 2959
2114 2072
3842 3795
7417 7407
2676 2574
3876 3863
2813 2729
1268 1153
3559 3494
1850 3937
4703 4640
1661 1607
1427 5159
5384 3852
6906 7165
2574 2516
7134 6847
3375 4874
145 278
4605 2575
4360 2258
6478 5676
5670 4347
7261 7369
7364 7231
3668 3607
4838 2948
2749 2648
1253 1262
6913 7330
5528 5504
1987 4039
6318 6818
2742 4622
874 3107
3227 3215
6498 6473
1413 3583
307 389
7061 7074
5783 4495
1249 1074
3397 861
1330 1304
5382 3858
6106 6099
6088 6026
54 37
3277 703
2257 2223
4565 2548
7322 7313
5147 5087
7392 7457
6813 6310
1111 3386
7214 7211
3745 3724
6100 6093
4335 2271
1250 1075
919 3123
636 2946
6076 5115
5165 6028
5973 4960
259 263
2689 2614
79 173
1985 1910
657 670
5375 5314
5948 5876
5762 5684
4561 4552
5507 6306
593 641
4378 5651
6633 6998
1595 1545
5955 6546
4640 4569
1168 1110
6691 6146
1450 3690
475 556
3385 5932
4380 5654
3449 4979
1618 3741
6841 6834
3235 4750
6319 6309
4666 4491
2969 2897
4994 4779
5592 5571
1451 3691
4782 4738
5215 3603
7368 7364
4155 4100
6385 6861
1709 3850
6830 6827
2691 2622
5317 6137
6285 6283
559 652
975 3238
3223 4788
6566 6542
762 411
5518 5485
4257 4195
5777 5750
1434 1389
4040 4010
5459 5411
7053 7055
3117 3046
4248 5528
2197 2159
1178 1219
4300 5601
1429 3610
6454 5652
4446 5693
6874 6879
883 3104
875 3173
7050 7240
5726 4416
3993 1818
5119 5032
6225 5349
419 453
7154 7316
4829 4741
2947 2837
7547 7552
5646 6398
5015 3247
4830 4742
1118 3380
1879 1822
2836 2742
353 3033
2382 4387
6523 6534
893 515
5799 5737
7030 7016
1286 3525
2243 2143
6647 7003
77 91
5639 6394
454 579
497 2804
5024 4953
4663 2534
1159 5068
2900 2777
6892 6399
236 379
6725 6196
6649 6643
6186 5310
1774 3871
674 3093
3036 2950
2534 4506
5589 5552
3908 3867
6600 5990
1604 1549
478 248
5773 5755
6888 6393
3928 1715
996 3260
747 2982
5513 6313
660 619
3182 3158
3921 3904
2050 1976
2523 2387
4133 1972
6601 5991
3583 1205
2209 2211
5899 4760
4447 4385
3969 5380
6130 5200
2803 2695
3743 3675
1508 3646
1226 1014
735 3027
6776 6776
4644 4567
892 834
6564 5893
6334 6333
2716 2613
6381 6358
4233 4169
6856 7135
5607 4209
3546 5067
6144 5231
5219 6070
2507 4474
5608 4210
2449 2335
2115 2099
4035 1868
264 145
2655 4531
180 155
1690 1636
1902 3981
1040 735
4967 4928
7337 7333
5360 5305
945 3189
5698 4392
4865 4767
5124 3463
7172 7166
4689 4645
2335 4364
174 168
5225 5183
7522 7542
2681 2551
2244 4252
1291 1259
3941 5370
6034 6601
6663 6671
1505 1337
5724 5703
5534 5501
2582 2519
2847 2816
1791 1744
581 2889
4802 4718
1482 1395
5862 5828
6819 7115
4015 3988
5792 6514
6446 5648
6489 6946
5205 6059
303 118
4199 5521
1844 1739
4698 4633
5017 5881
3297 3056
6636 6624
1298 3532
4058 1897
3718 3700
5981 5968
5385 3853
3512 1088
4277 4191
6939 6475
5053 5003
6928 7178
393 101
7085 7273
3073 3047
5346 5296
2242 2146
6339 5516
6940 6476
6688 6679
1962 1886
4951 5836
7390 7455
6169 6174
5051 5901
2889 127
4383 5650
4705 2566
6950 6954
7107 7108
3290 4833
6027 6584
6206 6722
6047 5047
5815 4591
2020 1968
930 3186
1954 4016
4189 4124
6102 6092
5231 5154
1211 1047
5381 3857
5056 5935
5962 5937
2355 2255
7097 7282
3562 3590
1663 3813
7308 7404
579 473
869 3083
6280 5425
287 340
3005 192
6972 6569
4514 5738
2834 2771
6134 6127
7455 7381
3006 193
6842 6835
1714 3828
4778 2790
2157 2148
4766 2854
3961 1756
3224 2977
1327 1183
2965 2920
1642 3781
679 2986
401 2738
2687 4581
978 3284
5185 5140
3164 3174
2062 2023
1101 1042
5520 5506
196 276
7090 6771
661 653
1257 1252
5519 5486
3250 634
5880 5858
3498 3500
222 215
2636 4542
970 3185
5735 6489
7223 7222
5957 5923
3433 4957
337 368
3330 4908
1377 3548
577 3012
285 122
1683 1661
6492 6942
7298 7385
278 262
1164 3417
6181 6698
4624 5754
5157 5102
4305 5583
5377 3819
3717 5237
7507 7516
4158 2014
3331 667
2812 4679
1193 1162
3170 489
6276 5418
6220 6224
7130 7303
1297 5099
4719 5795
3626 5127
3455 1003
5627 4270
6081 6072
5488 5439
3733 3708
7131 7304
6751 7086
7334 7420
2987 2878
5079 3177
3267 3219
736 3045
2122 2083
659 684
2411 4415
5262 5203
744 801
5784 6513
850 3088
678 714
1749 3859
5489 6286
3660 3602
2604 4545
5139 5992
5756 6495
252 151
2077 2028
1593 1488
3283 3266
7209 7202
6706 7053
6174 6165
652 631
6247 5383
2451 2327
6016 6011
6030 6586
2860 2813
3970 5381
3878 1662
513 562
2224 2168
6122 6112
3120 3087
4690 2538
3821 1614
528 644
5109 4977
2976 259
6357 5540
1942 4008
3784 5262
790 767
4131 4076
340 2780
2826 2718
6375 6350
7205 7203
1581 1407
159 221
6699 6153
4642 4551
4729 4669
6056 5976
5121 5027
5970 5950
3929 3897
5895 4799
2469 2353
1696 1667
5274 3684
4185 2056
4941 3163
749 758
5167 6037
6662 6669
6347 5538
3153 3099
5164 5059
2219 5575
1818 1766
7450 7525
605 687
6657 6094
4528 2515
7218 7218
3145 4915
2038 1974
1236 3530
3448 5033
7255 7258
1783 3883
4293 4309
4924 3082
1120 3403
952 3246
963 903
5440 5392
6653 7022
1921 1847
3320 737
4054 5428
6295 5447
6287 6785
3698 1418
783 847
5822 5792
5972 5888
3824 1603
2199 2198
3679 5179
514 2814
6049 5063
231 253
4956 4728
5233 6083
525 539
5933 5884
5529 6317
4301 4240
1423 3611
208 2965
6882 6888
1042 1002
6021 5020
3831 1618
1320 1099
4990 5891
6923 7175
6486 6945
1251 1140
5563 5524
4877 378
5456 6252
1387 1232
879 3132
3950 3927
1476 1355
7457 7502
6367 5544
3547 3576
216 337
1547 1419
5594 5554
3029 2964
5266 6126
2108 2050
2633 2461
5747 5712
2979 333
5118 6003
4506 5726
4252 2180
193 200
2732 2658
1623 5265
768 3101
5152 3515
6817 6811
6145 6135
5281 3712
856 3170
6364 5546
1741 5325
3472 4990
6806 6807
2888 2848
341 319
2825 2721
2331 2242
3106 4724
1400 1255
3468 3498
3477 3503
1520 1457
5181 6054
1557 1487
4598 4509
6553 5864
5318 3756
250 154
3210 623
4507 5691
2686 2556
504 2877
1497 1439
911 873
2129 2074
6656 7020
4668 4652
5542 4122
4137 1984
5414 5371
7167 7324
5182 6055
3616 1292
3478 3367
4964 5838
3376 883
3017 3000
1350 1285
3706 3681
3208 624
2322 4352
6298 6795
2933 2733
6791 6796
4020 3991
753 824
7542 7545
7399 7388
3606 5112
380 421
1207 3432
1052 6013
3895 6206
7409 7461
7354 7348
4324 5617
3971 3951
2070 2010
3746 1461
5577 6850
20 73
3920 1726
1179 1133
390 433
5196 6048
967 962
5226 3616
2422 2321
5691 6463
7049 6689
5785 5718
5023 3252
4239 4159
3558 3495
6484 6506
1267 1154
3528 5050
1100 936
1325 1295
1566 3685
3453 4992
5553 5512
266 277
4118 4074
5000 3283
6499 6494
2775 4667
1081 1057
2124 2086
2436 4431
5854 5845
7066 7072
1132 959
622 603
931 3206
4929 3139
4370 4305
5123 5062
2489 4374
5775 6509
3502 5010
2715 2588
5249 3648
1184 1168
6317 6819
6608 5994
3667 5153
3737 1464
3245 620
1815 3916
3396 862
4441 4373
441 2776
1533 1485
5222 6085
3291 3253
6252 6239
91 56
6604 5996
4311 4290
6845 6829
6462 6927
1702 1611
985 912
3360 3375
1244 1189
3543 1195
779 3017
3749 1476
6201 6195
47 8
3445 3454
3845 3833
3776 3776
1636 1500
5041 5898
27 38
6535 6533
5612 5550
6237 6232
3761 3735
4444 4381
2591 2497
2552 2393
281 426
2246 2188
3446 3455
6992 7212
7243 7245
1016 3313
716 419
3467 3481
6054 6612
3131 4698
6448 5642
2553 2394
4678 4629
4794 2862
4381 2290
4713 2599
2247 2189
3991 3963
2782 2708
1526 3717
23 24
1150 3420
5689 6449
1139 1160
3124 4715
3561 3575
277 5
2999 2900
219 186
2983 2886
6667 7033
1283 1278
7157 7317
4160 2008
3237 4773
2346 4369
4495 4413
5149 5025
4610 5765
6236 5358
4647 4555
3357 3381
4135 4085
6050 5065
6787 6298
4422 5671
6682 6684
3791 5252
3748 3664
1408 3572
3967 3948
6838 6842
4240 5559
5599 6365
3190 566
721 4784
182 204
6607 6579
2353 2264
6051 5066
4241 5560
767 781
6322 6318
6592 6567
43 18
7291 7383
5235 3622
4712 2630
3805 5298
4075 5443
1319 1261
1586 1478
3254 3234
2930 2820
2977 2871
4683 4624
6702 7051
2044 4091
6277 5422
3490 4996
4315 4255
1751 1674
4991 4815
2569 2473
7414 7406
6737 6732
1369 3552
5486 5438
7115 7114
6313 6815
4289 4264
3101 3119
1587 1531
6365 4197
4757 4676
675 650
3082 3014
3151 4722
831 844
2249 2208
7301 7296
254 2974
891 638
2195 2201
3900 3886
7388 7453
4551 2452
3369 3407
3926 5345
4461 2371
2651 4621
1015 3235
2395 4407
761 3001
5818 5798
4606 4459
7353 7349
1682 1566
5877 5826
2639 4539
2473 2352
5832 6521
2387 4400
4171 4141
1896 1841
3202 3203
7238 7243
2750 4637
6414 6405
3092 448
1627 3764
5935 5897
1214 3504
7359 7353
4631 4559
1079 3323
2717 2619
4313 4231
3909 1712
6384 6380
3685 5174
1601 3727
6329 5497
6988 6991
6694 6148
3510 3364
773 3019
2839 119
6569 6557
551 2827
2304 4334
5499 5459
2058 1995
5949 4900
5408 5367
3910 1713
5467 5419
3421 944
1851 1794
5183 6056
1901 3982
555 578
3935 3902
6288 5444
938 3175
900 3120
366 4703
1795 3887
5667 5612
2329 4357
5653 5646
7526 7531
5184 6057
5657 4325
311 283
3362 877
3875 1671
6543 5860
5674 5620
1522 1379
639 3011
1303 3596
6971 6960
7012 7213
7029 7032
7247 7070
6603 6576
4340 4273
453 67
4734 4662
7545 7536
1841 1788
2203 2167
359 2779
3960 3901
2770 2643
2284 4319
7447 7490
5867 5854
5086 5946
1365 1327
3089 3010
6211 6721
638 663
2156 4188
697 2987
2109 2047
3664 3645
6124 6658
3841 3818
4479 4404
3870 3864
3199 3237
7127 7125
7132 6845
85 109
1849 3936
6679 6124
4509 2416
820 856
4065 1902
7027 7015
3219 3188
1489 1405
4067 1907
3677 5162
3374 4873
5952 5929
346 315
6305 5465
817 776
5912 4794
2134 2067
7318 7410
3849 3832
3487 3457
6198 6183
1210 1048
3678 5163
5352 3801
6013 6577
1816 3918
750 812
5516 6315
3697 5233
6637 6051
1989 1912
6581 6589
7425 7423
2375 5615
267 139
5615 5581
4793 2829
5774 6512
1605 1569
164 131
1265 3518
3083 2989
1110 3385
681 483
1359 3545
7454 7382
6420 6435
3414 3421
2975 218
424 258
1631 1529
2902 69
3672 3597
4779 4712
5054 5914
6197 6194
3829 3802
384 509
4296 5594
3801 3751
7234 7360
2120 4149
432 87
821 3127
3529 983
3405 4950
1650 1588
5714 4401
2033 1963
5265 3679
6157 5264
3180 4714
5566 4150
4284 5588
3394 3355
2563 2409
131 135
1212 1176
6140 6119
5974 4929
5567 4151
4590 5751
4366 2260
3992 1813
4404 4356
5025 5861
5897 6538
625 305
5156 5103
3368 880
6514 5753
5893 5900
3148 3095
6297 6794
7175 7174
4856 4814
6226 5350
5812 5803
5558 5515
6941 6477
62 15
2659 4620
4569 2455
7211 7344
5039 5877
5094 6001
6179 6188
722 594
5663 6415
3948 3923
6810 7110
5813 5804
5115 5082
5898 5875
1104 3365
7051 7059
897 786
297 2856
6670 7025
526 610
2423 2377
548 679
6719 7066
2078 2001
3384 3126
3757 5232
1041 831
7098 7284
3523 3551
66 48
4870 4780
614 2992
4954 5954
2350 2246
6314 6817
1098 3366
4904 4700
3249 3211
4662 2533
5455 6254
1952 1881
3132 4692
1625 1583
2995 269
4456 2370
2516 4492
6963 6962
2740 4650
3313 3077
3127 3092
4584 5760
6949 6958
5808 4587
4875 4764
3612 3582
7230 7236
7292 7295
572 2842
3274 4801
5006 5865
6678 6113
3619 1311
898 913
6964 6966
6921 6901
4156 4099
3032 294
1665 1573
3179 3133
503 625
7252 7251
2101 2029
1689 1635
5212 3595
1147 3419
2320 2225
4263 4226
258 159
5321 3761
5142 5979
4348 4324
2053 1989
1124 1081
4242 5551
2102 2030
1239 3458
3383 3373
6429 6429
6118 6071
6885 6884
663 707
4489 2410
2996 171
4177 2052
2 116
2230 2207
5263 3676
1420 1303
2923 2861
5547 5503
4918 5887
7179 7176
4037 1871
4881 4804
7543 7547
643 2957
4688 4644
6910 6419
5929 6537
6132 6115
742 3071
4934 4890
3275 4834
6294 6790
5869 4752
5938 5842
240 364
7067 7255
5945 6549
6048 5064
3126 3013
6953 6955
4428 5627
7303 7396
4267 4179
4462 2366
7310 7401
498 567
3220 621
797 649
3031 4708
6469 5665
3927 3884
2086 4134
3321 4854
6609 5989
2806 2692
2630 2545
2388 4396
202 199
1831 1733
3551 3434
4791 4732
6687 6132
7448 7492
3765 1512
5806 5800
7136 7307
6743 7084
1290 1245
4503 4405
1449 1386
7275 7377
1195 1149
3298 4820
1970 1892
713 3008
6085 6623
7469 7413
2389 4397
818 777
5896 4800
3154 4747
5153 5107
5900 4759
3088 346
5313 5248
4512 5705
6199 6184
317 317
6328 6825
3007 355
948 640
6239 6226
2300 2303
6920 6443
4645 4566
2957 2858
238 302
7329 7320
3727 1458
2527 2390
3402 4925
5145 3497
2468 2470
5458 6260
7077 6754
1910 3979
6371 5549
2048 1978
4482 5711
3341 805
1991 1915
2169 2077
4355 5629
922 851
3352 885
1635 3747
2994 2915
7235 7438
5194 5150
5921 5820
4685 5772
5125 3462
4200 2089
167 177
6433 6425
1798 3889
1548 1479
154 281
5426 5378
5101 5028
5967 4923
3256 3278
1563 3671
2796 2700
870 3111
6193 6703
397 2855
3152 3117
7352 7343
4532 2425
2618 2460
4738 4663
6996 7000
3994 1816
4292 5593
6792 6301
6094 5134
4981 3184
4752 4682
1206 3433
3377 3165
3204 2963
3167 4707
5931 4823
3782 1524
6262 6768
3432 4956
3618 3556
770 761
137 107
4933 4894
4476 4464
667 3031
374 374
6528 2707
4022 5406
3215 4746
2113 4156
3563 3538
3997 1823
516 2839
1372 1289
3476 4980
7216 7347
5395 6215
2727 2525
1050 1050
4050 5427
988 3254
360 323
3758 3707
5590 5547
3955 1768
855 487
5838 5808
2805 2693
1513 1470
3436 3469
3266 3271
3484 3499
5356 6157
7340 7163
6700 7049
6740 6734
492 3144
6744 6738
7495 7528
1176 1117
1090 3325
5106 5049
599 2984
5939 4836
5131 4999
1980 1900
6632 6627
3725 5206
2752 2653
4567 4451
3779 3729
6726 6197
4741 4656
5678 4362
1393 1268
2968 249
1996 1920
4548 2518
1617 1491
428 4739
3689 5177
6308 5470
3980 3950
4027 1855
3977 3947
3962 1755
3252 534
1652 3757
1716 3823
1296 1087
3010 2955
3813 3804
2971 260
4745 2691
5201 5095
6002 5910
2223 4229
6814 6810
5037 5896
6840 6836
4912 3042
4333 4311
6922 6905
774 4841
6244 6746
4320 4277
6517 6523
4139 1985
3973 1795
4559 2439
2263 2257
5004 4951
5199 5155
2116 2095
4086 4043
1887 1815
1481 3632
5344 6154
6895 6408
822 3131
132 298
6857 7136
3019 2952
1775 3872
5476 4023
6190 6700
4882 4805
6008 5961
4720 5794
5443 3959
7026 7225
1641 3754
3191 3151
5532 5495
5734 5668
4911 5816
845 4856
328 30
2292 4326
179 220
2072 2012
6369 6376
5843 5813
1287 1233
1843 1793
1031 792
5303 3732
1923 1850
1241 5088
1072 3327
4181 4114
1309 1204
2823 4675
917 836
5555 6337
2621 4537
1732 1655
1194 1147
3456 3328
334 372
6634 6626
1945 4006
4236 4158
685 772
4159 2017
4354 4292
4930 5814
7391 7456
2376 2364
2616 2557
1491 1452
4942 4909
7141 7137
686 773
6703 7054
4596 4524
4786 2817
3728 1459
1967 4027
5104 4998
2666 2465
6358 5539
5230 6088
6060 6033
2046 1975
857 711
5977 4893
2908 163
5232 3628
1951 4019
1759 1706
847 3134
21 136
6138 5218
781 757
2361 4377
299 16
3171 3100
2980 157
1551 1498
3460 3441
5593 5531
4970 3243
69 103
45 65
3129 4734
3564 3574
1830 3909
7256 7254
241 43
6251 6241
895 3162
4424 2339
2898 2784
2202 2183
4775 2866
1335 1286
630 675
2605 2578
2227 4230
3205 3159
5155 3526
4291 2218
3147 2761
2824 2720
3146 4914
488 522
4955 3181
2415 2307
5736 6440
1651 3788
4281 2232
298 111
5329 3768
1647 3760
6552 5863
4515 4469
5127 3316
6389 6866
4385 4336
4651 4610
6915 6906
4656 4563
4322 4253
3442 990
22 17
3159 3072
6004 3276
5737 6441
4032 4004
3544 5090
3800 5258
6934 4540
2544 4507
5258 5220
5298 5204
2747 4643
5277 6673
7490 7449
2951 183
5719 5655
242 236
2532 2484
1838 1786
4524 2422
5911 5885
860 793
692 3030
6310 6307
4564 4447
4304 4300
2321 4278
3069 290
389 432
2787 2701
4780 2810
6115 6097
3605 1288
6811 7111
6664 6655
543 622
7279 7380
3183 570
6820 7117
1155 1113
1655 1540
7476 7508
1712 1669
6167 5282
7483 7485
6108 6645
3794 5261
2345 2244
7381 7444
1694 3817
650 232
6309 5472
1540 3665
2722 2552
50 64
7123 7300
5357 6185
6849 6830
2479 2348
6556 5859
2694 2598
5537 6330
5765 5681
3769 1521
1336 3521
1371 3555
4321 6384
243 41
2007 1930
1231 1200
2215 2132
4998 4961
5430 5373
3002 2845
7358 7351
3978 1792
4682 4631
5910 6540
1337 3522
4808 4735
6066 6616
4861 4775
5544 4118
110 74
3150 3060
4197 2088
2986 143
1146 1138
6260 6256
3011 2981
787 3051
5394 6203
7037 7031
5474 1879
4883 3021
3722 3730
2551 2392
1018 783
339 365
1036 750
2000 1929
2221 2171
7161 7157
5286 5223
381 420
2861 2852
4108 5460
1024 3222
1070 1016
3218 721
1197 1209
4727 5809
5424 6233
6440 5634
1909 1834
5725 5657
7365 7361
1151 3429
2652 4502
668 742
1258 1094
1180 1132
3662 1374
2998 2899
3989 3968
4345 2240
5579 5565
3104 462
3976 3954
619 699
6774 7100
2790 2702
2938 2735
3581 3591
3638 1334
3217 664
2437 4430
121 207
2217 2175
5584 6356
932 904
7133 7305
1273 1107
6416 5622
5591 6362
7406 7399
979 3220
7429 7476
7100 7104
7135 6848
1809 3928
1047 3303
6234 5359
1922 1848
4435 2342
6041 5040
4074 5442
5227 3620
1946 4007
1705 1663
864 3069
547 680
6040 6005
5580 5541
6736 6729
1348 3553
2853 2737
1049 1030
6704 7056
5873 5818
580 678
6497 5721
4788 188
3671 5157
982 957
4974 4798
2228 2165
3968 3942
5936 5894
5990 4971
1758 3870
2788 2685
6312 6814
6877 6388
2928 2805
3221 3263
2163 2150
2360 2306
386 2758
1087 901
416 370
398 358
394 396
1332 1181
939 895
2185 2142
1906 3980
1318 3531
251 312
3530 1159
5097 5967
3600 5124
3496 5009
4382 2289
3942 5365
2141 2111
1360 1166
7530 7548
2049 1977
6000 6000
6777 6278
2472 2351
554 573
3359 4926
6441 5632
3230 3058
5940 5930
1509 3654
6818 6812
6732 6712
6997 6590
4696 4651
257 160
5241 5190
6068 6076
2970 2849
6739 6211
2273 4302
3988 3964
5941 5931
7159 7312
3802 3752
460 408
759 3029
6781 6782
482 480
5984 4974
6424 6903
6353 5548
7227 7223
1493 1437
1576 3714
2119 4154
6412 5613
881 3172
4541 2430
1415 1358
4972 5850
7436 7363
7489 7447
369 415
4538 2500
3917 6223
5462 5416
5983 5944
2220 2176
5369 3835
7035 7232
7033 7034
4116 4067
7339 7337
1529 1401
3243 2901
2950 4688
4555 2447
3165 460
4314 5610
2931 2819
2094 2057
3670 1363
7278 7378
6916 7328
6986 7215
7410 7302
2091 4135
1 68
7020 6640
6944 6479
310 2834
146 238
929 3176
1490 1444
1398 3567
784 3108
4969 3155
4906 4846
7446 7489
960 858
6666 7014
739 399
74 90
7478 7509
227 228
2662 2571
1572 1509
5695 6469
5803 5776
6829 7123
2524 4471
4012 1835
496 50
6070 6066
3655 3658
5374 3820
1386 1330
6036 5949
1781 1717
785 3109
585 292
5245 5211
5332 5285
5692 6464
6661 7013
5715 6485
4739 4670
1326 1296
2731 4638
1165 918
60 44
1782 1718
3261 5862
3382 3224
36 128
5549 5518
1527 1427
268 142
5432 5376
3573 3508
5930 4810
880 3166
1227 1015
4910 3034
6615 5975
5609 4228
5892 5837
1891 3970
3417 3393
1584 3711
2476 4465
195 181
6765 6765
6690 7046
724 704
3340 806
5009 3249
1893 1842
4566 4453
3763 3693
7424 7422
704 2976
3339 3352
2611 2510
1479 1345
795 454
4219 4157
5255 3661
5246 6090
5283 5213
1264 3517
6646 6649
4677 2531
265 146
2151 2093
6626 6610
4044 1877
4995 4871
5699 4393
3767 5255
1898 3983
5111 3442
4274 2177
1675 1570
5550 6322
6283 6780
1528 1471
5411 6222
466 2836
4306 2256
7045 7043
3754 1490
776 838
3292 4802
5144 5092
4001 1820
5993 6560
6046 6032
2690 4565
3804 1587
489 507
4582 5752
954 3218
316 25
4283 5587
4266 4176
2562 2408
733 4863
6788 6299
3589 1273
4270 2155
6428 6432
5545 6327
6185 5295
6139 6118
3439 4985
88 62
1416 3579
3048 2926
2269 2269
757 459
3023 336
5276 6674
3940 5372
4665 2526
836 765
2293 2294
5512 5484
1772 1689
3833 1617
4068 1906
863 3067
6344 6838
1731 3848
4421 5674
7174 7332
7268 7092
495 612
1113 921
837 766
2896 2873
3429 3232
4920 3106
2365 2283
2588 2412
1486 1442
1054 3369
6207 6723
4616 4590
6058 6630
2985 297
3887 1690
6464 6929
3862 1673
2945 2818
816 3112
823 780
3176 544
950 3182
6631 6628
2231 2139
1978 4033
4919 5830
6176 5299
1422 3615
7094 6788
4670 2541
2201 2127
6937 6916
4583 4446
6219 6209
3067 3004
3786 3755
2729 4586
2186 2084
5454 6253
949 3229
7025 6656
6959 6550
2047 2000
1553 1502
5403 5356
3328 5911
2794 4664
3812 3805
405 409
6152 5256
5503 6305
6391 6364
6606 6978
6435 6426
4837 2928
5427 5379
754 472
2577 2415
5659 6422
2876 2865
4558 2440
5525 4106
5398 6212
3930 1732
223 216
6862 6361
3474 3456
1629 3794
4804 4717
5661 5606
4586 6502
2222 4262
4984 4842
4223 2114
90 79
5409 5368
1864 1781
5200 6647
1062 755
3837 3839
6622 6994
4143 1992
3108 4819
6292 6290
7508 7517
3134 224
2739 2678
3540 1201
1088 887
6783 6787
2484 2493
6291 6293
947 3193
249 304
7433 7479
5169 6042
5568 6345
5793 4497
5108 5959
5327 3774
1190 3450
2298 4339
6905 7160
4195 2068
67 169
4806 4744
446 2752
7138 7310
618 700
7300 7112
7312 7403
5158 3496
1339 1282
647 2966
1191 3451
3075 3025
3348 3387
2400 4403
1158 1093
5073 5940
465 560
3965 1772
1963 1885
2700 2600
7021 6650
3720 5197
1338 3523
18 22
3314 3076
826 656
6612 6973
3753 1481
2843 2775
24 49
5485 5440
7345 7169
5136 5995
6876 6889
915 889
778 3016
5282 5185
6613 6974
1713 1624
1928 3994
348 367
5655 6412
5855 5855
6156 6688
433 94
6919 6442
3389 3135
4399 5666
1535 3694
5206 6646
6079 5098
7052 7039
1729 1691
6386 6381
1089 3332
1693 1577
6911 6894
7206 7204
4478 2421
6853 6851
5168 6034
7022 7019
3393 3408
4361 5635
2855 2789
1002 3361
5514 4096
637 2996
5688 6448
6383 6856
4024 1854
4416 4355
4536 4442
6402 5596
6431 6423
2525 2396
936 899
1855 3949
7000 6979
7385 7373
2207 4248
5946 6545
5372 6190
3602 3537
6800 6804
4684 5771
161 120
2358 4383
2718 2604
4278 4275
4007 3977
2961 274
7502 7507
3549 6044
6724 7081
5373 6191
4500 4417
470 423
2262 2263
1029 3330
2795 2699
561 2995
1312 3535
5315 5242
3128 4699
6249 6752
6801 6805
853 829
3506 3372
6418 6899
3835 5288
2254 4294
1503 3655
6296 5448
59 32
5406 6221
6825 7121
1740 1683
5964 4924
3479 5056
3854 3827
2118 2106
448 2797
3278 788
4212 5532
3281 5873
7188 7190
3851 3851
136 106
1763 1723
3316 4927
527 595
4224 4147
7260 7368
6585 6587
5564 5525
4513 5704
4187 4173
7286 7286
6119 6653
294 2751
5091 867
5301 5238
5925 5905
519 658
6977 6968
538 599
3412 3378
646 2916
2634 2462
1099 937
1384 1256
7242 7242
3954 1767
7040 7045
804 3052
2631 4528
2187 4193
4073 1913
3514 5022
6859 6846
3520 3431
322 435
368 2770
7096 6791
1685 1597
5416 5363
4477 4478
971 3221
3240 574
4849 4790
6351 6852
6024 6017
6147 6116
2726 2603
5058 4987
3996 3962
5492 6294
3822 1613
434 516
765 745
7166 6895
315 280
6059 6010
1306 5093
1982 1908
2089 2045
5133 3460
4518 4541
3896 5328
7150 6864
5336 5275
5320 3753
6255 6755
5098 5966
194 182
4557 2438
3760 1492
946 909
3918 5340
4693 5778
1380 5131
3403 3351
3499 1114
406 438
1603 1432
2658 2466
6617 6619
6223 6218
6282 6779
4455 2373
5176 5130
2310 4344
6279 6775
1177 965
2624 4436
4229 5543
861 3080
5278 6130
1237 3529
80 202
4085 4042
4078 4038
6894 6407
6074 6061
2105 2038
7437 7362
3336 3363
6654 7021
3975 3955
5604 4211
78 100
4907 4826
5211 6064
3172 3161
3236 4774
1521 1469
1577 1511
5554 5513
511 2788
226 284
6015 6008
2131 2123
6233 5360
7383 7446
2817 4684
984 748
1411 3577
4799 4720
6137 6120
6994 6985
1108 3371
1431 5164
6890 6891
7557 7564
3923 5339
2401 2309
4180 4113
846 3057
1066 3324
3508 5039
142 132
1067 1023
4269 4217
344 377
144 239
6802 6802
6835 6324
5085 3337
4504 4406
1502 3644
3212 2988
799 785
550 661
590 407
5349 1534
2559 4482
383 344
6133 5209
269 141
4756 4677
2343 4363
1001 802
2459 2388
796 3075
2650 4623
3423 3286
2958 2859
1506 3649
698 376
5770 5688
217 35
4154 4095
6217 6208
388 2766
610 586
6011 6578
3097 475
3987 1802
634 706
5903 5872
3399 3414
2856 19
6275 6268
7187 7341
3094 2929
2984 2887
5171 6036
4393 2301
3431 3226
1441 1375
2654 4530
4045 1876
6731 6717
6638 7005
5751 4435
4648 4556
4206 2069
3035 2906
152 194
2166 2112
5693 6455
6710 6699
3894 3873
1254 3475
3744 3710
1628 1555
4989 4944
4343 5624
4905 3041
3650 3650
5328 3767
5918 5823
7546 7549
2606 2514
5953 5870
4138 1988
5985 6554
5466 5420
4384 4335
801 4869
5237 3560
3708 3657
2055 4093
5105 5036
3504 1151
387 339
1510 1462
5361 5313
4437 5686
2234 2161
308 98
5162 6039
6161 5272
4161 2015
1681 1632
5673 5621
2403 2310
4330 2234
4845 4807
7164 7147
7480 7513
7076 7266
6828 7124
6349 4178
5272 5193
6650 6642
6003 6580
3178 3148
105 2892
7126 7301
3856 1615
4290 4265
7315 7308
6212 6198
3483 3418
2642 4558
7042 7048
6993 7210
6103 6091
664 639
6361 6855
4132 5474
5189 6050
464 429
1462 1369
3373 823
6080 5114
5061 4877
1472 1429
1905 3976
175 244
940 896
1932 3996
1691 1652
1217 1055
4136 1979
7225 7017
2135 2109
1478 1346
5505 4082
3046 2942
427 563
4959 4912
1494 3637
2096 2071
3556 3566
2338 2239
2380 2375
1053 763
6263 5397
358 375
7338 7331
1624 3765
6681 7041
4577 2546
4960 4913
5221 6069
5447 6247
2229 2206
5971 5953
1021 870
3943 3912
6031 6596
7222 7352
5291 5249
2894 2832
2270 4301
4617 2550
6259 5395
3214 685
2318 4320
884 3156
1824 1771
6738 6725
3193 5867
3632 3626
1328 1283
3050 2951
2895 2833
5312 6129
7317 7141
3043 2914
4439 2340
6490 6944
1678 3797
4115 5468
6872 6878
4594 4538
2771 2644
3911 1716
6896 6409
7550 7554
5070 5035
2572 4484
2865 2782
4863 2961
6077 5106
974 916
2161 2082
1270 1271
7398 7393
4790 4731
5154 3491
5368 5320
3703 1424
1412 3578
4475 5716
569 642
6745 6735
603 635
4858 4792
4968 5852
3087 345
6495 5720
5937 4902
3398 3212
409 404
2482 4462
5029 3105
5248 5141
3130 3116
4231 5555
449 2882
3511 3520
5849 5846
6178 6167
271 348
2444 4443
1162 1102
7104 7291
2054 2009
3729 5212
5632 5595
4869 4781
1280 1265
935 865
1096 5002
4737 2683
1279 1269
4124 5467
1968 4028
6705 6152
3890 1700
1733 1694
2025 4079
5172 3562
5652 6413
7162 7152
2903 70
3513 3427
3891 3861
7244 7247
4714 2594
3832 5307
1825 3907
6665 6096
2981 158
1743 1703
2868 2824
876 581
703 771
5742 4421
993 770
3086 425
3144 4709
7266 7265
6045 6606
6228 5347
1686 3803
3932 3900
725 741
1542 3705
4329 4257
6067 6075
4255 4251
2240 4214
5043 4983
6340 6328
6376 5570
305 361
4367 2261
719 2997
4112 5464
5191 5151
7254 7367
2531 4468
7180 7334
2317 4322
189 289
4332 5618
4679 4642
4813 2883
1872 1785
7191 6961
5461 5415
1048 3302
4449 5694
4215 5536
2774 2652
471 191
5202 1215
854 828
5500 4066
5888 4748
7520 7526
6568 6568
7336 7177
5228 3619
4453 5702
296 112
6990 7216
4629 4598
992 3208
1890 1824
4299 5603
5319 5274
2703 2616
414 2781
7347 7186
1225 1191
4417 5672
5883 4766
4615 4535
2205 2203
301 437
615 2993
6952 6956
4122 1954
3459 984
5853 5827
2313 2292
302 2786
7113 7113
1583 1525
2661 2570
934 882
1615 3728
1475 1354
4126 1962
6693 7042
3342 4875
4196 4128
1107 3341
3107 2973
6893 7155
7210 7345
1068 1027
484 468
5130 4997
5383 5318
1820 1729
1933 3997
2015 1938
1323 1248
3714 3701
2599 4543
7116 7298
2474 2346
2373 4386
148 285
3424 4945
275 252
2177 2107
3055 373
116 291
3454 3464
3344 830
5506 4083
6733 6711
3265 4787
6619 6982
1666 1574
3623 1314
3425 4946
2892 195
5031 5883
5080 5004
4121 4064
6093 6639
7253 7252
6652 7010
806 4886
3040 4791
96 190
7032 6666
65 226
2966 2872
1894 3973
6163 6160
4288 5589
4387 2341
2063 1998
7224 7220
3713 5201
2755 2669
2869 197
5904 5874
4334 5619
597 2890
173 167
2637 4518
536 564
6038 5023
140 184
183 175
644 2958
3578 1213
5857 4721
3709 5228
956 613
702 669
4526 2423
5353 6163
1396 3565
7304 7392
3723 3699
3418 3409
5992 6559
6064 5997
5717 4412
6075 6060
49 45
6348 6340
4975 4955
4676 2539
4218 5537
3090 4789
910 3329
5001 3280
1430 1373
7014 6999
1379 3554
2267 2217
3799 3783
1222 3449
6324 6323
7290 7384
6184 5294
7140 7133
1737 3846
2241 2169
3343 3319
3213 572
5012 5882
7400 7395
7449 7493
5092 3401
2127 2087
6224 6231
3419 898
1667 1641
3984 5388
4232 5557
5924 5906
5477 5431
7305 7118
4080 1918
814 852
7458 7500
4111 4073
6640 6062
6749 6744
7459 7501
3958 3931
6240 6227
7485 7521
6757 6751
2359 2254
7106 6797
1927 3992
6750 6745
3430 991
3902 3891
4721 4577
6571 5903
2921 2847
5216 1294
2801 2697
687 388
5536 6331
456 494
5076 5928
1662 1619
2326 2280
7548 7559
3158 5856
5511 6809
5958 5938
2783 2706
3315 724
4004 3966
3259 3078
3500 1019
1560 1507
4993 5879
5397 6204
2728 4585
2988 2937
7431 7354
5922 5821
7434 7430
3318 3307
1234 3480
214 36
5062 5917
5220 6111
6658 6664
6697 6691
1263 1067
6711 7250
5021 5933
3169 2903
4931 4903
2827 2719
5347 6150
4260 2137
2989 2938
1496 1362
6052 4986
3735 1447
4092 5446
1105 3349
2022 4078
6175 5281
5007 5899
4164 4108
7272 7267
5475 4020
2447 2336
5658 6421
2413 2312
3268 3241
7377 7249
6839 6837
1654 1600
5433 6240
4895 4812
1670 1546
1543 3706
4901 3037
751 768
71 77
1703 1647
645 614
3066 3062
150 152
6165 6168
3724 3722
1839 3922
3269 3242
83 57
6728 6718
255 2740
2283 4314
7002 7207
7219 7219
4902 3038
1407 3571
89 78
5290 5250
1832 1754
5791 4490
7466 7467
1247 1251
1382 1220
4423 2328
2461 4428
4406 5659
696 2983
1373 1290
6270 5412
5325 3773
4491 4458
6154 5266
6488 6943
6580 5947
4796 2893
2431 5673
5823 5793
7407 7464
5323 5279
7335 7418
4429 5682
3522 3453
986 932
3607 3549
4731 4655
5769 6501
7341 7164
2140 2104
896 3202
1240 1000
4363 2265
4235 5558
3557 3580
206 180
5614 6363
987 933
3140 4736
3707 3686
3843 1653
1810 3910
3742 3720
5631 6375
4448 4382
7087 7274
7479 7510
1960 4017
3065 2975
4398 5661
1988 4040
3719 5196
4568 4452
6753 6749
1796 3899
916 3138
3228 3195
6029 5030
3056 4690
2369 2362
693 3160
6083 5081
2842 2774
1857 1808
4129 5471
5740 5660
318 320
3211 4754
2069 2049
4655 2529
1881 1829
4560 4550
1728 1687
320 303
5470 6274
991 970
7421 7421
2598 4548
4746 4659
2578 2414
347 366
2075 4102
5711 6920
3828 5303
1913 3987
4839 4783
1649 1586
4950 4897
2974 219
402 113
3350 4866
4997 4948
1742 5326
6200 5297
3139 95
408 282
6112 7012
7065 6716
491 4769
1792 3903
3234 728
6265 6261
1093 1032
5493 4053
1202 1007
2056 4087
6274 6269
1166 3445
3957 3919
871 795
1805 1751
1653 3809
3711 3631
3464 5982
55 10
6390 5580
119 222
7440 7443
200 332
5682 6446
461 456
6575 6566
3137 3054
1083 1029
375 286
3370 4885
436 524
2677 2547
1027 1028
3518 5037
4546 2434
4965 5839
4412 4390
6360 6369
6194 6707
682 734
563 474
3242 659
377 470
755 774
6370 6377
7276 7275
2663 2565
6421 5625
1698 1651
4701 4636
4544 2435
1504 1394
1011 3292
4481 2407
4963 3198
5192 5075
7342 7182
1417 3581
1754 1714
573 2863
7277 7276
3198 648
1645 1567
1085 3342
6033 6019
1718 1675
4697 4634
999 3285
4862 4772
1947 1873
4718 5796
6485 6507
4533 5743
6717 7065
3949 3926
3443 4969
3426 698
3492 3489
5672 4350
342 2795
2617 2558
3111 450
1833 1763
1676 1582
4818 2799
4597 4525
5533 5505
1757 3869
4249 4206
2513 2374
4661 4583
835 542
5606 5569
4002 1831
5348 6170
5979 4844
5391 5323
1471 1430
5515 6314
7373 7241
4250 4207
1033 3268
4622 4600
4889 2941
5295 6134
4006 3969
6844 6833
6594 6965
6629 6996
2121 2064
4623 2482
4312 4291
5370 6179
4708 4584
4751 5810
6245 5385
5302 5246
1440 1328
6218 5337
218 203
6599 5969
4368 2277
5081 5006
6577 6565
61 80
2210 4216
3085 2792
2846 2756
694 712
3411 4939
212 322
4947 4848
5889 5844
1006 986
6500 6483
6639 7006
7532 7551
5687 5626
4323 4254
4977 5869
6786 7103
4571 4513
2673 4547
2439 2428
4945 4899
3952 1757
6746 6230
5299 5205
3604 3605
3060 386
4168 2018
6392 6870
2061 2027
4025 3998
3404 939
6107 6063
6518 6529
4173 4127
4638 4573
2126 2076
4630 4595
813 3048
4603 2458
6311 6308
6035 6018
191 234
6393 6871
4077 4037
1750 1711
3052 2980
582 2888
4371 6406
3702 1425
5617 4232
3827 3807
3413 3377
5969 6548
3869 3843
6999 7206
6505 5747
1242 1084
510 2787
5093 4947
2159 2117
1199 1037
3181 3146
5618 4233
1794 1752
7263 7371
1608 3791
2724 2549
4535 5744
5400 3890
126 225
4282 2200
4327 2233
983 747
5334 5290
3553 3470
7405 7400
7088 7277
4336 5590
4230 5556
3576 6058
5170 6021
6210 6726
6087 5122
3226 3216
793 3043
4999 4962
1983 1901
3262 478
411 413
6770 6262
3772 5227
832 845
1797 3925
6195 6187
6336 6342
4908 3079
858 710
5478 6279
2349 2247
1845 5374
111 75
5986 4972
6281 5429
330 28
6009 5960
3521 5058
2942 235
2757 2671
6946 6493
775 835
1185 1198
6708 6161
3738 3656
2107 2035
3372 3279
1149 1165
3311 3035
4848 2919
5743 4429
3093 451
4733 6530
1806 3895
2653 4503
4120 4071
7439 7441
7505 7512
718 2998
3653 5146
3825 5278
1784 1736
5178 6052
1229 3588
7220 7004
3337 857
5788 5713
3326 3299
1828 1778
3850 1649
6209 6714
6096 5137
2647 4500
2079 4119
160 245
2982 2869
7163 7323
4021 5401
3639 1335
3053 363
233 353
487 2912
6363 6348
4759 4672
5764 4449
1012 3293
1638 1518
7229 7227
591 584
1038 1018
30 47
1697 1648
39 53
800 4868
732 387
72 84
4062 1898
4256 4203
6884 6887
4273 2185
6335 6332
2016 4061
4162 5496
1567 1503
6887 6868
3646 5149
6826 7122
2233 2160
2733 2655
5236 3625
7204 7196
7445 7487
6991 7199
5874 5819
6897 7158
4639 4582
2609 4549
5052 4976
3319 807
2412 4414
520 2876
7453 7497
5405 3896
3555 1179
5335 3785
5552 5514
5333 5239
2949 2953
3381 826
4003 1832
3526 5053
5491 6287
6315 5478
7471 7472
1141 3510
7412 7306
5598 5562
5780 5722
6980 7198
4962 4936
3904 3894
5134 5993
6069 6067
3302 4824
6012 6006
2615 2446
1861 3946
2905 144
7467 7415
1167 1104
5151 5109
6316 5479
6135 5214
1971 1896
6149 6142
5 2778
5782 4494
5781 5723
5217 1293
2802 2696
5654 6414
3110 2825
3203 3251
1725 1685
306 58
7468 7416
2891 196
7320 7315
1600 3726
94 250
3844 3834
391 2794
2067 2048
5435 5387
1361 1197
4527 4433
7496 7504
14 63
2397 2295
2184 4201
2052 1983
2668 4613
327 311
5746 4425
4029 1860
2904 164
7351 7342
4051 1884
3428 976
4842 2808
913 611
4900 3009
4505 4460
607 3002
4740 4661
6006 6574
794 455
4034 1869
7331 7329
1198 1208
3554 3568
4142 1991
6461 6433
3366 3357
5954 5942
3663 5207
1530 1383
6408 5608
1687 1639
1128 3348
4053 4022
6513 6950
7153 6896
7271 7268
3346 3318
4017 3993
7038 6675
3408 3395
2818 2731
6321 6316
1473 1423
4319 4307
6020 4989
4692 4627
4356 4287
6394 6873
925 924
197 279
282 208
4386 2300
5636 4281
4938 4930
5292 6117
1511 1398
2024 1967
6943 7187
5679 6454
6463 5664
5723 6484
4492 4457
5269 6105
4125 4081
3734 5210
4339 4279
1432 3614
7297 7294
5203 5147
118 108
6610 6607
73 102
4525 2431
5798 5736
1007 3296
5666 4348
4144 5482
1019 787
5487 6284
5204 5148
5392 5342
6995 6986
5057 6611
156 2870
3469 1061
1008 3297
1863 1811
3272 3240
3388 3426
1644 3799
209 217
5213 6077
1570 3698
586 3006
6180 6708
976 4949
2929 2809
3683 3599
3451 3399
6602 6970
3682 6107
7114 7297
3051 2947
5367 6709
2132 2130
1658 3811
4134 4080
5112 5057
3778 3778
4117 4063
1888 3971
7378 7365
3450 3312
6204 6199
3681 5172
1723 3831
6128 6100
4459 2379
4563 2443
3647 5139
943 3227
5019 4978
589 161
5881 5835
873 863
6822 6821
2368 4395
4755 4678
5587 6355
224 313
7084 6767
928 866
6172 5277
5449 5400
3751 3718
4827 4730
2758 2673
1926 5408
921 833
2684 4580
5267 3683
4409 2317
5700 6465
149 153
6430 6430
3163 3128
7212 6997
2060 1997
1080 981
5914 4855
3334 814
6354 6344
1780 3881
4182 2081
5224 5182
5841 5812
7540 7543
2809 2690
1594 1455
4660 2521
1452 3609
981 3294
966 934
5229 6080
4534 6491
688 541
2189 2133
6043 6029
560 2972
33 6
4280 4219
5441 3961
3956 5361
942 919
3356 4858
6142 6670
2285 2236
1564 1497
3951 3924
6898 7159
3692 5171
5174 6023
3565 5073
2948 272
4774 2826
1766 1725
6166 5283
7482 7518
5797 4505
3933 3914
5082 5024
4619 4515
3536 3563
4846 4808
5882 4765
3566 5074
6645 6637
300 436
4498 2404
3231 3125
7313 7405
6618 6009
4069 1914
4671 2542
7095 6789
3026 328
5132 5000
557 590
6865 6858
2601 4544
834 3147
3541 1192
3323 4888
6126 6662
3516 5048
385 486
3100 4696
3609 1277
1094 3331
1940 1867
782 837
531 2864
4169 4105
1203 3447
3567 3570
2466 2343
5296 6133
6735 7083
2696 4608
5179 6046
3963 3944
3349 4867
4458 4399
1446 1391
2130 2070
885 3171
3462 3471
4099 5450
5238 3639
3571 5104
4033 1864
1801 3892
3861 3825
2176 2113
6625 6629
2128 2080
5116 5019
3422 3244
518 575
367 4704
3415 3400
3610 1287
2496 4463
1375 1144
5018 5880
5457 5409
6293 6291
7124 6823
2613 2427
4611 5764
1735 1701
3390 4932
5879 5857
1807 1728
6359 6370
3507 3490
1030 938
5569 6346
4452 5696
239 237
3329 4907
3012 2967
5730 5667
2515 4485
3633 3627
5140 6014
1204 1173
5309 3736
4888 4785
4165 5499
838 3136
6407 6410
1395 3564
839 796
2539 2420
7283 7279
584 2921
7493 7540
862 864
7182 7181
6032 6020
6010 5934
438 471
6521 2688
906 878
6466 6439
4717 5797
1187 3544
626 2968
5819 5791
1955 4015
5557 4146
3939 1750
3081 2979
3906 3888
1401 1356
1334 1275
1055 3368
5273 3674
3173 606
907 879
5690 5639
1934 1859
3872 3866
3642 3561
4948 4910
2487 2355
6723 6164
3892 3882
5223 5125
2090 2062
3177 543
3465 3436
6368 5542
2529 4504
1119 3413
7129 7130
7208 7201
7316 7409
443 3129
3914 5334
3379 5984
623 660
3260 3272
1161 1150
1112 3382
1939 4003
5722 4402
2920 2846
1106 3379
6447 6914
3138 517
272 148
5943 5833
2081 2007
1349 1228
3830 3800
2596 2480
6350 6853
7326 7322
5522 4104
2709 2611
3795 3766
3410 4940
6432 6424
3790 3746
4992 5878
2208 4249
4725 2608
5390 6202
1233 3479
184 174
5371 6182
5825 5787
2147 2092
404 89
3686 5178
6696 6690
6790 6792
3889 5327
3550 6045
7231 7355
3621 5120
1010 3287
6150 3716
7274 7269
556 577
4497 5727
5509 5473
1218 1108
728 431
6005 6575
6419 6900
5704 4398
3627 5126
4186 4142
6253 6757
1680 1631
5044 4984
4042 4013
1061 1035
2291 4330
5875 5815
2237 4221
4457 5699
553 2949
3560 1178
2583 2520
1065 1043
7151 7318
2498 2361
4089 1924
1114 1082
1507 1411
1123 3425
6158 6143
5538 6329
5556 6338
7152 7319
2282 2288
4543 2442
6481 5683
6073 3448
3881 3876
5450 3978
