3664 3836
7216 7555
4541 2660
7485 7724
4168 4306
5532 5714
4034 4191
7162 7356
5916 6100
4347 4495
2964 3078
4205 2206
7406 7616
6732 6940
7274 7476
3920 1841
7276 7480
4074 5669
4325 4505
3425 5216
5112 5273
6670 6865
4323 4453
4337 4466
5296 6355
117 2969
5698 5880
4693 4856
4721 4817
3879 4046
4128 4279
2472 2543
5900 4971
44 51
793 3340
878 899
4725 2850
2604 2737
3597 1285
7431 7561
3370 3404
5874 6750
3698 1497
2592 2664
7489 7655
3400 998
6485 6710
2382 2502
4048 4205
30 52
1556 1588
5580 5764
3332 780
6754 7271
5047 6167
3799 3966
897 867
2171 2227
5979 6153
6912 7112
460 485
5375 5547
3914 5573
2650 4788
5935 6124
3259 3294
2999 3093
118 130
4280 4420
5500 4266
5421 4111
5410 5586
2159 2230
6693 6896
6387 5804
3898 5570
4324 4520
1368 1414
1996 2033
2801 2890
5153 5331
6354 5773
5962 6154
243 157
4931 5068
181 210
2850 3015
1429 1421
462 3125
7138 7508
6629 6819
625 513
1770 1836
7076 7272
3619 3800
5703 6679
1764 1833
5516 5710
6903 7358
5488 5662
6368 5771
3800 3947
1636 1649
7051 7244
3288 5119
7351 7546
2326 2409
7005 7193
2953 4906
6771 6985
698 583
4804 4916
7064 6927
256 138
4858 4995
2641 2703
1094 3574
3383 3513
303 255
4029 1967
7159 7518
5205 5354
6353 5776
6077 5338
1438 1462
6509 5983
192 274
1246 1290
2270 4468
6151 6361
1208 1150
4948 5092
1408 1362
4060 4215
2525 2575
5418 6450
6729 6939
692 589
7249 7452
6568 6764
927 965
7049 6900
5515 5713
4482 4667
557 633
592 664
1186 1257
802 864
2215 2260
344 412
6113 5382
1938 1978
806 3377
5406 5574
221 92
4368 2429
2789 2878
6376 5791
4827 4936
6184 5530
4958 5127
5722 5890
969 1023
1423 3825
2504 4637
5876 4946
2720 2752
5966 6161
10 9
3822 1706
2075 2145
1247 1298
7133 7503
779 3320
1555 1589
6311 6520
67 131
3769 3942
5220 5401
3630 1376
3687 3863
5441 5623
6126 6318
2688 4796
4467 4604
4933 5063
981 3507
6750 6968
4538 4674
6124 6866
3271 5105
1360 1308
774 3329
1196 1143
1109 1118
1696 1766
7377 7578
2861 3023
407 510
2384 2450
5169 6268
3419 989
5257 5410
6285 6493
5825 6004
2392 2457
3740 3884
4669 4805
4289 4447
6414 6622
6234 5584
4286 5796
4846 5000
4744 4873
1179 1188
5461 5639
1239 1153
2840 2996
5814 6023
1021 1002
2090 2165
1875 1926
2072 2128
3807 5526
3895 5565
6264 6469
1006 1043
6086 6288
4867 6045
6736 6953
2798 2882
1449 1467
3526 5317
4678 4823
4238 4364
2919 85
7355 7557
901 928
1642 1659
1450 3861
1701 1774
5081 5234
5352 3974
7338 7633
7020 6840
7542 7748
2348 2414
1112 3605
3408 3542
5706 4605
5949 6146
3841 4006
106 200
7037 7229
646 3236
3584 3748
2376 2501
6208 6406
2731 4822
5922 6080
1613 1618
2295 2354
509 602
1514 1555
2231 2267
1794 1861
5918 6081
3614 3754
76 63
3935 4093
3751 3908
6817 7032
4922 4970
4377 4559
6810 7310
6254 6458
4345 2392
1141 1141
4175 4338
3570 5361
7190 7153
3212 3242
6056 6236
4964 6112
1511 1515
3456 3552
4885 6063
398 415
6067 6278
6758 7278
4960 5110
2221 2286
3346 3465
972 880
7275 7478
7089 7287
4556 4680
6031 6205
7083 7284
68 137
6556 6758
606 3209
4734 4869
5599 5795
5011 6145
3965 1888
119 177
7520 7729
5676 6638
2020 2084
602 653
6882 7093
5518 5702
6989 7189
5822 6019
5968 6114
6293 6503
6093 6853
4981 3331
2062 2136
2195 2299
136 149
3190 3299
4180 4324
661 712
5569 5758
5160 5321
7252 7458
3658 1429
3787 3962
5901 6066
6910 6656
3580 3751
6023 6224
1440 1436
6337 6552
5154 5323
6055 6228
861 713
762 637
4471 5918
5404 1821
4348 4515
924 753
4731 4861
196 277
3729 3867
6180 6933
6919 7110
5954 6152
3764 3910
4889 3147
518 608
585 486
2938 2980
7 1
7052 7239
4661 4801
4227 2233
7295 7492
3585 3756
4002 1938
1683 1749
4262 4430
138 134
1662 1717
5303 5487
4581 4758
4690 4751
7349 7544
5742 4619
6872 7082
5658 5874
739 612
6433 6642
719 579
5903 6101
443 3259
7432 7640
6355 5768
7434 7641
1939 4190
6793 7008
1017 952
1052 3561
1539 1562
6876 7091
523 3207
3072 4938
4928 5069
3653 5411
1988 2034
4733 6031
5940 6137
4935 5078
5214 5392
3532 3669
7452 7707
5628 4460
3096 419
6567 6760
5012 5083
2703 2819
1698 1759
375 367
6315 5696
6946 7140
6466 6669
3177 3280
6015 6221
6443 6628
4256 4399
1044 976
3301 809
279 258
1977 2015
3719 3852
3801 3957
1250 1198
1634 1653
7014 7203
1658 1700
1280 1322
237 296
4023 4174
1690 1742
2754 2862
4470 2591
2494 4580
3161 3258
5018 5086
1510 1549
6856 7335
700 561
5371 5541
5431 5611
6195 6400
783 870
3512 3683
3387 3538
2976 3096
727 628
48 54
3678 5418
1392 1337
7301 7498
302 194
1319 1340
6160 5496
3087 3182
2565 2595
234 351
6780 6996
3704 3864
3510 3603
5574 5740
6593 7183
2418 2475
7399 7602
6301 7011
1630 1675
52 129
7092 6989
4651 4808
5031 5097
4376 4519
4022 4177
2316 2365
7230 7434
2866 2985
1292 1223
2796 2897
5269 6334
5631 6587
966 1005
5691 6668
1966 2001
4382 2443
876 777
3430 1034
5387 5559
1078 1008
5857 4921
5455 6474
6012 6215
6802 7016
4126 2075
1740 1802
1215 1229
5911 6106
6694 6356
7378 7577
2831 2967
689 733
317 359
7132 7331
1509 1489
3604 3778
3632 3804
452 287
599 518
7407 7617
6733 6941
1160 1154
427 558
3662 1451
940 981
2523 2574
6923 7371
356 398
226 294
5699 5881
7195 7390
325 142
3534 3702
51 26
2770 2865
6157 6371
3255 3289
5803 6723
2834 2963
34 108
3876 4049
3088 3183
947 819
5360 5536
4577 2749
1147 3631
1446 1468
900 755
3448 5276
989 908
5447 6464
7135 7332
5993 6151
3423 3488
6783 6999
4920 5054
7298 7599
5509 5692
4266 4386
6409 5837
2356 2424
1146 1168
4260 4383
1521 1553
1308 1295
6165 6375
1198 1263
3034 2983
3643 3790
6926 7120
3445 3591
7422 7636
512 580
2694 2791
2331 2390
414 3119
3023 3157
1648 1679
2873 2979
5237 3765
6037 6237
6644 6267
2380 2513
6618 6217
6832 7044
6033 6234
6043 6245
3178 3279
3900 4069
1945 1992
268 245
7165 7350
5161 5303
1508 1484
7146 7342
5116 5264
4747 2905
5165 6264
1493 1526
2612 2655
7436 7569
4380 5869
5848 6057
3988 4148
1442 1415
1019 962
3782 3952
917 921
1241 3693
4993 6148
5060 5221
5945 6099
3474 3613
4536 4638
5241 5415
5700 6674
2183 2202
7263 7584
1973 2008
6384 6590
4362 5834
5355 6384
5520 5723
1706 1773
1751 1808
6642 6841
1105 3587
3421 1004
7329 7523
7011 7200
1839 1890
329 431
1150 3634
5085 3493
1123 1078
4159 2137
2493 4624
3994 4153
5044 5199
7028 7427
2257 2338
5390 6422
4400 4537
2724 2787
7417 7626
914 896
424 377
6705 6370
2367 4555
4542 4745
2986 175
290 3017
6468 6672
5469 5647
3603 1333
486 603
978 3496
631 715
5426 5607
1200 1269
7293 7491
1071 1096
2433 4589
4244 4384
4528 2715
4938 5096
3779 3934
5061 5166
2805 2887
1590 1632
149 168
3098 3222
1644 3989
7514 7723
5361 5542
4699 4836
3682 5429
2680 4795
2373 4553
2378 2522
15 57
5126 3612
5953 6128
7046 7231
7124 7040
3237 5055
2413 2474
5828 6007
5027 5186
885 775
6332 6526
4453 4635
5414 5595
946 990
7154 7355
5230 5389
357 397
3092 450
2127 2192
4795 4892
3479 5290
433 327
1599 1640
7209 7401
1393 1384
3655 3837
3804 3987
1906 1954
2826 2916
1667 1728
6155 6360
3434 5265
6539 6753
3608 3777
5941 6136
2971 235
5171 6266
5376 4003
5965 6135
3522 3657
7121 7321
899 957
5744 5912
6691 6905
3741 3885
3569 1276
4507 4657
4396 4536
5084 6197
792 849
6143 6330
4708 4814
3172 3286
775 860
1776 1847
1818 1885
6628 6242
1790 1854
6357 6555
6970 7160
1491 1534
1180 1189
3728 1540
5785 5957
5476 5652
4584 4789
3189 3206
1589 1625
2198 4417
965 1010
2279 2346
6347 6553
1627 3969
2668 4775
4973 5051
1557 1578
3515 3640
7197 7397
3070 3055
4473 4617
6420 6636
678 749
4367 4507
5973 5159
1451 3862
6785 7005
3372 3456
4856 5006
572 3200
5151 5333
3326 3453
3057 4931
1257 1300
4942 5089
7437 7568
4451 4633
1480 1519
3188 5010
6209 6407
4160 4303
6792 6512
4138 2100
6713 6925
2807 2883
1379 3772
7065 7262
5919 6082
2008 2065
3556 3727
5232 3802
3622 1372
2892 151
1522 1513
3936 4094
288 389
1617 1633
6249 6452
5888 6086
3675 3831
7187 7543
895 3434
7428 7639
5139 5254
6800 7014
7110 7306
3198 3343
7507 7721
5346 5528
416 426
6820 7317
615 3252
2564 2598
1512 1516
1354 3808
1334 1353
1605 1652
1477 3874
83 86
6110 6315
4644 4770
3786 3949
2263 2369
2716 2823
3266 5181
2727 2760
1380 3773
6858 7058
1315 1243
2835 13
5040 5184
4702 4809
6669 6864
3607 3742
3126 3202
11 27
1779 1848
1092 1115
459 3133
7279 7484
3541 1226
3137 3216
728 629
5222 6310
6815 7027
542 630
3251 3291
3334 3469
343 213
6336 6548
4904 4956
78 120
5998 6807
1625 1666
5502 6517
852 859
6224 6439
5766 5970
2851 3009
388 3103
4001 4157
1363 1393
6484 6709
385 488
6080 5346
71 100
2666 2705
1743 1811
4656 4785
6968 7167
2339 2388
4659 2788
5647 5850
5714 5889
2423 2548
2921 3041
2313 2418
7253 7459
4411 4554
3878 4044
4062 2016
789 874
3449 3531
273 241
2809 2885
758 829
3433 5227
1128 3602
1331 1366
6745 6961
1448 1464
6242 6447
163 2949
6772 6478
5052 5202
3388 982
478 407
4255 4428
1935 1983
6350 6566
817 834
4829 4943
2621 4712
4369 5852
2783 2901
4865 4978
2181 2222
445 340
4304 4480
4373 4517
1030 1024
5883 6092
6148 6901
3633 3805
6487 6688
1025 1071
743 810
840 911
6331 6532
6456 6655
7002 7408
3549 5341
6324 6529
3375 3395
858 807
2505 2566
326 143
2196 2277
4918 5023
3230 3278
6356 5769
3017 3155
4740 4874
2785 2902
2542 2691
245 253
5583 5751
6828 7325
976 3478
6220 6434
4510 2657
6665 6870
2975 3085
5229 5385
382 516
219 226
2222 2339
4004 4159
2424 2486
5609 4431
3214 691
5712 6684
2368 2498
2038 2091
3351 3472
361 447
1876 1929
5328 5506
6137 6333
3342 5165
2813 2920
2091 4331
6445 6633
3684 5422
490 592
6265 6471
3406 888
6596 6801
4967 5133
4158 2130
5637 4484
818 835
1364 1410
4936 5042
6014 5218
1542 3903
3082 3184
643 522
988 3490
3018 3132
3463 3530
968 1022
4812 3053
5156 5337
2409 2467
4736 4863
3145 3268
5353 5518
18 34
2839 3011
7172 7368
3854 4019
6300 5680
276 125
3838 4009
2402 2470
4206 4347
6606 7182
3169 3189
2579 2604
43 37
7207 7399
2250 2321
224 317
3159 3238
203 320
3147 3110
2735 4838
731 811
6746 6965
6688 6890
4109 4267
3365 5183
5367 6402
5124 5298
3853 1753
1169 1220
345 424
1027 1066
4944 5061
2366 2437
3829 3995
3227 677
2543 2619
5407 6440
1369 1307
5076 6193
2240 4408
5840 6040
2343 4534
6291 6504
5451 5630
6723 6386
5980 6179
7488 7699
877 778
1371 1314
6851 7062
3875 4045
6897 7359
1296 1240
6803 7017
2256 2298
2947 3049
3538 3666
3904 4074
6825 7324
3478 3572
4990 5080
5342 6377
5535 5712
6662 6869
7026 7422
91 97
2671 2702
1191 3677
3090 3171
1238 1286
7384 7586
2210 2303
147 153
6358 6554
1894 4166
3576 5353
2622 2746
5233 6314
1828 1894
2652 4699
4806 4934
2487 2551
3825 5533
3844 4011
813 669
6650 6846
7186 7142
3587 3753
2606 2712
6997 6799
4793 4928
7469 7629
807 821
4941 5098
1359 3762
613 682
6777 6992
1240 1161
3021 4904
4947 5052
3883 4057
2534 4681
4612 4793
5332 5517
5401 5576
2562 2596
3455 1055
6677 6884
1920 4182
3816 3977
6680 6889
6791 7010
5553 5730
5128 3614
4302 4442
3910 1823
7303 7605
6111 6317
1615 3948
3243 3227
6450 6646
3124 4974
2933 4905
3976 4139
1716 4025
7486 7695
7270 7472
353 414
5457 5635
3554 3725
2854 71
2422 2487
6747 6964
2245 2318
1253 1306
1684 1752
6898 7360
495 617
3223 5059
3377 3433
2144 2244
2749 2849
6399 7068
1895 1951
3647 5403
4626 4807
337 392
2705 2809
5807 5991
3019 3131
5333 5494
3761 3923
3127 494
4737 2876
1536 1538
6059 6248
7459 7711
5985 6775
4741 4868
2089 4318
2667 2816
663 742
992 3477
2889 3037
7283 7487
6673 6873
6140 6337
6396 6601
6047 6252
4330 2373
4925 5050
859 857
4487 4652
7108 7303
655 596
6737 6956
4717 6014
2817 4890
1504 1507
3308 5121
3966 4129
2717 2830
1755 1819
6887 7078
213 95
4655 2753
421 529
649 725
7549 7754
5929 6083
4218 4382
2114 2175
3354 869
2725 2763
5479 5655
5556 6543
5262 5441
4614 4759
5377 5549
6074 6269
5133 5300
6201 6411
3502 5289
1893 1947
1987 4239
4631 4756
1727 1796
1217 1176
909 954
2258 2332
4297 4436
6895 6631
2379 2523
5575 5747
5878 6053
4932 4982
6255 6977
3498 3659
1548 1571
3364 3498
5203 5383
6333 6527
411 459
812 886
1811 1871
4677 2780
5398 6436
1744 1812
7266 7469
5415 5596
3788 3960
2093 2160
716 614
3155 3253
773 3321
6580 6156
2414 2485
1914 1957
6626 6826
3014 2955
5359 5537
5547 5717
5255 5446
2317 4504
5498 5682
5183 6282
4522 2668
7122 7322
2862 118
3008 4900
6627 7208
960 969
3505 3670
3710 3855
1050 1093
4984 5084
3320 3448
6060 6257
1051 975
7244 7450
4565 4706
7096 7292
5288 5468
1843 1903
335 3065
5480 5656
2338 2393
2686 4736
4145 4292
515 369
633 476
4233 4371
816 3383
4790 4925
6198 6404
1454 1434
6646 6849
5579 5779
6980 7170
6671 6878
4674 4744
3417 3547
2786 2903
7223 7420
5492 6507
6855 6562
3146 3267
5152 5334
3075 3190
4085 4236
6592 6780
6339 6533
5808 4815
4861 4983
5687 5866
5191 5378
4996 5152
1066 3560
1093 1113
7001 7186
54 61
6250 6453
991 1032
7492 7706
7423 7547
6179 6393
2132 2236
4976 5160
4163 4316
3134 3166
5483 5667
2776 2870
1097 3576
7508 7722
5334 5520
4478 2620
5284 5448
3606 3726
3557 3737
1324 1350
2309 2404
691 3269
839 854
4319 4492
3776 3945
3453 5258
4392 4529
2094 2158
1831 1889
5069 5223
1242 1199
616 557
4228 4361
2479 2539
1719 1772
4172 4314
2162 4372
6231 5580
2285 2366
152 187
5893 6107
7017 7417
4341 4467
2617 2744
5664 5845
6584 6806
6533 6735
2169 2198
2070 2124
6132 6327
2965 3087
687 593
3542 1227
4791 4926
6199 6405
7059 7258
6947 7143
1390 1426
6638 6834
3785 5497
6349 5755
1921 1965
5489 6498
5992 6150
5632 5820
209 265
3937 4097
4021 5638
5312 6358
7227 7421
3356 5162
5894 6746
6954 6733
6289 7003
1898 4169
3208 657
577 532
2048 2097
4808 4930
863 3381
3263 3422
1840 1901
311 339
1349 1339
3285 787
274 242
183 196
5185 5374
4190 4341
5482 5659
1174 1110
6119 6860
6757 6974
4257 4393
2679 4761
264 246
6428 6643
4303 4441
2439 2571
1328 1354
2894 3032
1273 1232
3635 3803
6390 5812
6661 7220
5794 5980
135 145
1244 1272
3343 3464
2350 4490
194 205
4872 3164
6153 6364
7412 7507
6731 6944
3404 3557
865 736
6853 7061
2021 2080
808 822
1789 1843
952 853
6829 7326
3056 4949
3548 3656
1096 3577
7383 7581
3182 3288
128 2948
3848 4002
6290 7004
3759 3924
3397 3532
4005 4160
2266 4461
569 665
517 600
5885 6743
676 752
7547 7752
3099 475
1901 4172
693 668
5673 5855
4759 4880
3725 5459
589 432
4943 5094
1618 1628
5594 5781
1405 1431
6448 6629
5790 4715
2764 2860
7167 7366
6516 7151
3563 3709
826 786
3849 4017
5215 5398
3318 3452
2219 4427
1747 4059
2968 217
6147 6345
4718 6013
3213 626
7501 7716
1024 904
6740 6959
4287 4424
5290 5477
5442 6460
722 706
5100 5247
3281 5093
4682 4826
2139 2183
3648 5404
391 281
6974 7172
2029 2073
280 286
1801 4095
1621 3954
2639 2761
7173 7369
5277 6339
5948 6130
6196 5543
4598 4710
7404 7614
4766 3016
6647 7210
4207 4348
7272 7474
1299 1344
1475 1472
2462 2530
2223 2323
941 991
3381 3497
4586 5972
1809 4109
2281 2398
2957 3059
2251 2322
6212 6420
204 321
1967 5653
5310 5489
5695 5909
1593 1608
3001 2995
2025 2086
2633 2699
5125 5299
4407 2493
5910 6757
257 263
1418 1450
7381 7579
5524 5708
2931 3036
1965 2013
1546 1572
1254 3700
3309 5122
6892 7086
3362 916
2576 2621
1745 1815
5661 5835
6142 6329
6010 6178
1465 1501
2049 2096
744 815
5411 6443
4706 4812
2464 2531
2734 2777
6338 6536
6863 7067
3665 3841
1064 1088
1731 4047
5754 5927
660 695
2189 2247
5077 6200
3011 3142
1881 1936
2416 4581
285 233
5909 6109
6016 6222
292 379
2278 2348
603 683
3705 5455
3774 3935
5810 5994
294 3067
270 341
6297 7009
409 452
4534 5949
943 833
1318 3731
4897 3152
1197 1264
4055 4218
3380 3491
3221 3380
1812 1872
1586 1595
5246 5402
436 547
4142 4293
3373 3492
72 106
5511 7023
121 174
159 201
5777 5974
6501 5963
6362 6571
5538 6535
657 717
7308 7506
5051 5137
6243 6449
7196 7398
3884 4058
4613 4794
7347 7542
4796 3061
6001 6164
6868 7085
2310 2432
7413 7672
4497 5934
958 993
1503 1486
6587 6776
4121 4261
3328 5147
3306 3436
6599 6191
6502 6704
4275 4396
7402 7611
5313 5484
7466 7677
7022 7214
4572 4686
3747 3920
1398 3783
7271 7473
2192 2242
5130 5262
5902 6095
2440 2534
5671 6626
928 3534
3065 3165
870 740
3299 3308
1663 4000
5207 6297
5392 5566
4404 2492
377 473
3913 4075
6608 6207
6706 6909
2598 2735
617 661
7118 7316
1685 1730
2524 2674
5428 4126
4333 4500
4610 5979
933 3446
249 331
530 585
5590 5772
6530 6037
2575 2622
6932 7375
6909 7105
1327 1289
3083 3177
2635 2719
1673 1731
3696 3849
5071 5236
534 563
1737 1791
177 310
2298 4508
3120 3233
3839 4012
7289 7490
5111 5280
5496 4259
425 410
4752 4884
1178 1262
3272 734
1199 1157
5400 5579
5335 5521
2067 4310
3496 5287
925 980
246 283
4459 4585
851 767
697 3277
507 443
1982 2028
6262 6983
6983 7184
1161 1187
3428 1026
855 726
2013 2070
2286 2367
6656 7217
7411 7505
4223 4359
3374 3394
6874 7083
4461 2563
3426 875
6752 6970
7505 7720
4116 4269
6430 6640
6806 7018
1391 1427
3435 3562
6114 6312
3385 5178
6956 7154
4093 4241
1971 2014
6247 5604
4729 4871
4774 4917
1602 1651
554 621
95 117
5204 5384
4995 5114
2213 2300
5408 5590
3438 3511
4115 4281
6959 6754
2041 2088
4178 2154
5667 5843
4436 4569
5226 3785
7450 7705
2955 3073
3583 3746
4518 4696
3561 3735
6136 6332
7312 7623
3294 5124
5318 3933
359 3094
3818 5532
7467 7631
2086 4327
1940 1979
1911 1960
3530 3706
3450 3539
1694 4016
5613 6580
1210 1167
6663 6872
571 491
3473 3535
2799 2889
4320 4469
7131 7334
6595 6808
2626 2750
2129 2180
5769 6706
1608 3971
3376 925
3183 3296
5467 5644
275 305
1738 1788
7246 7451
1124 1140
1678 1711
6174 6381
5082 5242
1691 1751
1732 1786
7475 7683
2988 3106
3162 3265
24 55
3791 3941
3908 4066
6211 6416
1343 1379
214 133
5486 5661
4881 5013
6950 7147
1460 1483
828 3397
2759 2840
1320 1266
3363 3424
6610 6810
5338 5519
819 878
921 914
1074 1104
5917 4923
5884 6084
2047 2112
5926 6126
838 3409
3319 3459
6246 5601
4356 4491
7050 7442
4738 2896
6381 6573
6839 7055
3062 3056
834 3411
1890 1948
4299 5819
89 114
4711 4847
5839 4878
7460 7670
4245 4400
3628 3799
6107 6292
69 116
7210 7552
4277 4403
6321 6525
5302 5479
2721 2810
6500 6703
2733 2848
874 3407
2588 2612
1855 1918
2293 2406
2201 2250
6765 6979
3671 3806
6259 6461
3546 5343
247 295
4164 4317
5242 5420
3440 3528
6841 7056
6888 6617
2993 199
1479 1460
7353 7553
1335 1359
987 1012
889 898
4878 4919
6156 6363
3293 3443
340 3089
2451 2506
3253 3327
5639 5842
6163 6372
431 273
1679 1733
3350 3367
6914 7109
2000 2051
5931 5028
3640 3791
4882 5014
2646 4786
2207 4421
1476 1473
4683 4819
6917 7118
612 681
696 566
4235 5763
3441 5235
4065 2022
2958 3060
2092 4335
3491 3644
2123 2168
5058 5211
4914 4966
2803 2891
5439 6459
6280 6490
7391 7597
4017 4171
7458 7666
5882 6093
7512 7741
6682 6893
1036 949
2268 2350
2033 2076
5967 5115
1766 1834
4901 5025
3105 3194
4666 4724
3179 3276
3582 1296
6040 5233
857 808
1222 1146
3411 5208
2740 4842
2108 2155
3552 5347
553 467
5710 4622
3948 4108
265 247
6429 6644
2115 2189
5672 4546
87 93
6631 6233
4908 5041
6520 6025
3117 3213
2536 2610
3095 3201
1202 1147
4560 4731
1255 1278
1106 1049
5528 5718
4641 4778
2182 2209
4543 4648
3337 881
1058 1087
6343 5746
6770 6984
2100 2169
7455 7594
4191 2172
3846 1737
4230 5761
1218 1195
3244 699
3486 5274
2702 2747
5324 5509
4916 5048
5114 5285
7326 7524
7358 7558
5499 5683
3959 4124
1844 1897
161 161
7426 7679
2905 3046
6708 6913
5633 5809
5891 6071
1157 1209
496 342
402 313
1902 4173
6472 6673
5472 5648
7029 7224
3254 3379
3708 3859
4654 4739
6575 6771
3915 5575
7477 7688
4521 4625
3942 5600
3881 4053
4600 4720
3073 3199
1958 1996
6687 6347
4714 2841
2116 2190
4596 4722
4313 4444
6009 6194
5089 6216
3581 3760
2233 2283
1734 1804
4595 2725
2537 2611
764 850
3533 3690
2352 2477
7047 6892
2982 3069
7555 7762
449 348
5787 5948
7152 7516
3735 3911
2345 2396
6438 6662
7265 7467
4921 5039
146 206
2107 2148
4606 5933
1037 958
4144 5698
4 21
5853 6047
4909 4953
6469 5905
5065 6189
7310 7621
598 470
116 222
6263 6466
2610 2739
5311 5490
4495 4602
3020 2960
6261 6468
4490 4607
4824 4957
4754 2907
1121 1124
6552 6090
754 654
1232 3757
4499 4665
5433 6456
4735 2873
1714 1763
6519 6024
6818 7034
2333 2378
4179 2153
7242 7441
3315 3437
4704 4853
3998 5627
3107 3179
4460 4586
1468 1506
122 5
3038 4918
2954 173
5273 5452
1551 1584
3250 693
1540 3889
2372 2499
2533 2586
3831 4001
703 785
7098 7298
3488 3635
3722 3906
6655 6854
2146 2212
732 3312
330 192
2701 2829
3934 1859
669 568
1211 1166
403 413
1194 1207
708 793
6268 6477
3978 1906
3489 3583
2216 2306
2381 4557
2476 2640
2322 2444
6248 5605
5357 6395
4685 4835
4994 5064
5409 5591
4779 4907
1054 3570
5936 6123
1041 3563
3224 3241
949 843
3856 1743
189 280
4147 2113
320 350
6210 6417
7548 7761
2654 2757
3692 5432
2924 3020
5014 5145
2143 2245
4789 4894
3472 5261
2445 2525
6002 6165
7218 7414
4269 4410
5752 4663
6559 6748
3950 4113
3054 3163
7115 7314
63 3001
2613 2653
6122 6322
2874 2961
685 783
1603 1603
1955 2005
2280 2331
4526 4615
3992 4151
5854 6064
4042 4201
489 564
1885 4158
1792 1853
3830 3997
287 361
2470 4613
1566 1543
6990 7197
1136 1145
2642 2776
5274 5458
336 221
5175 5358
7099 7299
2726 2822
4321 5826
2459 4583
4133 4284
2869 132
1170 1205
6034 6211
4315 4449
7496 7713
4173 4328
7054 7253
2140 2211
5344 6376
3490 5277
3756 3891
1877 1935
3412 3537
6611 6811
3527 3630
120 72
4351 5836
21 109
7304 7603
6439 6634
3480 3541
3681 3823
16 59
7429 7684
1003 944
565 610
6601 6814
4058 4216
3405 3458
323 344
5136 6244
825 872
3398 3455
2303 2386
1638 3976
3171 3270
2131 2225
755 800
7126 7502
4189 4340
474 536
2980 178
6006 6162
4709 4828
1718 1783
4342 4523
1964 2000
6742 6958
2083 2140
6070 6272
6048 5278
6133 5424
5999 6206
4798 2939
3028 2975
49 62
6905 7122
5923 5007
3641 5397
6674 6883
6617 6821
3268 3391
5314 5482
1497 1531
1713 1764
963 997
3141 3239
3980 5618
984 913
5182 5345
3612 3767
367 4961
5513 5705
2242 2273
2513 2565
4432 4568
2274 2360
6848 7047
626 517
2977 3068
581 3211
4129 5691
3851 4024
3864 4035
5491 5671
3130 3244
4537 5938
2966 3066
2662 2774
1624 1646
5607 4415
4094 4242
5279 3857
6632 6232
3369 3525
1129 1149
7224 7416
6939 6698
5906 6058
2489 2545
1089 3575
3061 3031
759 619
2015 2064
3247 3406
6589 6805
3637 3784
3338 5225
1422 3827
305 378
5434 5613
1275 1328
7123 7500
3847 1736
7468 7632
618 708
371 496
6735 6954
208 302
6054 6828
4292 5810
4524 2636
5928 5034
6024 6226
5536 6537
6190 6932
47 30
423 493
5557 5727
2134 2176
5610 5811
2710 2789
6560 6747
1104 3593
2130 2181
1110 3606
5933 6117
5256 3840
205 209
1042 1059
5009 3388
466 343
5510 5700
23 38
2791 2895
582 3212
2989 3107
140 176
299 162
7257 7463
7094 7001
2729 4803
4429 5895
7408 7618
2545 2600
6641 7209
6543 6072
3322 5151
5395 5563
7515 7725
3750 3909
5382 5557
6005 6163
374 416
931 804
5670 4541
7093 7486
561 509
3015 3062
1571 1564
3300 3442
3217 687
1485 3851
5728 5940
1069 1009
2118 2197
2972 2952
3987 1919
2289 2337
1035 3516
607 3255
6931 7128
2722 2786
41 88
132 269
2583 2709
3661 3817
2775 4866
1741 4050
6996 7198
3953 1877
5196 6283
5724 5924
7097 7296
225 91
3923 5587
1814 4118
109 189
619 709
7006 7195
6775 6987
6050 6255
2125 2166
7332 7525
1351 1399
835 746
4788 3051
4755 4889
1981 2020
3711 3846
6944 6702
628 479
468 484
1010 926
2452 2507
3824 1701
2415 2471
4162 4330
2165 4377
1891 4164
800 3356
3693 3860
1407 1361
1797 1858
1806 4098
4413 4549
7400 7608
3006 216
3276 748
5225 5400
2902 98
7009 7207
6929 7378
2208 4422
5142 5250
3812 3984
6544 6073
2404 2479
217 135
6206 6413
6952 7148
4339 4478
6369 6578
4512 4678
3703 1504
7352 7548
2914 3021
2515 4642
3470 3600
7228 7428
200 326
6711 7255
3418 3554
4923 5066
6942 7131
4687 5995
2058 2109
4353 4496
228 3008
3568 3734
4902 5026
6418 6649
1033 3523
1080 1074
2203 2278
4282 2330
3201 3318
1541 3890
5487 5666
5652 5868
3962 1883
5783 5956
6013 6172
1139 1182
2117 2163
2412 4576
4564 2693
383 400
2157 2253
6266 6472
339 393
4383 5862
6702 6906
2344 2408
5120 5272
1799 1852
5299 5462
4443 4571
4843 6049
7493 7731
2554 2627
4007 4162
4099 5677
815 891
2042 2090
4969 3298
2548 2625
5419 5598
88 104
533 667
3010 3128
1711 1769
241 158
7100 7294
2177 2228
160 224
2205 2310
4134 4283
5427 5608
4675 2835
1171 1204
4757 4887
4229 5754
3390 5195
2488 2555
1976 4222
7105 7301
2655 2758
6615 6815
3896 5567
1126 1131
5566 4355
1999 2037
717 759
5604 5778
5879 6088
6482 7129
6115 6316
837 831
2485 2559
4068 4224
1234 1170
6344 7053
979 863
456 537
3683 3829
2417 2484
3860 4029
461 514
3798 5515
7314 7510
884 763
1505 1479
4647 4764
7214 7407
2095 2147
5236 5414
6581 6787
1149 1186
4597 4723
4334 4521
5304 5488
2833 2927
4605 2778
6216 6428
1646 1686
4624 4771
1941 4198
5864 4955
2040 2087
511 354
2559 4656
6498 6695
4031 4188
4263 4413
7211 7551
6860 6581
5669 5847
1152 1081
5982 6180
971 856
7315 7511
7311 7622
750 823
6982 7166
4139 4289
346 374
1216 1256
3775 5492
348 402
5817 5996
6789 7295
2824 2915
2742 4820
2981 179
191 266
520 396
5818 6011
2395 2536
1494 1470
2788 2879
2411 4577
7112 7025
1933 1982
5402 5577
3955 4123
501 586
2739 2866
6865 7069
7361 7563
1916 4181
1672 1696
4077 4228
5718 5893
3481 3582
1417 3798
42 36
1569 1602
5756 6701
4196 4343
300 420
2819 2925
3168 3273
7290 7494
3535 3633
6619 7196
805 3353
1978 4227
267 243
6435 6645
3140 3145
2477 2641
3973 1904
5872 6050
4066 4223
4032 4189
2595 2643
3262 3307
6106 6313
3867 5554
4679 4833
3861 4023
1487 1524
6284 6495
4665 2764
5517 5707
3805 3980
2229 2324
94 185
3565 3687
2756 4832
5026 5071
4329 4456
1864 1921
3464 5252
98 148
3108 5032
3002 3070
4553 2688
2341 2403
406 471
185 2976
5282 5447
4494 4608
5530 5709
4393 4527
686 784
1674 1695
3993 4152
3203 3359
3066 3205
6521 6027
318 362
7534 7746
5788 5952
7025 7215
2142 2196
1098 1038
3257 3414
476 3146
2173 2249
5890 6074
112 183
776 861
3206 3336
6173 6928
551 3191
3752 3926
5137 5275
5070 5237
4837 4963
6188 6397
1825 4128
3154 5011
492 572
4977 6138
7291 7495
6239 6445
3089 3187
4468 4664
2325 2413
4098 5674
1558 1580
3972 1900
6833 7045
4567 4671
266 315
7142 7340
3685 3824
6073 5306
5642 6612
6588 6774
5654 6619
1462 1474
1099 1058
579 576
2370 2439
1610 1639
4457 4636
324 345
114 207
6721 6930
5623 5827
1804 1866
2230 2325
1756 1827
2700 2796
350 469
1949 1988
4259 4394
2122 2187
4822 4933
2691 2815
4513 4677
3694 5435
4197 4350
658 724
1336 3738
4249 4397
201 325
1592 1611
1396 1348
6873 7090
4753 2909
1561 1560
4236 4363
4870 4989
2758 4854
7241 7443
6491 7138
2081 2125
113 184
7184 7133
3869 4030
4640 4777
5345 6385
6741 6421
2856 2957
1088 1039
6189 6398
3111 3220
222 270
3039 3137
1483 1503
6636 6832
1115 1119
5041 5123
5608 4416
3304 3364
1974 2012
923 966
6700 6904
5117 6239
1543 3904
2163 2259
4033 1970
6271 6476
2161 2201
6025 6809
253 264
3191 3292
3235 5047
6977 7171
5764 5925
4571 4703
6527 6034
4670 4746
761 3303
4447 4579
2276 2382
1159 3651
31 82
3256 3415
3766 3937
6022 6220
2346 2473
3997 1930
4527 4627
6915 7113
2843 2973
6652 7211
1587 1626
4284 5803
4008 1939
4240 5765
6849 7049
3762 1582
143 160
5336 5513
4616 4760
1886 1940
7205 7402
3459 1052
6536 6741
4893 6061
1414 1443
3267 3378
6053 6831
389 456
3460 3590
2750 4831
3220 3349
304 256
4435 4564
7535 7745
1664 1712
441 3129
3558 3695
7095 7002
4547 4726
3778 3950
1289 1309
5449 5629
5643 5829
6658 6856
5002 5156
3454 3604
7080 7282
240 358
4876 4980
831 893
3103 460
6586 6797
2547 2581
6695 6902
3323 3361
231 290
2572 4661
3275 5112
154 261
5542 4339
2973 2953
4570 4732
2261 2341
3842 3999
1492 1500
2940 3025
6607 6792
5800 5984
4011 4163
7439 7652
5140 5269
7245 7449
5495 5684
6058 6253
4075 5670
1641 3972
6569 6763
1321 1357
7060 7257
843 3374
1726 1782
3012 3135
608 599
3789 5500
2600 2630
1784 1855
4073 2024
1526 3907
5358 5535
6051 6256
1164 3646
5924 6121
4823 4932
3047 357
328 193
4154 2129
4232 5762
7331 7527
2852 2936
1085 1019
2017 2058
4309 4477
6719 6917
629 480
597 449
659 723
6949 7150
893 756
7139 7337
2849 3010
5039 5100
574 437
6222 5562
7443 7656
6609 6816
1032 3509
7526 7736
5043 5198
4037 1985
4458 4588
5550 6530
2307 2358
3476 3549
2903 99
1515 1554
2960 2977
5620 4451
2314 4488
3813 3985
314 3074
39 65
5920 6085
5944 6132
6207 6414
6630 6827
3943 4103
2599 2731
1502 3865
4186 4344
4203 4353
3452 3506
3367 790
1975 2011
3949 4112
6837 7051
4594 2772
2507 2663
4710 4841
5630 6598
5621 5793
5190 5348
2883 3022
6786 7293
3609 3779
4430 4561
127 23
2269 2375
5223 5381
502 587
3184 3168
4632 4763
7268 7471
2651 4779
4561 4734
2888 3033
4199 4367
2224 2287
7277 7479
3577 3691
6302 5687
5749 5920
3289 5120
310 3098
2927 2951
5780 5958
6087 6290
605 702
1778 4088
3921 4083
4950 5091
4888 5003
53 128
7364 7565
7446 7658
892 909
6145 6898
879 750
4106 4250
5423 4106
144 203
3796 3967
3258 3271
3806 3981
3391 5196
2647 4698
1132 1098
705 762
6751 6966
4417 5885
3077 442
3503 5322
6478 5919
2857 2938
6191 6935
5567 4356
3886 4062
5655 6618
1900 1952
5880 6089
6393 6604
5519 5703
1293 1221
5054 5149
1466 1481
1568 1598
4226 4360
5037 5106
2509 2562
5775 6715
179 212
1039 1062
2893 3018
4428 5863
1272 1216
7087 7286
1963 1998
1852 1915
1038 1067
7085 7477
2872 2950
3868 4041
2708 4813
166 2934
953 953
3497 3655
4625 4772
4357 4544
5952 6141
6283 6993
2267 2342
3743 3883
784 3369
84 123
1223 3705
45 73
6566 6756
5820 6018
6525 6032
4505 4653
7036 7225
6528 6036
3170 3262
428 3153
2569 2671
6118 6300
6489 6717
6020 6218
6258 5624
5462 5640
5986 5182
1332 1292
3732 1548
5987 6186
3283 3423
1203 3682
5270 5433
6504 6718
1950 1989
7336 7531
4010 5631
6204 6415
1659 1699
7031 7432
3048 3136
5991 6779
4081 4234
291 322
5045 5206
540 500
4384 4524
1062 988
5108 5213
4419 2520
3912 4067
211 323
4688 4843
6465 7126
6991 7403
4076 2025
4046 5651
4124 5686
5835 4865
59 64
2751 2867
1433 1452
1749 1806
1333 3732
2941 2993
5605 5798
4965 6113
6805 7020
6703 7246
3892 4065
1282 1316
3420 3553
35 24
5101 5257
1606 1613
2151 2205
3424 5215
7084 7285
7451 7589
6590 6790
6762 6978
3928 4082
1382 1351
822 730
2253 2291
957 852
627 478
5823 6020
3529 3664
3625 3789
5969 6115
1158 1151
6726 6401
5650 6616
6697 6908
665 711
5881 6067
7281 7290
7365 7567
137 150
6441 5875
4181 4325
7250 7454
3753 3927
609 598
4212 4374
4215 4378
458 3159
5123 5288
2806 2884
6734 6950
1489 1512
4140 2107
4202 2178
2484 2634
3186 5046
6161 5498
2836 2943
1134 3610
566 644
1849 4141
1768 1820
6497 5961
6720 6916
4310 4476
3248 3389
5293 5480
6759 6975
4349 4516
5141 5286
5368 5550
5306 5470
4839 4976
1020 3559
7453 7662
6277 6489
6304 7012
2271 2351
3823 3986
5611 6584
2853 2944
4025 4179
6987 7187
1260 1305
182 211
6879 7076
7448 7703
647 540
610 645
3669 3842
3629 1377
2110 2151
3956 4105
5079 5188
6724 6936
2311 2368
5684 5871
4514 5941
4070 5668
4187 4365
4151 4308
1337 3739
6890 7097
4474 4616
7079 6976
5080 5230
532 584
1236 3710
3461 3628
3118 3130
666 738
2082 2126
2811 2908
5372 6409
1832 1891
2526 2576
1796 4092
6563 6759
6900 7100
7066 7261
558 666
3833 4005
342 3104
3163 3266
7297 7493
1355 1398
7340 7528
37 127
1029 986
4841 4969
3720 3853
29 31
6643 6842
2051 2092
259 306
410 538
2684 2790
4919 4968
1520 1551
7034 7430
1473 1509
7035 7433
675 720
3477 3643
2609 4701
4745 2886
2063 2111
4760 4883
395 503
999 3512
5713 2647
4673 5990
868 806
2283 4485
6582 6777
368 250
3697 5463
1807 1869
7396 7609
2388 2518
4241 5766
233 346
2349 2402
1581 1565
1853 1917
2884 2991
4455 2561
6081 6279
5686 5872
3352 3508
891 799
821 3398
1998 2035
4271 2275
2830 2945
7075 6971
26 90
6000 6212
2589 2659
741 3290
2794 4875
2340 4533
5095 5228
1356 1391
1290 1310
3175 3247
4332 5831
5391 5558
5048 5190
6305 5688
7053 7243
1872 1925
3055 3178
5003 5157
7318 7627
3395 947
174 182
3514 5297
5899 4972
1865 1923
560 3231
6131 6323
6218 6429
125 218
6166 5512
80 156
3575 3749
429 435
3457 3515
7212 7411
514 370
6096 5370
2590 2626
3009 3000
5905 6108
5873 6751
7354 7556
2135 2215
550 671
2898 3005
2624 2672
5005 5171
3340 848
746 832
7305 7323
4363 4506
6864 7066
3110 3127
66 79
1309 1293
939 977
2490 2549
6319 6521
2056 2102
5503 5694
5432 5610
950 818
2243 2271
5811 6022
1162 1163
487 406
6298 6513
1046 1100
5908 6752
5629 6589
4288 5805
2793 2880
7499 7715
1453 1475
4184 4336
5249 5436
4406 5879
2868 3019
5127 3545
5219 5372
1888 1949
2715 2795
2357 2425
1079 3568
4894 5012
3663 3835
6481 6681
3321 3341
1287 1301
6925 7117
6927 7121
3646 5407
1133 1144
6668 6859
5150 5307
1697 1755
6183 6390
7405 7615
1378 1413
206 214
5170 5302
5025 5070
4970 3358
667 3282
2347 2401
3650 3832
215 260
1866 1924
3094 3160
2005 2040
7109 7013
2217 2292
3506 3598
1430 1453
2577 2607
3951 4110
2928 3027
6667 6868
255 139
1758 4073
6881 7092
1909 1959
3052 3162
3114 3123
4108 4271
6936 6694
1434 1459
4548 4688
2597 2666
3143 505
3517 3696
3989 4149
664 707
210 272
3156 548
4636 4768
4619 4729
1303 1317
3331 779
5568 5757
3136 3208
5707 5888
4987 5164
6730 6942
3336 3485
4863 4991
1295 1338
5094 5229
6105 6295
6512 7146
3302 5131
2321 2379
4756 4888
4692 4825
6906 7365
5781 5959
5521 5724
7104 7302
2998 3092
6235 6441
887 937
6830 7042
3840 1738
2158 2229
4370 4512
6395 6607
5403 5582
99 105
2365 2431
6375 6564
7397 7604
5552 5732
2053 2101
4955 5134
156 165
5958 6155
2689 2805
1582 1587
481 535
2150 2237
970 3462
2329 4522
3173 3311
4540 4639
4247 5767
386 238
871 868
7478 7686
5086 6208
172 164
7350 7545
6605 6783
7004 7192
4643 4798
7213 7410
1538 1561
3717 3880
4649 4718
1229 1279
5460 6484
5988 6802
4170 4307
3714 3882
934 964
3654 5412
1075 1112
5105 5259
5195 5379
1954 2010
4799 4922
1577 1604
5971 6174
2519 2573
5176 5357
6182 6391
4780 4915
6316 5697
312 405
3403 3520
4972 5029
2179 2207
5915 6111
3295 3284
2827 2917
4727 4870
6287 6998
50 77
6710 6912
785 3370
1323 1326
1563 3899
5090 5240
7229 7425
6158 6366
3202 3330
5348 6383
3458 3629
1340 1368
4469 2590
5972 6142
7330 7628
1306 3717
2272 2352
4064 4220
3511 3675
5770 5931
3821 1705
400 382
404 297
7175 7372
7256 7460
6637 6254
5021 6175
796 680
1201 1134
6787 6509
1114 1138
1297 3720
3626 3759
1595 1634
2436 4592
5537 6534
227 275
4668 4829
3596 1284
1312 1259
2573 2684
4425 2510
2447 2521
150 167
4254 2265
3590 3766
3040 3154
6594 6778
2027 2069
5245 5437
6004 5187
7372 7436
6244 6973
220 2998
3148 3243
4833 4908
1578 1605
5824 6003
5490 5663
1863 1922
6367 5774
4875 4979
6278 5646
497 355
7164 7349
1943 4197
4818 3026
6518 6731
6094 5368
1291 1321
2019 2085
2336 2405
654 3260
6804 7022
3605 1349
4937 5043
3036 307
3153 3248
1607 1614
6532 6039
4101 4247
6934 6705
1665 1692
6486 6716
2904 136
7280 7485
5761 5962
846 696
680 590
4273 4409
1705 1771
6334 6545
5121 5270
2190 2223
536 3310
1087 1045
7502 7718
911 927
745 825
3341 847
6941 6700
2077 2143
6221 5561
5562 5736
7325 7526
6274 6483
723 764
2631 2751
4276 4423
5309 3916
4059 4214
5286 5460
6973 6765
2057 2106
3734 5464
315 337
1307 1294
721 3274
6462 6689
1288 1303
197 279
3586 3718
4452 4632
1411 3792
848 3470
5736 5906
6866 7072
6714 6924
158 195
1682 1715
5997 6198
3446 3592
1372 1385
3150 3228
242 288
5261 6328
3219 3335
4982 5141
6884 7088
6612 6784
6144 5457
6351 6567
1887 1941
3345 3351
5370 6403
4840 4977
4580 4683
3181 3283
5838 6029
7024 7212
322 427
4224 4354
4354 4494
6057 6243
3592 3771
5339 3964
6988 7188
4645 4769
4088 4240
7030 7218
5571 5749
778 3319
5990 6204
4234 4362
7449 7704
5059 5220
7544 7742
180 186
7236 7438
6402 5825
6178 6387
2532 2667
238 328
1231 3743
6340 6540
2327 2407
5033 5082
6036 6210
4767 4893
3926 4078
1544 1529
4177 2162
1481 1455
4805 4914
5544 4329
3394 3517
20 68
7264 7585
1177 1127
7322 7519
4511 2658
419 487
6272 6479
5942 6139
6401 6596
5373 6410
1101 1120
1412 3793
2318 2419
2527 2577
6467 6671
6901 7101
1500 1547
6306 6514
5425 5606
5477 5654
1060 1014
936 978
5329 5507
3742 3898
7341 7529
447 3113
354 448
2529 4670
2713 2755
781 802
1047 3550
3359 3421
2531 2680
4107 4264
2962 2940
1645 3990
14 56
1016 951
6394 6608
2410 2468
6379 6568
2561 2603
4504 4600
4279 2319
5512 5701
2034 2078
79 146
5268 6335
7550 7758
1575 3921
3399 3548
4620 4730
4988 3348
2732 2847
2389 2519
7345 7533
74 110
4891 4912
7208 7400
3894 4061
2456 2527
4847 4910
786 648
3093 451
4813 4945
6432 7098
5174 6261
3957 4115
1942 4194
1131 1079
7531 7744
3180 3158
7160 7352
898 956
6624 6830
401 3088
365 439
2375 4531
6194 6392
7442 7654
3035 3120
1144 3637
1580 1607
5109 5232
5841 6041
6964 7165
1011 3526
6461 6660
5017 5085
6894 7095
2369 2497
4819 4952
5369 4007
3429 3479
2244 2340
2763 2861
4136 4287
7058 7259
229 154
7479 7687
5593 5759
1346 1291
3539 3667
864 710
6446 6632
6672 6877
2552 2584
3211 3210
3085 3091
393 298
1535 3897
6146 6891
5612 5784
349 404
7435 7564
3291 3418
5531 5716
6373 6563
7525 7737
6408 5838
5157 5336
454 574
7091 6988
2300 2427
1795 4089
1647 3975
405 453
7043 7230
5264 5439
2865 2984
195 204
6385 7065
7204 7394
1361 1332
3051 3148
6999 7405
7480 7691
2449 2516
3560 1255
6660 6858
5478 5660
3917 5581
1951 1993
6681 6880
3784 5505
3078 4935
2736 4837
2677 2754
4854 3124
5522 4315
2563 2597
5454 6473
2248 4432
5349 3963
175 248
3436 3597
2659 2801
6801 7015
1650 1688
3772 3915
5129 3615
6410 6609
1707 1754
2113 2193
6065 6844
733 3323
33 20
3360 3501
3551 3665
1012 3527
5416 5594
3749 1558
5662 5840
6859 7059
4089 2036
7410 7504
4638 4773
3810 5525
4997 5158
2578 2608
584 465
2929 3028
2186 2213
3754 1573
2983 3080
3615 3782
1653 1691
944 971
2227 4414
760 663
1552 1574
6064 6247
2160 2204
4386 2456
7222 7560
5283 5451
3573 3704
652 698
531 3197
6696 6907
5855 6065
3531 3668
5340 5504
1325 1356
6223 5564
1788 4084
6328 7039
2996 3083
2880 2978
1226 1164
3166 3264
6125 5409
4746 4876
1330 1365
860 858
2432 4590
2483 2633
3589 1327
537 3309
996 907
5380 4021
7421 7637
4883 5016
3228 3345
3828 5540
7180 7532
6790 7007
6831 7043
6275 6482
6979 7174
4676 4748
1936 1984
6205 6419
3209 5053
1632 1676
6725 6399
3979 1907
4830 4944
7532 7743
3084 3047
4456 4584
2320 2363
5074 5203
3138 533
3361 3502
1341 1371
3274 3275
6922 7116
1816 1874
4423 4556
5563 5745
3210 3346
7491 7702
4242 4402
5938 6097
4992 6147
2774 2869
1676 1713
252 251
3280 5104
5266 5450
239 289
3550 5342
1962 1999
4381 2446
856 766
5690 5876
3748 3875
5525 5704
4968 5027
4020 1955
4697 4840
1183 1230
5666 4538
1780 1835
3176 3281
5501 6515
2593 2665
3899 1809
3745 3914
1506 1485
3245 689
938 3451
1120 3616
2264 4459
2752 2857
2097 2159
6835 6539
60 70
3069 3161
3981 4145
3996 4156
2358 4545
2046 2093
4525 2654
1279 1323
4742 4867
1499 1542
4374 4547
1185 1251
4056 4217
3834 1725
1841 1902
3422 3474
896 791
1365 1403
5470 5650
1830 4130
3296 3285
763 3342
1053 984
3817 5534
4327 4464
3290 5125
4092 4249
3465 3588
3097 3221
2522 2587
2482 2637
4132 4295
6823 7036
2863 119
96 155
4951 5009
644 523
1404 1441
6675 6882
4355 5841
5193 5373
2480 4620
5674 5854
3768 3938
5617 4443
5693 6661
850 718
7021 6850
4660 4711
7259 7464
6788 6510
2787 2894
2567 2675
4366 2426
4940 5065
2437 4593
3932 4090
2891 152
5683 6664
5291 5476
6320 6528
6893 7354
5093 5210
2022 2081
3379 5214
3765 1594
3231 3302
823 840
6657 6862
5932 6131
4874 4911
528 651
797 774
4086 4237
7370 7571
3598 1346
55 42
1781 1845
5565 6550
5937 5057
463 385
7487 7698
5456 5633
787 647
173 181
5147 5311
725 782
3865 4037
2822 2911
1496 1493
6364 5777
4639 4784
3819 3996
2550 2582
919 3426
1983 2021
2886 2970
3723 3886
1061 1092
5263 5453
3667 5416
4125 4285
6625 6829
2670 2701
1190 3676
2096 2170
735 3300
642 520
4630 4783
2453 2537
5184 6281
6294 7006
5265 3850
5586 6565
4515 4662
22 32
5201 5355
3562 3752
3091 3172
2658 2704
5725 5896
5180 3719
1513 1552
1746 4055
1666 1693
5715 6687
1835 1896
1031 983
3668 3821
1802 1863
2653 4700
1283 1334
1167 1171
3870 4043
929 798
4983 5090
7346 7534
4722 4824
2615 2678
5323 5508
372 3115
2419 2469
4698 4839
5029 5142
2539 2606
3909 1822
5554 6531
5740 5903
4078 4230
880 3432
2637 4708
6084 5320
5211 5365
573 3203
5737 5907
1763 1831
2995 3108
6666 7221
6943 7381
5450 5628
869 3396
742 638
2970 3064
333 3042
6253 6457
1516 3873
6613 6785
2948 202
3303 3314
4599 4719
7313 7512
1757 4072
4335 4497
1972 2009
1699 1765
4316 4450
5582 5752
6120 6320
3706 3868
2876 3030
2704 2808
3333 3468
5957 6143
4379 4566
1443 1428
5173 3707
1733 1803
3264 5079
5475 4207
7385 7588
4035 4192
6470 6665
683 735
2228 2288
6495 6697
61 87
820 894
5711 6685
2920 3040
3811 5524
7288 7489
704 565
286 3102
3862 4036
4672 4733
6904 7363
3432 5226
2882 2965
6112 6855
1869 1927
2148 2217
4157 2131
1798 1850
3416 3543
3571 5362
3536 3713
5581 4395
7015 7205
4873 5017
4006 4161
1381 1408
1163 1215
6880 7074
1651 1669
6578 6769
4122 4262
3236 5056
3727 1539
6449 6630
1675 1709
5300 5475
5692 6667
3520 3638
3132 4964
1507 1522
3444 3596
1116 3594
232 347
862 910
3229 3344
2714 2756
1452 3834
591 640
1048 3551
4346 4479
4336 5817
6686 6886
3499 1139
4294 4429
5208 6298
2963 2941
1655 1671
3205 3304
623 692
1928 4187
5514 5699
4466 4595
6583 6149
413 515
2640 2762
4188 5737
82 15
2001 2044
7235 7573
4030 4186
2644 2696
1375 1312
2997 3084
6299 6511
321 372
3871 4042
352 474
1649 1684
6728 6945
1614 1654
1915 1958
6507 6010
3495 3674
4929 3254
1930 1969
327 360
1657 1697
590 560
4409 4539
1339 1367
2044 4296
4111 4278
3487 3620
3509 3619
6967 7168
5075 5204
2401 2464
6616 6804
7161 7361
28 10
6169 6378
6474 6678
6913 7367
3204 3224
4934 5062
1947 1987
2553 2585
269 244
2120 2186
5626 6588
6134 6338
6017 6223
25 76
3133 3138
4261 4381
3483 3584
5412 5589
2387 4563
2403 2465
7511 7738
6286 6496
3975 4140
2193 2241
5688 6657
1810 1868
3226 676
434 544
6172 6379
3329 3384
2450 2517
881 776
77 113
7185 7541
5627 4465
6187 6396
4877 3170
494 618
4945 5077
1338 3741
3820 3998
6992 7409
3738 3870
6840 7054
3543 1231
295 292
2605 2738
6082 6285
4701 4846
1175 1225
258 262
5192 5350
2846 2959
4607 4684
5315 5483
2259 2364
6603 6788
5774 5981
5946 6762
4691 4845
2910 2999
5131 5263
3516 3623
5458 5636
3142 3246
366 4960
2616 2743
2481 4621
1187 3708
945 812
1601 1610
1221 1283
5708 6682
1827 1893
6573 6766
2945 3039
4131 4280
749 792
1436 3818
6534 6736
0 33
2079 4320
4146 4294
827 906
3277 3417
1103 3581
7032 6863
4954 6166
2984 3081
3282 3371
3242 700
5429 4127
2961 220
380 445
2141 2216
7127 7330
6276 6486
4012 4165
6640 6845
2741 2828
1629 3983
7335 7634
4615 5960
6531 6038
1267 1260
6514 5992
5689 6658
1917 4183
2643 4716
1227 1165
4258 4385
4602 2718
480 577
7401 7610
2010 2067
4463 2589
178 311
694 754
3261 5060
184 197
448 309
1639 3982
1803 4104
1113 1061
791 836
470 501
7483 7696
2696 4802
4308 4475
370 495
1724 1790
2184 2270
2068 4311
491 3204
4502 4643
5950 6761
6842 7057
1532 1556
3591 3770
5558 5735
4044 1991
5221 5375
2454 2538
7373 7437
1622 3956
2683 2722
1490 1527
6633 6820
4389 4528
3167 4987
277 144
1043 1065
1176 1183
3347 3466
2608 2662
4462 2564
3859 4026
2672 2742
2747 4848
2778 2871
6386 6593
6139 6336
1148 1155
3197 5035
3151 4992
5056 5167
903 3445
3344 876
3763 3901
7529 7749
4761 2918
7157 7517
3724 3896
4360 4502
1897 4167
2860 3002
4758 4879
2061 2134
2896 3043
420 528
915 943
6100 6307
418 3114
3555 1241
465 570
2218 4426
3504 1152
3044 83
6348 6551
894 3429
1406 1432
446 3112
5653 5861
126 190
7202 7395
3905 4063
2246 2314
2800 2881
932 979
4751 4881
2209 2317
5526 5725
4137 4290
5555 6542
3121 3232
4222 5753
7198 7396
5868 6043
7292 7497
4637 4754
1065 1099
1892 1946
6028 6187
2172 2268
3112 3234
2191 4389
469 541
2028 2072
3691 5438
4566 4675
6455 6683
392 282
3192 3301
3845 4014
4585 5971
4663 2769
942 992
6844 7050
1009 995
3310 3317
4906 5033
4278 4446
5010 5146
736 613
1245 1282
2636 4727
2398 2454
505 428
2119 2191
6850 7063
3794 5516
2930 3035
3507 3663
4314 5824
7374 7574
2393 2451
90 115
4448 4574
913 3449
4900 3175
479 521
3508 5301
975 3483
674 615
244 299
3482 5308
3795 3959
1782 1846
4397 4532
1095 1111
110 121
4546 2669
639 555
7016 7418
1195 3714
151 267
2952 3077
5614 6575
3866 4038
148 268
2685 4735
2088 2138
2551 2583
6649 6847
2601 2736
1117 3595
910 3489
3278 3444
2887 2971
632 477
6181 6921
1358 3763
1350 1370
3672 3815
3963 4125
3484 3645
2974 3086
2757 2864
4045 1990
2838 2937
6975 7173
7166 7107
2584 2714
7503 7735
3357 3499
766 3386
7254 7457
7068 7263
5438 5619
3837 4010
4293 4483
5374 5548
7000 7185
1140 1179
7344 7537
937 3441
5445 6463
6951 7152
5240 3810
1004 994
3893 4064
4849 4986
3636 5408
2301 2395
4476 4645
6683 6894
5578 6556
4040 4195
6763 7279
1055 3569
355 462
3621 5386
5849 6059
7239 7440
129 140
3451 3565
3339 5224
2990 3116
1 46
5289 3888
3500 1109
6517 6727
5213 6303
6639 6837
993 3524
2054 2117
7498 7676
1182 1194
2360 2453
2355 2411
5898 6102
334 394
1463 1494
4715 4851
5162 5312
6620 6201
3355 5161
3396 3533
4053 4209
3616 1360
4364 5828
635 3229
7392 7598
1723 1776
5529 5719
1122 1085
5035 3416
6400 5830
747 591
488 567
3393 3540
5022 5169
6312 6522
2629 2740
5148 5281
5200 6289
5024 5175
7388 7663
92 126
4100 4253
1455 1478
3013 4899
1151 1094
2496 2649
2596 2685
1547 1545
3415 3546
6690 7240
6764 7280
2406 2466
4535 4707
7368 7572
4123 4263
5734 5904
5356 5527
5747 5936
6229 5572
4544 4640
3746 3919
4117 4260
5730 5901
5437 5616
7045 7236
567 444
7042 7234
250 252
875 3435
2351 2482
157 170
3079 3057
6715 6931
2571 2599
3031 4941
2847 2997
7182 7380
360 384
6634 6833
4217 2199
3003 3105
5258 5449
7063 6929
2234 2284
1735 1805
282 284
331 463
5875 6055
2104 4321
4026 1964
5913 5004
2328 4462
4926 5038
6773 7289
6076 5340
4911 6087
5584 6560
319 364
5053 5217
5424 5599
2574 2700
3777 1612
5668 5844
236 366
648 703
7278 7481
1219 1254
2718 2813
734 655
4652 4737
1059 1086
3960 4114
338 430
2944 2966
4135 4288
5644 4513
6553 6091
4231 5760
2991 4901
4739 4877
6782 6997
7231 7426
724 761
6819 7035
3843 1740
500 631
5102 5248
7130 7333
7226 7423
6008 6196
5307 5471
5723 5935
1419 3796
4961 5136
5250 5421
4835 4958
3058 330
364 498
1374 1406
5235 3794
5678 4560
5422 5603
7072 7267
1495 1511
4054 4219
4113 4258
6042 6835
7071 7265
5682 6654
8 11
4895 5018
1805 1870
2275 2361
3402 5200
2187 2269
1715 4028
4209 4352
7262 7468
3158 5015
5365 5544
1530 1518
5172 5363
4312 4474
6079 6277
6753 6972
1015 901
437 349
5595 4404
5677 5870
6564 6103
634 728
3553 3684
2420 2472
4732 4862
5317 6362
6412 6610
7456 7664
5247 3833
6382 6574
3977 4138
3808 3978
1626 3958
6413 5848
2682 4806
6035 5246
3330 3385
7199 7550
2147 2203
6295 6505
1604 1648
5843 6042
1773 1844
3891 1797
1013 1042
6152 6367
4506 4689
5895 4997
3311 3316
7267 7587
4500 4609
1670 1681
316 180
6766 6980
2469 2542
6041 6246
7088 7483
7219 7415
6645 6843
6969 7161
1913 1961
5144 5314
6971 7163
4705 2824
986 1011
3958 4120
4024 1963
3890 1807
2202 2295
2236 2290
3029 3141
4622 4776
4343 5833
4365 4511
5278 5454
3349 3366
1759 1825
3513 3626
251 336
6164 6373
1269 1320
2611 2711
7247 7453
1680 1734
1067 1091
3744 3895
6535 6737
1102 1051
3929 4085
5981 6184
309 3099
5832 6728
5977 5107
4104 2055
1984 4231
3128 3097
381 446
6130 5419
6193 6934
1879 1937
2299 2394
6021 6225
4375 4558
464 502
341 376
538 634
4915 4967
7375 7575
6003 6168
801 3355
4530 2650
4371 5856
4027 4180
1268 1261
6774 7288
513 601
102 169
5281 3871
4963 5143
543 646
7445 7701
7178 7373
2297 2355
4161 4304
5301 5478
4156 4305
5771 5939
4169 4313
4667 4725
7484 7697
2498 2558
1173 3653
3649 5440
6515 6725
6038 6241
2109 2156
4575 2726
3165 3249
2468 2623
6011 6798
6955 7155
5939 6133
376 472
5068 5219
2006 2048
699 656
6149 6352
5239 5387
5624 6597
5474 4206
995 1044
3984 5622
4301 4445
1572 1600
6397 6592
1386 1417
6424 6652
5023 3403
2254 4454
422 3149
1681 1735
3715 3892
803 887
4219 4358
4508 4611
5430 5609
7061 7260
498 595
1248 1191
3695 3848
6440 6624
544 433
6891 7099
5168 5310
1693 1729
668 760
6227 6437
1934 1977
3413 3536
4917 5049
4583 4660
297 3100
2400 2546
916 3430
6877 7070
3952 4121
2917 2931
3123 3218
2149 2257
4449 4628
5830 6026
5641 6613
2463 2552
3971 4135
5729 5900
5889 6075
5435 5614
5680 5864
2247 2315
3427 1025
3939 1860
1342 1380
3050 3150
278 316
1957 1995
6241 6448
7504 7719
5057 6214
7103 7304
4338 4526
6811 7311
6200 5539
4350 4489
7339 7538
3656 5430
7113 7312
4095 4245
1111 3607
4862 4981
5163 5313
4896 3151
4268 5780
4208 4345
7151 7515
6464 6691
5743 5910
964 996
7074 7270
7243 7446
1824 1887
3378 3521
3642 3776
3414 3558
4617 4728
2546 2601
5064 6188
1270 1319
1005 1036
3564 3736
1400 1387
2361 2490
4855 4913
6654 7219
5484 5665
2237 4411
2907 3038
620 3295
2630 2741
1686 1726
2784 2875
2939 2994
4980 3373
6499 6712
2394 2452
2985 3117
3068 3174
1478 1461
7521 7732
4743 2877
1084 1121
6812 7030
6960 7388
2273 2376
3037 3180
4057 4211
111 122
2760 2834
4394 4535
1220 1253
6558 6054
1263 1201
1742 4051
1281 1299
6921 7114
5466 5643
5197 6284
5833 4864
547 678
4063 4226
145 237
6075 6270
4930 6094
1225 1268
2211 2261
2 81
6361 6572
5821 5998
6197 6408
6063 6265
1298 1250
1722 1792
3781 3943
3540 3724
765 797
3657 5431
64 60
171 249
5836 6028
5505 5689
2138 2221
5178 5335
477 573
283 285
332 464
7366 7570
2362 2433
2885 2981
2879 102
5549 5734
5063 6182
379 387
1073 3567
7552 7760
7179 7376
1767 1837
2444 4597
5013 5144
6938 7135
6953 7149
6097 5364
3410 5209
3877 1794
6701 6903
985 1007
3471 3601
6760 6451
1125 3618
2992 198
3523 3701
123 172
7217 7554
6937 7130
3600 3729
254 335
130 141
5276 6340
6862 6583
4043 4202
3252 3326
1600 1609
7416 7624
3780 3953
1172 1237
4426 4570
2429 2496
5615 5807
3494 3671
7215 7413
6813 7026
6604 6209
5746 4631
3049 3185
5007 5095
967 1016
6088 6262
6138 6344
2502 4629
6565 6104
1702 1745
408 380
5179 6276
5506 5690
6600 6813
3652 3822
2795 2888
2185 2256
906 935
5719 5891
5145 3636
4498 2592
1023 939
3809 3979
3578 3747
1628 1660
5034 5177
2625 2683
5149 5282
1620 1631
3519 3639
3676 3830
1410 1435
4102 4251
1597 1636
4520 4626
684 772
7220 7204
5592 5785
5485 5664
5896 4998
3930 4091
650 499
3442 1048
6049 5279
108 112
1100 1057
3004 3109
2055 2120
6102 6305
6984 7181
2363 2430
1528 1557
5202 3740
1820 1875
5463 6487
5181 5344
5914 6127
6329 5721
3269 3392
218 254
4080 4233
4907 5024
4529 4650
6083 5318
5697 6670
6288 6497
4431 4567
2558 2689
397 314
7551 7759
1420 1422
1635 1644
5844 6739
2291 4499
5963 6767
3106 4975
4120 4274
2790 2904
7321 7353
3902 4070
6807 7021
216 333
2214 2296
4832 4948
3249 3365
3767 5493
1700 1767
4210 5750
555 622
6940 6699
2538 2580
516 3181
1301 3715
4519 4692
1153 1082
2235 2297
2987 3076
5638 6611
13 74
1482 1496
5132 5267
4050 4210
679 3272
3187 5008
5210 5393
3074 3048
5750 5922
4653 4738
2648 4787
1709 1770
1432 1430
2260 2353
559 670
4712 2859
3699 1495
1712 1778
7067 7462
4700 4792
707 794
6052 6230
5103 5249
4398 5877
3240 3334
7337 7536
677 534
6245 5602
7359 7562
4590 5964
799 828
3713 3858
3709 5467
4182 2184
7398 7606
5362 3992
1573 1601
6281 6492
1710 4022
6123 6311
1403 1411
5194 5380
4662 2768
5959 6119
6425 6653
301 421
1119 1060
7077 7277
2687 4762
1181 3662
2023 2077
4623 4685
2024 2082
1415 1442
2284 2400
5596 4405
230 329
6260 6467
788 841
5146 3624
471 383
2065 2127
688 652
6232 5569
4248 5748
6622 7199
5272 5444
5507 6518
5066 5192
5974 5139
556 623
1952 2002
5784 5987
6150 5473
4703 4852
6423 7103
810 884
2755 4849
5912 5005
1204 1234
2262 2370
3660 3816
7494 7734
2922 78
6296 6506
4975 5154
4401 4542
5285 6349
4491 4647
1090 1013
4696 4855
2923 3044
1534 1575
2473 2544
6085 6258
1815 4119
5319 5499
3116 3122
2099 2171
3872 4048
2359 2417
1980 2019
1352 1400
3679 5423
308 229
2937 3045
4103 5678
2823 2922
7136 7341
3005 215
3967 4134
777 862
5224 5399
7457 7667
453 308
4684 4834
671 722
552 3192
4962 6171
4998 5172
3046 3144
5248 5405
2197 2272
1271 1212
973 865
2282 2399
3218 3382
3783 1630
636 3240
5798 5977
5158 3660
2200 2262
3366 3494
7107 7305
7334 7535
6370 6579
1688 1760
637 551
6116 6319
6492 7136
115 208
3736 1546
1808 1865
5305 3917
6555 6749
811 885
7238 7439
3200 5019
3991 4150
7078 7274
1184 1219
7007 7412
4899 4939
1533 1569
3620 3801
6419 6650
3961 1882
3348 3500
6314 7033
5782 5955
4826 4909
1353 1392
5862 6056
5384 5555
271 356
2390 2447
3631 1386
482 549
7324 7520
6071 5293
202 223
4634 2782
5405 4076
5267 5456
5119 5271
5867 6068
5298 5461
6963 7162
4352 4493
124 19
1387 1363
5591 6569
6061 5296
2738 2832
394 441
4305 5806
1206 1132
4557 4651
2374 2500
7414 7625
4509 4612
6479 6680
7286 7488
1793 1857
3164 3287
3193 5045
7163 7364
3431 3484
1845 4136
5104 5238
1873 1928
545 434
6447 7115
5364 5545
281 409
4195 2177
3139 3140
994 1015
1931 1980
3773 3931
6722 6922
3027 2974
5004 5170
836 830
5308 5474
4014 4168
5869 6078
4579 4717
6228 5571
737 758
3270 3425
5589 5775
4475 5926
2060 2110
3537 1213
5436 5615
1703 1758
983 912
2591 2692
5681 5865
7041 7233
4492 4646
7482 7693
6591 6789
4150 4300
5679 6659
5649 5867
6026 6803
5659 5873
3940 4100
7300 7313
4648 4765
2661 2773
390 457
3409 3566
1728 1799
2078 2118
4096 4246
3216 5113
4051 1994
3081 3167
5984 6203
40 89
1431 3813
6236 5583
1156 1185
3246 3405
7240 7444
7409 7620
3873 4034
4748 4872
6463 5902
7471 7678
757 650
1007 932
6899 7102
4130 4282
2324 4501
4592 4740
1961 4212
3104 461
3467 3621
7191 7391
7495 7714
6407 6621
586 527
2743 4821
6776 6990
7038 6876
2594 2632
5347 5503
6273 6481
3043 293
7440 7653
4416 4548
3521 5319
4171 4337
6679 6887
6103 6306
1416 3797
6171 6374
6363 6558
7546 7750
1654 1704
1570 1550
3215 5040
1413 3795
548 679
2126 2182
5008 3387
4558 2681
5209 5394
3313 3337
908 945
1785 1856
306 191
5440 5621
2619 2679
6154 5491
5260 6326
3689 5427
4340 4471
6352 6561
1661 1714
4311 4473
6039 5260
5042 6176
6251 6454
6431 6641
6739 6957
4719 6015
6678 6879
645 686
4479 4596
6781 6995
2277 2347
5381 5556
3887 4060
3702 1505
7140 7338
1081 1114
1399 1416
3025 276
1258 1214
6889 7079
4361 5846
578 575
2426 2481
3758 3905
2255 4448
5815 4816
954 842
1486 1523
1594 1596
4112 4277
6029 5239
3559 3694
1671 1724
7273 7475
4910 3198
5087 6227
7317 7513
4322 4452
3566 3688
4387 2494
1424 1449
2744 2846
5088 3522
4550 4655
3063 3075
2066 2123
853 882
1923 1966
6523 6734
1631 1650
7379 7576
3716 3879
2007 2049
3324 3360
2660 4781
2204 2328
5702 5921
3802 3961
3739 3877
4782 4927
883 744
4399 5878
5216 3780
467 483
4047 4204
526 635
3931 1851
7033 7227
1155 1156
4454 4591
4680 2839
5189 6280
5960 6120
6738 6951
4549 4658
527 627
956 3463
6089 6263
6240 6446
2111 4349
3850 1744
6826 7041
7533 7753
6069 6273
1926 4185
4568 4672
3384 3419
2014 2063
7447 7659
907 936
6177 6380
4165 4334
4067 4225
5897 6755
7433 7689
6920 7111
2371 2440
298 231
5970 6169
2942 188
4842 4942
6986 7191
3567 3733
2168 2231
5383 5552
2508 2568
5806 6001
1383 1352
384 506
622 658
6167 5511
6062 6838
5134 5253
5663 6625
4750 2906
7415 7514
2516 2694
3492 3649
4250 4398
6108 6287
529 458
4465 4644
7153 7348
139 16
3437 946
6490 7137
5983 6177
272 259
1072 3564
4239 4366
3297 3322
3593 1318
814 890
248 3007
1441 1456
3358 3476
1833 1895
4851 6046
3234 3400
6072 5292
504 3186
223 271
3718 3881
4403 2489
681 620
6270 6475
1154 1160
3386 3438
1026 929
85 124
2288 2336
1384 3786
3730 1533
2994 3095
7522 7733
7019 7206
1970 2017
6526 6033
4533 5947
6699 6911
1302 3716
4671 4747
2199 2302
1985 2031
6473 7127
1233 1169
2156 4373
5295 6354
6475 6677
1761 1830
6310 6519
6664 6857
2330 2387
4251 4418
5930 6118
3030 3013
5789 4714
142 159
5271 5434
2818 2926
1588 1627
1425 1448
2728 4804
4253 4390
3797 5514
4974 5058
235 352
6749 6967
4481 2593
5907 6051
6388 6602
6635 6818
4270 2279
5863 4954
1018 959
307 395
4028 4184
4385 4525
5577 6559
510 353
824 873
2501 2556
948 838
212 324
6454 6651
4069 4229
4689 4844
7188 7383
5187 6296
3731 3913
5001 5179
3368 3519
1576 1563
6128 6321
4274 4407
5716 4623
6928 7132
6852 7064
3623 1381
790 814
1001 963
3855 4032
347 401
3067 3173
5067 5193
5975 5140
1428 1420
2918 84
3954 4122
2709 2820
845 3372
5755 5923
6529 6035
6505 5982
1205 1235
3874 4033
4629 4791
2676 4742
5762 5928
1553 1585
7237 7445
5717 5892
5379 4015
3327 3410
3927 4079
5921 6079
296 232
493 588
7476 7682
7255 7461
4966 5130
525 594
3185 624
6779 6994
4952 5088
2979 300
6704 6910
2304 2422
3933 4096
5925 6122
804 3352
3032 3139
2681 2759
1385 1409
358 411
4611 4800
3712 3854
7444 7657
2212 2308
1348 3764
5765 5929
7306 7499
4999 5173
3174 3193
4959 5109
5606 5790
4555 2682
4834 3063
7260 7466
4141 2108
2176 2232
4152 2115
1168 1174
4421 5886
1598 1635
2154 2185
795 685
2782 2893
1850 4142
2544 4682
4496 4603
289 388
484 546
4642 4757
3144 4973
2069 2150
6237 6444
5799 5978
4489 4601
3903 4068
1993 2029
4989 5153
3547 3728
5735 5942
6685 6888
6585 6794
2238 2320
4118 4275
7519 7728
4291 4433
5572 5743
6838 7052
7117 7315
5188 3699
3659 1440
977 3482
2560 2602
713 582
4503 4599
7114 7318
3995 4155
1817 1880
5955 6105
2128 2188
4991 5087
3670 3843
6292 6502
4185 4326
1585 1570
2812 2914
6457 6666
2828 2913
6219 6426
2391 2448
3733 3893
2220 2293
3152 3257
1107 3586
3579 3750
5331 5510
3239 5072
998 1017
3059 3169
4097 5673
7012 7201
6027 6185
6135 6341
1259 1297
1991 2027
1237 3711
7141 7339
2290 2343
1108 1047
2969 3082
3122 3219
7125 7328
1166 1123
1207 1133
2673 4741
4281 2349
2949 3090
440 543
4845 4999
2582 2710
6513 7145
1753 1826
5320 3932
3026 334
3298 5128
1846 4137
1616 1629
1284 1336
5773 5973
2016 4256
3618 3761
3045 2982
4892 6062
6032 6231
3686 5428
3199 3347
1932 1981
718 578
1040 948
854 883
6392 6603
1907 1956
1313 1267
3292 5103
5115 5291
4434 4565
1395 1347
3835 3993
1633 1680
5394 6430
4149 4309
3101 3235
4079 4232
3919 1832
5155 5339
6318 6523
768 3362
2521 2569
4869 4988
5055 5150
5217 3781
1427 3807
2335 4530
1851 1914
1861 4147
6217 6423
767 816
6233 5585
738 768
6416 5859
6309 5693
4119 4273
1437 3820
3462 3617
6335 6544
6885 7094
6127 6874
1729 1800
193 219
4439 2532
4802 4920
1249 1197
974 1001
5792 5993
5819 6017
630 704
7537 7747
2657 4780
4477 4654
4442 4573
293 3014
2474 2535
7386 7591
2520 2572
1264 3712
7189 7384
2332 2384
134 2990
1783 4081
6019 6190
4328 4455
6577 6770
3382 3450
1008 933
2842 2972
3677 5417
7380 7455
4283 5802
430 436
7328 7521
3131 4965
6159 5495
2900 3004
369 438
7500 7717
6814 7029
1725 1793
3260 3412
1989 2026
3086 429
2012 2056
4105 5681
7390 7595
3468 3632
798 673
164 166
1560 1590
1193 1218
432 312
3968 4133
6911 7106
4153 4298
5943 6096
673 721
4082 4235
7474 7681
5046 5207
4424 2524
3627 3758
3314 3338
2166 2226
1083 1103
6886 7345
5016 5185
641 727
930 801
378 497
2772 2868
4563 2686
2581 2687
6252 6455
1854 1916
4200 4351
4720 6016
6993 7406
5602 5794
3906 4071
4298 4434
4532 2652
4603 4679
3518 5309
