6369 3091
4235 2898
796 20
3521 1453
1741 2808
999 1379
7163 3309
2162 1858
1177 1455
6062 2983
6663 1600
1360 434
6209 2791
4585 2643
1033 1305
4457 2580
6123 3004
1623 2315
2668 2638
3672 478
1010 1373
5594 882
5073 2658
7283 3050
4120 817
1018 242
5682 2545
6928 3250
970 2082
1768 688
6774 3201
716 59
4378 2936
1359 2208
5373 1668
7336 1941
2476 2602
4421 2941
4560 1082
7254 3273
3258 1234
5390 2804
5233 3002
1714 659
4092 2425
2284 1915
7133 3299
6424 3115
3674 1532
2259 1894
4053 778
1757 1685
2477 2603
2376 2546
5131 1423
6717 3269
1318 2206
2145 884
7042 2331
4961 326
855 17
1271 373
5534 1807
6657 1591
1222 1437
893 1241
3683 1543
4288 2513
7187 3242
3960 1712
3942 707
6689 3265
3548 2694
3552 2708
5882 205
4119 816
1118 1395
5089 1400
1333 2723
4452 2581
6350 3083
1066 1381
5503 2873
6608 381
1085 1394
6207 2354
4251 1866
463 29
5978 2661
6314 3214
1606 1610
5347 2776
2079 1835
1855 726
6035 1521
7256 3318
1795 1696
3513 1472
5016 393
3772 2284
2187 933
4325 1873
1423 2280
2000 1789
6773 3200
1607 1611
6057 2982
7318 3354
3810 2311
3565 2166
2122 866
978 1391
2244 949
1830 1713
5538 2887
4547 2621
4611 2641
1089 1377
5168 2704
5406 2815
2388 1946
6119 3000
7212 2203
6890 2504
3486 2680
6601 1508
785 72
4451 2588
1125 1419
4054 1773
6964 1387
2352 1930
2131 901
1292 334
976 2112
6488 3141
6564 1434
5056 2096
5463 2840
2091 915
4030 2410
1313 415
491 1244
1120 1424
2436 2562
1647 1628
4218 1872
4519 2596
2604 2047
2369 1077
2680 2054
2468 2004
1774 1682
5213 2737
5440 1739
4417 2939
1978 2422
1909 766
4115 1802
1108 1393
5184 2193
6118 2732
6943 3249
1775 1683
2111 2476
1191 1469
1723 2353
5042 2654
1585 1595
4835 187
865 26
6700 3175
571 19
2432 1988
5419 2820
5688 2929
5792 2636
879 1256
5909 261
6662 1596
1411 2237
6216 1701
5205 2709
6986 2724
4286 1879
1137 259
5469 1760
2534 2043
4329 877
834 1299
4870 203
1110 2158
5394 2805
5549 1830
997 1345
3254 335
3714 595
5654 3107
5513 2882
5735 2965
1209 354
4518 2630
2323 2524
5190 2710
7152 3333
3390 2660
1481 1566
847 1276
757 69
3576 2707
4187 2473
4610 2971
5501 3064
4422 2555
1939 768
3384 2075
1012 1384
5307 2312
6625 2245
1236 442
1223 436
3713 2279
885 1322
5192 2712
3549 2699
6571 1405
1799 1706
3429 1328
6313 3067
3896 2358
5164 2194
1336 2188
1932 776
6232 2362
7003 3146
5658 3228
1839 1716
2298 1923
4050 1767
988 2119
3506 1396
4099 2428
3602 401
850 1231
5532 845
4165 2468
996 1344
1337 2189
6703 3177
6067 1568
6507 2607
2329 2532
3248 351
6016 1523
5641 2925
2483 1156
5623 2918
4343 2537
5094 2191
3031 1233
4535 2622
1888 2403
5400 705
6166 648
3490 2676
1831 714
838 2098
4406 1063
1008 1389
4948 310
3238 1239
7041 2330
4109 1794
1772 692
5693 2943
3682 2759
3377 93
3586 1512
3689 2748
5329 641
1079 1351
4371 2934
1443 2257
7298 3327
4098 2427
5830 2024
3204 34
6064 2122
1742 2809
6385 3086
6171 3019
1985 1782
957 149
2157 945
1601 2318
6787 797
7452 3381
6287 3057
5986 372
1116 2127
2086 2467
3422 174
6593 3147
3594 2717
4786 153
6265 746
1112 1403
4010 2831
5397 2355
5769 2967
5108 2091
6253 2823
1789 1690
3433 2110
5756 3134
6194 3025
916 1243
2115 891
1088 305
1952 780
1968 785
6854 2464
5138 2977
1758 1686
6765 2400
1494 1553
7099 3290
6336 3074
3223 2073
6582 2976
3927 1698
5599 2490
1920 1756
7107 3206
3748 1580
3456 1432
3842 2342
1105 2136
6370 3092
1970 799
1600 2317
5220 548
3918 2367
1780 1693
6665 1592
938 1281
7364 3012
6719 3270
6093 3153
1062 124
1618 1619
5712 3240
6638 3152
1897 1752
2008 2433
5624 3095
1850 2392
874 1235
6619 3142
6490 3140
2133 888
1678 1651
4902 268
2096 913
2204 1893
7174 3336
1019 251
1927 1758
3503 445
6249 2389
1890 1750
1505 486
1431 1520
3767 1635
2282 1914
806 1258
3798 2310
870 1242
6418 3110
1503 505
3405 1371
7035 3167
1806 700
2605 2041
5529 2446
6036 2656
1651 630
2266 2502
7543 3379
5614 2472
6779 1763
5565 3076
3527 2128
3365 2666
5578 2480
6070 1558
3720 2259
1936 1761
3464 2978
6318 3068
2603 2639
2650 2974
6107 2734
3984 2822
4850 245
1710 1661
2184 1874
5264 1588
3799 638
3342 2077
6515 2618
6843 2459
2470 2579
2346 2543
7214 2698
5269 3009
6568 222
947 1286
7029 1584
620 234
1887 747
6363 1836
3707 588
2293 1916
5528 1813
4934 284
5223 2220
6028 2649
5246 2740
4112 2436
4004 1747
2248 1861
1976 2418
6158 2782
5775 2037
6751 3189
1911 763
3566 2167
5629 1867
1417 1518
6806 2855
3863 1664
6645 2225
2389 1947
6666 3156
3275 2084
5456 2832
5277 3171
728 63
6701 3173
5451 2829
5132 257
3914 2813
6069 1557
6735 3033
2515 2576
2317 968
5367 3026
7098 3289
5082 1527
5245 584
1015 1266
6291 3060
1217 429
2119 881
1916 2409
3452 2106
1119 285
3448 364
6190 3021
6465 3247
7322 3085
2291 2523
667 52
950 1267
6167 649
4311 929
3338 439
5179 2714
6604 395
2254 1010
5485 1780
2047 856
6609 366
1053 152
6124 3157
4063 2421
4125 2437
2062 849
5230 2241
2172 1877
1380 1499
4255 1881
7067 3317
3514 2681
1237 443
931 1334
3734 2274
6643 2227
1783 1697
5605 2491
1716 2349
3738 1575
4199 903
6293 791
1913 1755
5317 2772
7033 2775
4006 2402
1941 2844
1151 1450
3829 646
5659 3229
3528 2161
3646 2249
1566 1589
487 14
6484 3137
2544 2624
6068 1569
5418 3041
5454 2834
3889 2359
1301 2179
6856 3301
3438 1375
943 166
7494 3394
5553 861
4534 2625
2651 2644
7414 3219
2395 1981
2382 1059
7046 3260
6777 769
5494 2869
3776 650
993 1420
5855 1380
2163 943
7388 3366
5319 636
5903 212
1036 159
7397 3211
5171 2177
6999 3144
1152 1411
5977 238
5708 3129
4240 2485
1254 2183
3359 1319
3449 2132
5221 2994
1412 2236
7398 3212
1201 258
4475 2014
6001 2651
7050 3267
1164 2146
3551 1409
5237 2247
1801 1702
1570 1597
5507 2874
3852 2795
2309 1865
626 1227
5610 2495
5196 2988
5703 3123
4175 857
7106 1781
884 67
2343 1940
2090 880
5602 2492
7020 1541
4901 269
6083 446
1901 758
3611 2720
3432 2111
2103 872
1535 2325
3797 2309
2416 2559
3443 1327
4990 2653
4903 264
5569 2894
5981 330
7392 3350
816 43
7113 2870
1233 1478
6007 2664
3898 696
1285 1502
5806 2594
1616 1623
1737 1675
3329 1323
6788 1771
3729 2281
6556 191
3476 1330
5949 299
3303 2080
2387 2553
1408 2222
3794 2328
6523 1212
6647 3252
2482 2013
4586 2973
5622 3099
5577 3080
4507 1016
762 16
4103 2863
5268 3010
1454 1551
3686 2750
1849 2393
2373 1957
795 31
5181 2185
6517 2017
3479 396
1379 2213
6128 1574
6029 448
880 95
5520 2462
1413 428
5411 3032
4116 818
5165 2695
5182 2186
1111 2157
1023 1372
876 143
5545 2884
3212 1262
4992 2646
6250 1720
4497 3135
6328 3217
6049 469
1955 1768
1272 388
5679 2590
6959 181
3317 1257
6290 3204
7021 1560
2301 955
1048 1348
1910 761
5121 348
1103 1361
1961 2416
6669 3162
971 1309
1891 1751
973 134
3644 2735
4281 928
4129 2441
1886 744
979 70
6059 2701
1541 1573
2300 1025
1629 655
1165 1392
2433 1987
5911 237
4849 243
6929 3251
6395 3224
1407 2221
2013 832
1436 2252
2412 1979
3386 1311
4262 1885
2207 2500
2025 843
7384 3344
760 80
1026 1349
1945 1766
1107 2123
6116 1599
6077 497
5333 2299
6017 1522
6310 2864
5925 2162
888 1245
5639 2924
4449 2946
6103 1586
2381 1962
6760 3042
3321 2071
1987 2424
2100 1827
7450 3380
2283 1910
4377 2544
1123 309
5116 338
7279 3286
5653 2542
4383 2926
6320 2457
1090 1332
1636 590
3509 1442
3316 216
6126 2999
2024 844
7266 3035
768 1295
6394 3105
1452 2261
3425 2092
5178 2195
954 1312
3791 2305
903 147
6464 3248
975 1336
2361 1932
6045 2129
3816 1656
5282 479
3453 2153
4533 2626
6852 3078
5515 2456
6003 2655
1506 1567
7349 3126
5134 2980
7493 3390
952 176
1965 796
4283 2906
4014 2404
1540 2277
3775 2302
7167 3308
560 1248
6165 647
5112 453
5342 1640
7435 3174
5784 2634
6832 2880
4446 2585
3685 2248
1808 1719
7205 2990
2358 2549
900 2069
4514 2637
6362 2895
1190 308
6386 2479
1211 417
7022 2269
2817 2059
2374 1966
1239 2172
2294 1917
6622 2979
7206 2991
2120 876
6289 3203
4132 2444
5272 2287
4296 2497
3725 2769
3546 2176
4974 1268
7396 3325
2067 1833
4375 2539
3518 2697
3817 2344
2068 2460
2599 1200
1967 1762
3526 2168
6906 3245
1040 1326
5895 252
5487 2850
5723 2960
2092 1842
5162 2711
4733 1192
1427 3006
4144 2877
6321 2872
6485 3138
639 36
5300 589
5360 664
7381 3316
5312 3013
2493 2586
6600 1507
3290 2074
3800 2301
7161 3111
7097 3321
3408 430
4243 941
4453 2593
3363 1310
1166 306
3905 1684
2263 1001
1153 1412
5972 1277
5626 1870
2264 1889
1320 359
5424 3040
6868 3305
6646 2265
6618 406
1203 1435
895 1287
2351 1949
1717 2350
3917 2365
3516 2173
4278 1863
3913 701
5061 2081
2444 2578
5984 386
2507 1134
980 1321
5139 2673
4991 1259
4693 1999
5147 481
5183 2192
7482 3376
3924 2366
5200 2715
6193 3022
1044 169
5883 204
1296 371
5483 2852
6351 3082
6518 1189
5201 2219
5229 2730
6761 2397
5630 3100
3825 2787
2255 2498
3193 2076
2598 2632
3472 1370
1078 1347
1098 233
3233 65
3718 593
6661 3155
2222 1898
6829 3070
3510 2135
6212 1670
1693 622
1234 1479
1037 1367
249 208
1286 1503
6731 2798
794 32
875 1342
7453 3365
7275 3284
5189 2705
1159 301
6673 3159
6002 2652
6115 530
7151 3332
4299 2911
6841 2881
1635 1618
2516 2040
3789 2780
7474 3255
856 1343
1131 292
5928 272
1106 1404
7380 2801
5655 2932
1615 2304
6142 2751
1864 1733
1003 244
6793 1777
5521 2463
2069 887
4895 240
1094 2121
6227 2814
2610 2032
5849 171
1902 759
989 1376
1960 2417
4582 2958
3956 2380
5077 2975
7157 3093
1293 1487
6239 3034
6255 3194
5169 2721
5371 2792
2529 2628
4993 2647
1749 1681
5261 2754
5447 2401
1181 213
3489 297
1316 370
4907 239
1437 2254
1988 811
945 75
5298 2765
6066 2981
1674 1655
733 1273
4581 2633
6853 2465
1312 379
1265 1510
3648 2229
7370 3266
1685 661
5396 2807
1249 392
4021 2837
2380 1973
6294 3205
2657 2642
529 23
4321 2522
1641 1624
6146 3259
3606 2209
3684 2746
4111 2438
3496 2138
3439 2148
6031 2663
4162 2466
5458 2835
3679 1546
1315 1475
5442 3196
5697 3120
2504 2620
1655 608
6810 3208
2055 1816
4229 1853
5356 2781
505 1250
1395 368
5766 2966
5455 2833
6034 2672
4638 1064
877 144
6102 1587
2262 1005
7002 3145
4429 2949
3654 2239
2601 1195
5512 2867
6552 235
5516 1821
5930 1398
1798 1703
6283 3202
6252 2395
4506 2611
1056 2094
5222 2736
977 1307
851 150
3719 2260
3681 2251
4292 2496
2659 2060
1240 1460
3647 2228
6649 2744
4468 2591
4072 2851
1581 1601
6750 1709
5001 383
5422 2388
1371 2223
3398 1350
3673 512
5297 1602
2439 1101
7130 3302
2219 1887
5904 1401
7303 3328
7547 3389
7442 3362
4284 2907
6244 3039
6628 447
4338 1951
6425 3116
6298 3063
3146 324
1302 2178
7131 3303
6893 3307
6753 1714
929 71
1011 1383
6903 3233
5292 3011
3627 2231
5328 640
1894 752
1416 2233
