6064 3492
3797 3683
3842 2970
3227 324
1016 2701
6083 2821
5928 1433
4116 2049
3117 224
4733 3400
7254 4733
4945 1454
1215 518
4121 828
3329 2595
978 2683
4619 1020
1758 3014
3330 2596
7370 4794
3452 3470
5432 3056
7320 4543
1509 1706
7025 3633
1040 2626
3514 4086
1214 1624
4597 2316
5463 4244
5568 4307
5368 1895
7067 4732
4192 855
268 69
1166 1510
3082 1376
1152 1455
5264 3659
4979 334
4928 301
853 398
1234 1534
1112 2708
1106 2705
4325 3213
1674 1831
993 2702
5112 1639
6898 4697
7543 4877
3231 229
3729 2895
6102 2889
1988 824
6746 3038
2470 3964
3193 3418
5075 2723
3520 1512
6832 4291
3673 1702
1702 688
6014 411
6171 4465
4286 3216
5941 2704
4682 2381
5583 883
4697 1082
6006 4404
5203 1703
7437 4629
2717 1069
2133 2138
5312 4456
2701 1100
5422 3046
4791 1296
3566 3551
2129 876
5427 1945
5263 607
6335 3866
4064 804
3155 265
6619 4598
4030 3807
1650 692
6726 702
795 1217
3711 2877
1910 1985
2861 144
5134 4073
5564 2129
4616 2356
5553 3151
5333 3674
6122 2915
6191 4473
175 172
7124 3843
4977 4032
5229 3582
6029 2817
5281 626
7361 4445
6691 1806
2148 886
1481 1698
698 35
3083 1358
1920 3084
2195 964
5168 4099
1606 2933
1452 3637
2309 3890
4004 3070
3294 3414
1607 2934
2387 3284
7286 4657
6166 1855
3388 464
5639 4346
5147 475
2957 106
1443 3632
1217 1621
759 1174
6161 1839
3432 3476
2436 3300
7318 4814
1585 2921
5591 4316
6041 1602
1757 3013
3163 1462
6248 755
3590 554
6628 3606
4117 827
5121 1533
5470 4249
4738 1126
3344 404
3321 3423
2860 112
804 2482
2831 104
7275 4747
5935 3490
7174 4780
971 2606
4647 1026
2096 2147
6719 4731
2126 878
6600 2778
6096 535
1173 3529
1982 821
3719 2866
6601 2779
1506 2881
529 18
2145 2139
6485 4395
4961 1485
3311 2502
4693 3347
553 1177
6751 4647
4010 4240
3347 366
2310 3247
3679 2857
861 2501
692 47
1009 355
5242 594
1803 1925
3446 469
3422 1371
6739 3018
3681 3624
5191 1716
2205 956
2068 3858
6806 4270
1742 3737
3614 1658
2965 187
6556 2618
3907 3747
3707 1781
2598 3371
6116 2912
3716 602
6999 4600
4668 3390
3929 731
1019 261
661 327
1159 2756
5614 3877
4775 153
5895 2672
4306 2208
2930 95
6774 4654
6107 4125
5085 384
5485 2033
2584 1023
4895 1391
1716 3730
1635 2947
6991 4602
1806 1917
5181 3559
6669 4443
2374 3277
6810 4663
6158 4179
699 220
5164 3564
4934 1450
5182 3560
2277 942
1437 2846
5397 3735
3429 2614
4106 822
2660 3391
6903 4693
5346 677
4069 813
269 68
3153 259
5328 1848
3224 2511
4348 975
6425 4361
2091 2146
6622 4412
5520 3861
806 2539
7522 4885
4189 858
6336 4303
5529 3145
4610 4023
3547 1713
7276 4651
3656 2916
5761 2355
443 283
2150 899
493 297
1271 1594
5245 1771
5207 3595
7161 4562
237 155
5966 2727
4586 4401
2217 914
5977 2675
4312 2197
5146 2845
1239 2744
6829 4522
7447 4844
5082 2809
3408 1600
4169 2077
3516 3549
3776 1856
2263 2238
6552 2654
2966 110
3316 1388
3228 300
6643 4128
347 211
1309 522
4149 3853
5855 3479
1789 3020
214 7
1248 396
5342 3708
5733 3258
1479 561
4856 1423
3663 3677
1937 3089
4950 2703
2651 4028
5124 474
285 46
3209 2508
5840 2474
4109 3123
3366 403
5500 832
988 2623
5898 2653
884 1273
1928 3088
6369 4323
3940 3051
2605 3362
6313 4516
5021 3488
2069 2120
1712 717
2293 2255
838 2566
1380 3593
2304 2244
7400 4668
1044 210
6321 3849
4252 929
5566 869
3121 268
865 1219
5688 4355
762 1205
197 186
5580 2142
4696 2409
2657 4024
3025 128
4020 1988
3089 197
4988 1480
6657 2897
2115 2136
2676 1040
5408 1931
5419 3765
1970 2025
1104 1440
2346 3264
983 241
5060 405
1088 1498
4421 3957
4638 2336
487 1182
7020 3618
3657 2917
4288 3906
6750 3039
1103 2667
680 71
3123 246
4889 149
1879 778
4284 3908
6666 4611
4615 2321
6017 2798
7051 4467
7214 4081
3552 3552
1682 1830
7092 3808
4849 1389
6661 4610
5139 4070
4112 3131
1018 1444
3918 3750
4132 3841
1867 775
6298 4274
1923 790
4375 3267
6030 4406
7080 4232
1296 1597
2834 97
879 2542
2544 3993
1976 3108
4537 2329
5200 4114
7482 4859
1066 2679
4800 1242
7517 4878
4518 3370
4417 3954
2654 1033
4475 3980
2092 3171
3010 196
1581 1745
3451 380
3168 276
1081 500
3449 3501
3924 3749
6952 3982
7380 4195
1830 3043
5578 3886
6119 4435
5769 4392
1678 1829
5814 4001
3443 2620
1887 1974
4017 787
3523 525
6731 4194
5689 4356
4449 3970
2062 2086
3101 299
4383 3940
7094 3815
2090 2122
931 2612
5483 4257
6253 4228
5114 1654
3594 3568
1502 2873
945 1283
5628 923
7114 4518
349 213
5300 1785
3684 4144
1229 555
1211 1612
3580 547
2262 2246
4483 1009
5237 3616
4212 3878
1371 3603
1190 1513
5157 495
3383 412
4164 2087
1971 806
259 143
3333 393
5517 3140
614 1211
6317 4519
796 43
3905 3007
5973 1536
2601 2432
6212 3733
5179 4107
7098 4757
3440 2695
3646 3619
3870 1911
7206 4424
2163 2180
1566 2907
3036 165
1116 3503
3359 2598
1223 1633
463 1191
4905 236
6049 1649
981 1434
1003 1441
2227 2181
1890 1977
4907 1393
3280 3415
6703 4634
1062 1350
6700 4632
505 2510
2097 871
641 356
303 37
3152 270
1932 2008
6207 4201
3350 3413
2222 3222
6209 4187
2439 2334
6103 2890
2036 837
2199 949
5045 1578
6216 3032
6484 4394
2679 2364
7262 4224
1482 605
5073 4049
6873 4330
7457 4806
1010 1384
3486 4082
6245 1949
6693 4454
1125 2725
5046 1579
4115 3134
6310 4276
2733 1104
2756 1067
1359 2796
1041 319
1131 1495
728 2558
821 2560
1313 1625
930 2593
6070 2851
6036 3447
6517 3373
975 2622
3399 442
5137 2751
2955 158
5089 2680
5042 3434
1012 2674
1505 1693
874 2522
4208 863
6863 4531
1741 3736
1203 2746
4854 175
4585 4026
4858 1382
950 2562
1033 2609
1181 1449
3557 550
3825 3707
6287 4504
6236 1926
7394 4765
6482 3295
1714 1868
4259 906
2024 2070
1078 2644
2119 2128
5371 3717
7395 4766
5009 341
2025 2071
856 1326
6868 4685
5925 2676
7099 4758
638 338
3508 3538
1968 2019
3576 4105
6193 4470
5400 1923
6027 4405
254 189
4774 124
5723 4380
5434 3060
2642 1073
5467 2001
4278 3204
939 428
1732 700
6897 4696
1432 1707
5183 3569
1030 417
5298 3645
3299 2509
785 1266
2118 2141
6351 4535
999 2669
5059 406
4584 4027
7002 4711
1832 753
6608 2781
3339 1606
1927 3086
6201 2995
7304 4768
5949 2730
2655 1032
2747 1109
6418 4557
6780 3813
1845 3776
7123 4771
6687 2944
5194 1715
6314 4517
1118 2700
2432 3297
5629 3208
3177 284
5161 4097
5735 4384
1888 3076
4790 1295
4111 3133
3194 278
2433 3298
6291 4262
3871 1909
1967 3098
5558 2105
3775 3675
6568 2642
6564 2685
2599 2435
3418 418
2740 1113
6363 3178
626 2493
4590 3987
6293 3106
5954 3539
3908 3016
2483 2387
6507 4014
1894 1978
7243 4468
3654 3612
1398 2815
327 161
4613 3386
4367 939
1327 506
6050 1651
2843 91
557 305
5909 1414
1911 1994
6051 1652
3536 537
687 64
7405 4770
3817 3719
6197 2993
5516 3156
1293 2782
6704 4460
5522 850
540 100
4920 290
1098 2709
6489 4595
1685 1869
4175 2098
3250 320
6632 3583
5784 4018
3011 1397
3510 2684
4624 3315
6123 4441
5023 337
4292 3898
2937 109
637 1199
2534 3361
2558 1017
5708 4572
754 105
733 3450
900 2520
3317 2534
5712 4576
5125 473
3602 1614
5642 4344
7535 4868
5492 4263
6959 2608
851 1338
2376 2301
6142 4148
7336 3951
6701 4628
1412 2830
2282 3237
5599 3892
3258 3419
1123 1505
5617 904
5538 4298
1737 1882
1111 3531
1048 2640
4929 308
3808 674
1332 502
4865 1310
625 1176
6515 4017
2990 205
2923 115
7397 4669
639 1213
6004 348
7398 4670
6000 2785
2000 3117
5246 4140
585 2491
6665 2898
3425 3459
4514 4011
973 1345
3303 3426
1254 2755
3387 440
6059 3518
3962 756
3067 204
2985 212
6034 4065
5545 4296
4990 3427
1522 1746
1754 732
7033 4170
7266 4648
3212 2529
1864 1956
2751 1114
1951 800
1451 1799
1567 652
4933 1464
2437 3301
26 147
5460 3805
4452 3972
5682 3945
1898 785
4949 293
1636 1800
7219 4431
3094 1290
4916 281
6328 4671
6890 3913
4954 2745
5693 4367
7000 4597
7157 4682
3648 3610
6943 4708
5382 718
4648 1027
2616 1059
4162 3174
4901 1427
5079 163
6165 2982
6843 4292
4642 1025
6986 4430
5409 1932
6652 4439
3791 3680
1436 3623
6255 4489
5133 467
1209 1570
4845 1424
2369 2305
5924 2677
5347 4177
5775 4002
6819 4513
7097 4755
4992 4036
2484 2382
3342 3429
3528 3537
2388 3265
1272 1604
1572 657
6609 2774
3843 714
5565 4527
3179 263
972 219
6765 3793
607 1216
3490 4076
4560 3304
5337 644
3767 2956
4863 1368
5618 902
6673 4613
3835 3710
1164 3519
3134 1220
3029 193
1693 1835
2204 3217
2285 955
2373 3269
5958 2712
6490 4592
4101 817
3060 1428
654 2485
3852 3725
5447 3792
3982 770
3206 328
2668 4016
6294 4507
4974 3441
1053 1370
5185 546
2301 972
3642 2816
1629 1862
5080 1560
3577 2753
357 194
6334 3867
6270 1989
4144 4282
5171 4104
1540 3651
7022 3630
1699 713
667 1225
4903 1421
3600 3607
1795 3029
6190 4469
485 1207
6118 4123
4727 2459
6996 3573
5654 4353
4612 3387
4422 3950
948 1349
4921 1378
4343 3934
2184 3199
1570 1740
1395 2814
5162 3556
4513 3268
880 1304
3664 580
5268 4153
786 2495
4873 251
869 2503
7277 4652
2248 3198
6035 2801
4836 181
5258 1780
1021 369
4698 1081
5303 634
4507 2280
1723 2992
5653 3937
6133 2938
3405 2650
1938 792
1850 3052
2782 1144
3438 2659
2524 2306
850 2517
3182 289
5766 4391
1100 363
4077 809
6760 4486
3956 3763
2351 3263
6340 3148
1713 687
1117 3504
6056 4062
5912 1377
3778 661
3717 2951
1199 429
3736 637
3284 3409
5905 1413
2921 114
5451 3794
2715 1030
768 2579
6385 4539
5226 579
4547 3996
1265 2806
3798 3684
2382 2289
6370 4324
2207 3219
4119 2050
188 173
1105 3511
4163 2089
2054 880
1079 2649
249 184
1085 2694
296 36
4251 3201
471 1171
870 2527
6016 2799
5212 564
5567 870
6367 894
2893 1248
3046 1320
1833 759
5189 4103
4944 1432
1108 2698
2868 117
2067 2123
2343 3257
2274 960
5296 3671
1201 1473
2061 2091
5930 2646
3632 1751
6079 2848
2079 3159
7279 4751
2284 3239
1153 1456
3689 3621
5986 1539
7312 4772
4356 931
7050 4728
5841 2473
4243 2194
5178 3571
3199 357
3378 431
1780 3026
1349 524
3816 2969
4636 2338
4429 3967
2089 868
669 28
5205 4106
1129 517
1202 373
6837 4524
6280 2012
1516 2894
5279 1768
6838 4525
5319 1840
7384 4822
5636 935
3794 3693
560 2513
1367 460
4644 3290
2688 2384
4321 3915
6376 2143
1249 1605
6518 3395
7399 4515
2659 3392
1855 1959
1573 656
1333 3577
7042 3689
5389 719
5972 2540
1026 2633
943 1366
3942 1928
2269 2243
5061 3432
6144 1801
3548 3523
3066 266
3549 4100
6093 4428
7005 4606
5830 3384
7242 4635
3550 4101
1072 2664
4014 3080
1413 1650
3941 1935
3554 540
5967 1467
1647 2954
4631 1043
2104 861
1978 3818
4050 3099
6811 4664
3322 3431
6753 3773
1286 2803
6964 3486
3498 493
1897 3079
5503 4280
4962 1472
7233 4787
3740 1748
5265 608
5213 4134
2817 3407
7234 4788
4308 3193
4838 199
1011 2673
6062 4420
6057 4417
3587 534
7490 4739
1655 1815
1503 1708
5144 2850
3725 3648
2283 3235
1798 3033
6854 3875
6181 4471
763 1221
4191 856
5394 4202
4125 3135
4862 1341
5524 2082
3223 3417
1244 528
6080 1685
3324 1264
6395 4545
4098 3827
3314 80
6076 1689
6054 4084
2380 2314
5210 1722
5981 1496
1113 326
1222 2747
5528 3147
3447 353
5272 3656
5818 3360
6856 4674
2758 1089
6593 4601
5327 662
2214 930
5360 1873
6625 3602
3851 1903
5436 3062
5577 4533
5641 3936
3462 476
3606 3588
5626 3211
4063 3109
6292 3107
5455 4238
7041 3686
5127 250
3718 1788
5223 3598
4766 156
5456 3795
4351 4340
2786 1132
4053 2013
4626 4031
1665 665
1941 3810
7267 4799
6614 4603
2999 1318
1416 3611
4535 3363
5113 481
1666 666
953 381
3993 774
1801 1913
6852 4530
5990 1528
6928 4706
3912 3009
757 1252
3734 3647
2254 2247
5001 1546
7486 4840
954 2607
5090 1572
4329 2144
2640 1053
7453 4849
5534 3139
3248 1523
4751 2476
1623 2932
3621 3578
3799 1850
3748 2900
4940 256
6188 2999
1535 2930
1150 1474
5108 3457
4902 1426
3234 371
6571 3496
1508 2878
3608 567
3004 166
5069 1588
7133 4773
3633 1750
5602 3893
3015 2523
3513 2757
5222 4133
5521 3862
209 125
7046 4726
4151 3137
6654 4149
6350 4536
3268 332
6582 4407
7381 4795
2172 3206
3914 3744
7126 4811
855 1212
7414 4677
3674 2840
1504 596
4054 3105
2839 154
834 2588
72 102
2606 1013
3753 640
4305 3192
4319 3202
1755 721
6592 4403
6128 3646
1939 2005
1788 3024
5184 3570
6104 4429
6227 4214
3829 1857
5071 1631
896 1356
876 1335
3386 2600
5490 812
2842 92
877 1336
4289 947
3837 709
6419 4558
4582 3995
3370 3420
1846 3777
6309 2056
6775 3809
3509 2742
491 2506
4594 1037
6923 4701
5004 1502
4268 2166
6032 2808
4846 1425
5228 584
1710 2987
5812 4003
5513 4290
5813 4004
2158 891
3390 3456
4451 3330
1839 3048
2300 2261
5659 4552
3752 642
3012 208
5317 4169
5165 4093
1608 679
4519 3344
2381 2300
6288 2024
2185 909
5269 4152
5610 3896
1233 1535
787 2494
3365 3466
6186 695
5978 4048
2690 1054
3431 2590
5373 3732
1922 1997
2013 2063
3450 2699
7435 4623
903 1343
4094 815
7212 4109
4457 3969
1191 2763
5525 2069
2775 2455
5883 1346
4941 314
2790 1131
5116 1525
5356 3690
3863 2990
5984 1552
7298 4802
3050 157
5282 2859
6003 4043
5594 3167
3785 3670
6318 4286
6761 3791
5307 3678
2100 2127
5904 2647
2611 1004
1083 486
2318 2224
6706 4631
5056 3452
6283 4502
6424 4362
3254 335
4688 1111
3489 1488
3313 81
4793 1293
6068 2865
5220 2919
4131 833
3456 2728
1037 2656
4283 3907
196 179
6734 4212
3275 3435
5475 795
5233 4124
6831 4294
5219 4117
4099 3829
4337 917
3565 3550
5756 4386
5606 2154
716 1235
1120 2731
4199 2152
3379 3544
6265 3077
6386 4306
7218 4432
2994 160
2796 1123
6361 4313
2103 2115
916 2531
1036 1375
3526 3545
1315 2775
4250 2150
3338 1607
3960 3042
7021 2854
1651 1837
5458 3798
5367 4475
7004 4605
7283 4655
6268 4498
4611 4022
4233 887
1089 2678
5507 4281
620 1394
2502 3965
4780 107
6663 3666
4187 3181
5396 4209
5230 3613
3518 3520
1738 1884
3377 1301
2680 2452
6244 4484
6316 2060
3467 1665
7390 4830
2122 2116
4229 3189
1541 2893
727 1243
4453 3978
3071 192
4255 3209
6770 3796
5867 1302
2617 1060
6249 3778
2187 2184
7520 4800
3923 4218
5913 1362
3054 201
5077 4410
4870 2629
3889 3740
6689 4624
2255 3223
6252 3784
6805 4275
1601 2936
7428 4715
2389 3266
6738 4200
3845 707
3445 468
4240 3887
3081 170
6649 4136
7106 3825
7222 4609
3627 3605
6258 1969
1240 1516
3772 3663
1346 433
2610 2425
3019 185
5440 3067
5461 1996
4196 857
6787 3110
1955 3101
3453 3513
3496 2681
6641 4712
6822 3848
353 1396
1411 2831
1379 2805
3448 1548
2894 1287
3201 291
6792 3822
929 1277
6007 4055
2120 2124
5406 4215
6033 2802
7154 4684
883 2516
6110 1723
1008 1419
1872 3063
2246 910
599 1208
6271 1990
7151 4776
5623 4335
3130 279
4938 315
5094 3557
4092 3826
7152 4777
7392 4832
6604 2786
7446 4845
1849 3053
5293 1823
7474 4785
6825 4521
2212 2168
1237 1643
4528 1012
5476 801
3464 4061
3402 3446
3503 2820
6194 4474
1099 364
3551 2729
2559 1019
1909 1991
1965 2022
4154 847
1947 794
7349 4584
3384 2526
3686 4150
3714 1793
2684 1066
4468 3981
5008 340
1783 3030
201 226
4218 3195
5155 1686
5128 479
7288 4259
3618 2834
7322 4542
1069 2682
858 295
437 1179
3233 1231
7364 4452
6066 4418
4406 2302
6857 4675
5145 505
6138 2945
2865 84
5466 2000
5357 3729
3904 729
1686 2973
2173 918
1952 2016
2317 2225
5192 4110
1137 1468
6646 3626
1831 1934
3178 277
4831 225
4778 1260
6777 3092
5199 1714
6232 3746
6473 4702
816 1230
6662 2905
4165 3868
7547 4881
6045 4077
1119 1483
118 103
3997 777
5068 1550
6791 4512
5848 1314
1854 1950
2444 3307
5261 4154
3483 1559
5093 3482
3672 1676
4296 3897
6847 3863
2493 3324
7176 4689
7035 4617
1729 723
5335 1866
977 2603
2202 941
6239 4221
4744 1115
3555 532
4446 3971
1645 678
5658 4551
2862 162
3896 3739
3647 3609
2266 3227
2785 1135
760 1267
1901 1986
3981 768
2329 3250
4245 2170
1316 1598
6694 1805
1902 1987
5315 2948
4281 2191
6523 3405
1403 566
240 234
6094 1700
1844 734
98 138
3358 368
6282 4656
3040 198
5869 1331
5015 1509
3804 699
4482 2358
6315 2061
1985 2034
7442 4842
2468 2362
7303 4804
7358 4716
3521 2750
2400 2312
2515 3314
1747 3008
1285 2804
6994 4072
5000 375
5106 1627
1348 2818
5374 1886
4963 322
6675 2929
1530 583
4391 3949
2223 950
2216 936
2196 928
1227 1554
3143 264
1707 704
1292 1556
6650 3590
6773 4653
6319 3122
1263 400
3921 742
1799 3036
1653 686
4799 1241
1638 629
2131 920
4006 3072
1110 3530
309 29
1886 1968
4182 2112
1604 667
3519 2762
1592 632
1726 703
3433 3477
1891 3075
6067 2864
6488 4594
3204 1204
2791 1128
1090 2630
1676 664
1641 2952
2572 1018
3271 2515
1423 2883
2244 2205
3738 2892
4051 797
3189 10
7396 4803
4335 966
385 274
2157 2182
2416 3292
6008 2720
7030 4444
1618 2946
805 2483
5697 4366
4782 1316
6152 1820
7419 4687
979 1292
5549 3165
5454 4239
3472 2665
1945 3096
5836 2414
6384 3891
3290 3424
3720 2867
3561 1704
5911 1381
6788 3817
5016 377
3685 3622
5169 3563
938 2574
4679 1110
3848 3724
6147 4162
1454 2860
4925 1445
5126 480
7209 4422
6297 4511
6211 4192
4993 4037
6984 4098
3487 1647
2984 1303
6069 2852
1768 1902
7205 4423
5612 895
1224 478
6047 1609
6324 3864
6229 1919
6276 1995
5310 638
6906 4699
1634 1838
4377 3939
272 70
895 2577
5849 2592
6638 4425
3898 1912
3906 3040
6275 3085
5532 2085
3302 2492
2883 1278
1151 1494
5806 4010
7029 3649
7085 4745
4471 2295
5092 420
4786 1280
3146 1482
2352 3253
2507 2365
79 159
4299 3912
5332 1859
3349 3412
7252 4642
4991 2528
7107 4659
2851 133
7253 4643
2783 1142
847 1250
1600 2935
3927 3031
5442 4493
4999 1522
5487 4256
4129 3836
2264 3218
1907 788
5482 805
6828 4523
957 1354
492 271
6077 1678
4256 915
1360 458
3219 298
6362 4311
2298 3245
5329 1849
4349 976
5515 3859
2482 3328
6841 4293
1094 2648
1946 3097
7247 4191
6779 3811
6234 1924
3683 1675
2113 913
6246 1948
4561 1068
6725 3000
5151 1683
4506 3985
5019 1551
4134 834
2812 1165
5792 4021
5152 1684
5201 3589
6031 4059
3637 551
3479 2794
6645 4126
2219 3212
4746 2415
2325 973
5118 4096
3682 4158
6155 4168
1431 2835
1236 1642
3348 439
4105 4269
928 407
6115 1719
947 1285
5132 2717
2162 3188
3336 430
1417 2829
6793 3821
6262 4237
308 20
6492 4589
6180 2977
1663 1879
4948 1469
5512 3840
3476 2628
4290 948
2323 3248
784 1265
1494 2871
6167 1854
2047 2088
3963 762
6251 1953
6929 4709
1913 3083
4120 2051
3586 2812
5519 2068
4622 1093
4987 1515
3546 3554
1312 1603
5131 2710
3915 3748
5882 1347
6465 4585
1144 330
2281 2249
5569 4305
1107 2658
6028 4042
2531 2298
991 466
3562 565
7012 4607
1318 3587
6853 3874
5703 4567
3142 273
4906 1430
888 2532
6106 2906
984 242
3713 2884
5277 4621
1023 2662
4760 1147
6226 1922
