5056 5026
1337 4234
3519 4191
3252 384
3816 4436
3908 3066
2611 3640
6638 6069
4783 2185
6374 4714
5119 4182
3713 4345
3837 1225
3838 1206
7107 6362
4370 1693
2740 3811
3818 4439
605 562
993 2497
3328 5641
4954 4102
6842 5905
6259 4558
6662 5223
6983 5700
733 3968
2937 104
7177 6398
1273 774
237 236
5900 3949
4207 1528
5108 5051
7159 6384
4836 2254
5892 4960
915 702
972 442
5131 4122
2629 1894
5503 5416
3794 5271
4032 3225
6710 5793
4276 3431
2412 3624
3490 5087
2631 3697
3664 987
1742 4482
5608 1608
6138 4383
242 196
2228 1603
1652 2954
4872 336
7543 6613
3017 2332
3141 400
820 683
5035 2513
3065 2265
5101 4202
5806 5619
3336 2635
2855 2114
6523 5632
3825 5280
1987 4596
2983 2189
6871 5949
2282 3533
652 499
3398 2395
4775 2194
3272 515
4920 2433
6578 5654
5629 4742
3010 2271
2416 4795
5605 5473
5009 545
3972 3166
2224 1609
354 377
1008 2480
851 2368
4960 4082
5480 4595
4150 3306
7123 6473
6294 6187
6353 4698
1034 816
5599 5470
741 3876
4203 3368
7065 5804
3212 3924
7297 6363
937 3983
2395 3622
5443 3175
6752 5336
6322 5428
7061 6153
3349 4994
3673 2836
2382 3593
6349 3389
6008 5085
6229 4512
639 2186
4910 2344
6146 6310
1037 2456
1382 864
3472 4099
6133 4376
3029 2270
4429 5564
7318 6537
2 170
6514 4847
4729 3840
27 28
6051 4249
1774 3063
684 597
1963 1402
2100 3361
5145 2778
3163 2425
3280 4985
4259 3414
7235 6505
3578 908
4948 2443
4991 3935
4605 1919
6974 6049
992 4010
5090 4186
5769 6018
3920 1303
5592 5457
1607 2926
1107 4110
6272 5378
2860 2143
4030 4567
1129 857
4703 3791
5102 4171
1901 3190
3311 2179
1728 1258
3201 465
3484 2774
3754 1117
6035 5153
5103 4172
7066 6143
875 4038
647 2103
1628 1161
932 708
5883 3966
7092 5386
3453 5092
6318 5889
2436 4802
2251 1626
5250 4360
5853 4963
5012 4980
6253 5837
3399 2663
3543 910
3458 824
3271 3927
2437 4803
2728 1930
3815 1205
1863 1356
5924 5054
3963 3161
2291 3544
6932 6004
339 305
1400 896
2077 3315
6731 5799
4191 3335
4518 4880
3778 1151
1044 460
1168 834
4020 3205
5303 2966
4356 1678
4274 1615
3670 1019
6280 4586
4275 1591
5461 3217
5434 4540
4570 4853
1789 3074
4378 5537
5492 5866
1971 1404
6771 5376
6130 4371
3239 3906
3590 2833
218 160
167 155
1360 4280
1180 847
6622 6054
6650 5163
4849 4000
3025 188
5085 2595
4856 4032
6802 5878
2335 3579
5272 5226
3019 2264
4169 3321
5169 5141
5830 4947
6803 5879
5584 5920
6734 5813
72 2136
763 2227
7384 6513
697 2115
5319 2982
4514 5590
1431 4301
1237 2739
4845 4030
6582 6043
5824 4921
1333 4239
6260 5368
5439 5359
761 3879
2643 1905
3230 2297
5356 5268
3069 235
3443 4070
1855 3154
132 290
2752 1971
7172 6247
5282 4317
4865 3950
4503 1774
1137 2555
5007 3932
555 469
1707 1210
5424 5331
5952 5061
2008 4612
1600 4399
4456 1762
7480 6571
2096 3366
4796 241
5157 2770
2955 2217
6465 6254
6952 5608
4560 4862
6249 5833
1320 2705
5869 3958
4581 4898
7398 6469
4051 1400
6669 6096
2598 4883
4168 1489
3681 4307
6167 4456
7263 6443
6838 6212
1244 888
215 173
3254 2514
1817 1326
1374 990
4883 2342
7028 6301
6903 6244
5235 981
6016 5150
3611 5166
4106 3271
7322 6382
508 470
4858 2299
5379 1230
5220 4361
6929 6265
1913 3189
6535 4950
5205 5149
4417 5549
5087 5139
5487 5393
1788 3075
5183 5156
3971 1333
6484 6020
2283 4747
5470 5383
188 248
1604 1155
5184 5157
2531 3655
3540 917
5233 5745
5476 3242
5679 5566
3296 3873
2903 46
4638 3724
2266 4738
3438 4087
3722 1090
1375 755
5018 4976
1289 929
3308 4966
6863 6219
2323 4763
2787 2029
4444 3561
1158 811
3862 1251
1120 4143
6275 5381
5591 5928
6177 5282
6972 5678
787 3925
7379 6431
7180 6407
43 3
561 2191
1412 4288
4962 4096
7368 6428
1110 4137
620 2374
2276 3531
4310 3491
238 268
4719 4929
3179 409
2246 1625
1332 854
5155 2789
7445 6551
184 138
3237 4961
3523 869
7020 5743
3753 1103
3935 3113
89 2120
7126 6477
2023 3290
1128 4109
2024 3293
7091 5856
1359 4257
2846 2076
3344 660
2868 2163
5636 3476
4905 2358
7419 6487
5895 4009
1945 3212
5642 5954
1100 649
2025 3294
4967 4089
5292 5763
1698 1228
5733 5553
6825 6208
173 134
2659 3814
3605 974
1685 3019
975 4064
5411 5817
607 2187
891 418
5614 5467
4966 2439
6816 5421
5541 3352
6042 5724
2964 214
1292 2673
6986 6294
6154 2975
6910 4772
3827 3018
2496 3673
1202 706
3994 1357
6115 4336
1408 4279
5398 5815
1293 2674
5158 2763
3594 5165
1815 3122
7337 6403
3105 2290
4471 3652
2529 4859
6775 5855
4873 2369
6884 5950
4564 3615
2016 3280
2207 4730
6791 6190
1046 839
6702 6120
2856 5
4406 4789
5977 4042
3651 1014
5697 5992
4329 3449
5803 4905
2132 1593
5936 5035
5712 6008
303 26
2483 1874
2562 1780
917 651
6856 6373
5512 4637
6058 5135
1686 2992
4338 4766
1069 4111
105 220
1795 4503
1248 728
5265 2923
196 255
7459 6564
6336 5908
5218 2850
4547 4884
2139 1534
6384 5479
5428 3164
3476 4084
3488 2741
5079 2372
3360 674
2415 1717
4482 4836
674 324
3663 4369
2129 1535
2216 1640
1803 3104
1662 1219
5089 4085
6126 5744
4053 3240
1031 510
7530 6614
6612 6036
6746 5341
936 704
2654 3690
1808 3118
3413 2607
3455 786
3608 2855
6123 5746
1241 4220
4182 3363
3081 266
2273 3521
4123 1449
4348 3517
4266 1576
5001 2556
5337 1111
2996 129
3138 440
996 2413
1209 2669
5391 4486
4240 4721
3541 905
5353 4430
6212 5308
6680 5251
3875 1238
3685 4306
1716 4468
3526 5127
1566 2878
142 107
3956 4508
1227 2654
3228 487
713 2137
5264 5228
7451 6447
5568 5914
3153 2407
7447 6553
3434 4169
3576 5726
1349 897
5071 2649
5762 3621
948 374
2965 2259
278 209
6362 5924
98 165
4082 1421
1886 3165
6116 5229
7304 6471
1165 2542
1233 2642
5978 5658
5246 5195
6237 5340
7290 6462
3824 1212
2056 1473
3381 639
3564 2819
1249 2707
4085 1426
2089 3329
3951 1296
4448 3560
894 3996
6728 5800
3428 763
5162 5131
1250 2708
3942 4521
6096 2815
735 2168
4682 3786
3194 2446
4234 1544
5381 3080
7053 6129
253 95
5054 5644
3549 5721
2806 2016
5655 5535
7078 5831
7050 6315
1479 963
1020 2575
501 452
3467 2757
5342 5278
4939 3959
3915 4495
2811 2041
4697 3783
4268 3450
4416 1731
1380 4264
5222 5183
1505 935
4949 2452
7468 6392
5812 5620
2736 3815
2484 3674
227 184
6920 5524
3878 3061
5646 5507
1768 3065
6606 6274
3123 2385
5751 3608
835 2325
7218 6072
6760 6163
6328 6207
5179 5137
4144 5422
5990 4139
5520 5435
7340 6236
1443 4313
3365 5046
3015 2072
3554 901
939 697
526 506
411 345
6171 5785
5226 2865
2493 4823
1430 1026
1960 4582
1162 830
3134 2134
2052 1471
2796 2023
4382 1700
3259 2310
6076 4303
4185 1508
6991 6277
2583 1858
7214 6058
1482 1036
1801 1253
3536 2816
1582 1062
5352 1182
7243 6327
3097 406
3026 301
2884 2068
5314 4397
6137 5240
2147 1546
1897 3178
856 2359
3820 1216
3853 1239
5742 3592
3393 700
2825 2044
3406 557
3277 2524
4111 4619
6831 5899
809 583
4760 3846
5408 4530
5276 6111
4257 3413
2202 1639
2047 3304
5129 2750
6265 4570
4793 2157
6420 5539
4134 1458
691 3858
1741 4481
4586 5602
5156 2771
3632 2875
347 304
7278 6451
353 2338
4198 5446
6317 6201
1018 2506
2227 3458
6923 6406
4118 3291
4284 5483
910 4163
7417 6481
5076 4988
5075 5089
1638 2969
3121 2411
6209 5794
6144 2941
3383 2625
4346 3471
979 2366
3515 2628
5008 544
1792 3114
3425 4028
2190 1538
5691 5994
3358 601
6571 5047
5359 3031
4236 3364
3334 633
2318 3522
7238 6320
6056 5688
6197 5306
6028 5661
4381 1701
3294 3909
667 2210
5518 3311
1623 4409
1083 791
5525 3317
4907 4021
1952 1395
6739 5329
2902 47
6331 4666
4021 4559
2742 3766
1888 3176
2146 1552
4383 5528
3329 4017
2162 4695
6408 4740
4534 5589
1040 2421
2977 2148
7326 6393
7531 6617
7006 6418
6402 4733
4313 3428
1420 944
3330 4018
4934 4072
3644 5188
6274 5382
4940 2403
5787 3633
156 2149
4684 4901
3213 455
212 296
6801 5885
3375 4998
3257 578
1198 916
4333 3507
3550 5128
4976 2537
6569 5008
4506 4867
2223 1657
3377 2334
2000 3265
721 3861
6006 6044
4309 3492
6949 5629
7175 6252
2647 1867
3532 2667
2726 1929
654 3894
412 346
7277 6453
6234 4522
183 139
533 559
4288 5484
3752 1104
6703 6319
4170 1490
469 375
6354 4697
4718 4934
6282 6180
4596 3681
3750 2945
6132 5230
1506 2851
1175 904
4319 3506
6663 5767
377 392
2716 1941
5736 5521
6179 4475
3814 1204
1335 964
3706 2906
3464 5689
2676 1916
4759 3837
3489 2563
5653 5526
5737 5522
2489 1744
6089 5712
6492 6021
3600 4261
1627 2968
768 3992
4993 5639
1265 2702
5545 5443
3220 504
5522 3316
6593 6280
637 2161
4222 5449
2091 3360
4667 1831
6810 6198
1965 3228
2794 2026
6074 5185
1535 4385
437 2081
223 172
2118 3380
850 2219
7528 6597
2980 115
5735 5586
3648 5191
2274 1684
3479 4218
1738 3046
1026 2429
1236 2738
5127 2496
7305 5895
6069 4283
3891 3069
4537 4841
2630 1895
7035 6302
3743 4374
4453 5574
6152 5283
6155 5774
4994 4962
3060 2367
5549 4680
4757 3848
2866 44
2976 257
6708 5299
777 681
3751 2944
2115 4672
786 2181
6733 5795
6564 5055
5711 6009
1258 759
5147 2744
1970 1397
1747 4492
5082 4212
5258 4387
2013 3283
4117 3281
4791 3912
3051 2234
7365 6307
4366 1688
622 491
5404 1286
585 2116
6941 4809
7236 6128
5788 3647
6441 4762
7425 6493
1173 4149
892 643
6029 4221
4802 3882
3258 4984
4028 3214
4138 1472
6618 4183
6252 5354
6370 5932
1894 3177
2609 4877
5394 5807
6853 5918
2119 3375
1618 2942
6248 3150
5047 5636
3440 4108
7176 6399
1318 4250
879 3987
5295 5248
1947 1394
4430 1739
2101 1497
1675 1149
1911 3196
2148 1554
3404 729
3086 370
6858 5903
3914 5315
4006 4553
2102 1498
5930 3999
1123 2593
4698 3782
2754 1975
5196 5722
6666 6296
2686 1893
5836 4939
1271 2689
4779 2093
6181 6141
3799 2996
3268 522
4990 4987
5224 4352
5242 2893
1226 2655
4869 3980
6279 5851
1379 4265
5248 4284
6312 6196
1872 3145
4165 4664
1758 4497
4017 1377
5666 3529
4812 161
3976 3168
3209 3902
5181 5147
5602 5471
870 2247
4192 3334
760 2266
3553 4226
505 2129
5182 5148
5195 2826
2732 1985
2969 213
6263 4556
6321 5431
5231 886
360 262
5185 2821
5832 4946
5051 4975
2995 256
5623 5496
5848 3922
6921 5532
2782 2037
6632 5727
5313 4410
249 267
1242 753
3514 5102
4988 2491
3352 713
4262 4729
903 2379
4435 1741
1038 798
6695 5253
5714 1773
6498 4806
3004 2246
5011 5634
5279 2902
4668 4932
6142 5756
272 70
2099 3362
2158 3379
3521 4175
4928 2455
3156 426
5513 5891
5298 5224
2275 1685
5552 4673
2346 4775
3656 4364
3843 1235
2735 3816
3839 1233
1417 4291
1222 2600
956 2357
3192 456
1849 4524
7450 6583
4846 4031
4999 2530
1028 4067
4299 5491
5904 5032
4289 3474
3317 3961
4162 4661
2652 1865
4153 3303
2945 65
2165 4707
4129 5415
1055 2560
2238 1643
5479 4594
3655 2897
4614 4875
4290 3475
3260 2550
1939 3219
3510 4125
5111 739
5209 2856
6019 5037
7068 6152
638 532
7281 6181
5194 4331
7134 5451
3747 1101
5024 2509
5374 1207
2372 3604
6685 5772
696 3888
928 668
1021 627
6381 5454
3766 1123
4376 1699
2603 4890
1714 3021
4316 1652
4124 4624
1832 1299
3941 4527
6087 4299
3810 4408
6188 5309
6414 5501
5237 5193
7114 6202
3817 5293
3876 3082
6753 5346
1151 2585
557 486
1807 3117
1616 2947
590 278
5719 3578
4422 4797
7532 6616
7349 6415
3354 635
4423 1737
4585 5603
3309 4967
6054 5698
6296 4609
2975 208
3417 2621
3756 4366
2621 3715
5059 2609
6335 5896
7003 6282
6738 5801
3918 5325
7012 6288
7489 6440
7247 6151
2717 1946
1499 1081
2269 3526
4616 3741
6211 5798
3120 2412
191 221
2451 1734
5466 3220
5486 4598
5000 2562
7266 6343
4139 1467
5068 2576
5550 5438
6761 5361
2893 2112
7446 6552
964 694
2990 2286
171 246
3101 447
5207 5178
1635 2948
5043 4153
5618 3427
5569 5455
4034 1391
5447 5355
5986 4147
1164 4142
6255 6167
1726 1208
4931 2447
862 679
896 2391
1682 2990
4064 3244
2219 4728
854 653
2205 1656
4325 4744
6285 4597
3292 4972
4661 3720
2172 3441
3168 436
6826 6209
1118 4134
1383 867
5707 4769
6164 4441
5178 5152
6358 4688
1592 2965
4105 5410
2813 2053
3635 977
3159 2377
4393 1715
2187 3426
6635 6050
6075 5184
1831 3110
5045 4173
3657 4365
1655 2973
3671 4289
5507 5420
6034 5679
3924 5324
3386 4034
1754 1287
3797 4395
3900 1266
5046 4174
4256 3417
3949 3139
5126 2748
6654 6101
6033 5154
5329 2995
2987 2166
1700 1241
208 277
6919 5523
974 699
3082 2307
4584 5604
3461 820
5667 5480
6079 4273
7442 6550
7276 6454
1521 1095
3171 2400
757 2263
4679 3805
5624 5937
5703 6002
3890 1268
6287 6184
2062 1501
5722 1770
5882 3967
3758 2917
1371 4266
4224 3355
7041 5781
6347 4693
3520 4190
3886 1269
3130 422
6604 5133
7407 6530
6857 6374
26 156
3606 4247
1263 733
7330 6390
6770 5377
3904 1283
700 2088
7025 5754
3928 1275
6939 5559
986 710
6726 3041
6681 6118
1030 2648
7306 6203
7105 6191
2572 1851
661 516
3669 1020
5106 2662
1508 4343
7118 5890
6898 6397
6511 4849
5538 5442
3714 2932
643 2091
4305 4732
4582 5594
1125 4141
4819 2203
5563 4682
6673 6093
880 2335
5016 2565
2931 2132
2701 1969
7225 6103
6246 3151
3581 2837
3172 2459
7132 5906
954 2382
5296 5247
1902 3191
7499 6536
977 4049
3452 4055
4263 3447
309 2079
2655 3691
2606 1845
1411 4287
1041 2548
5450 3197
754 272
3518 5113
6387 4719
4963 2502
5128 2749
6625 5735
3851 3070
2513 1766
1732 3045
349 307
2997 130
7268 6168
4987 2521
1943 3227
3267 2501
7262 6161
4175 4651
6701 6317
5671 5543
7397 6467
5708 6007
4989 4104
759 2156
7435 6425
5944 5044
6175 4444
1372 958
1867 1360
4283 5482
4950 4071
7460 6526
6283 6182
3387 2657
3573 2713
3725 5225
4371 5529
3299 3931
3366 2617
2204 3483
916 3984
7087 6349
389 364
1159 4189
2687 3730
4286 4735
3055 335
2004 1433
2834 2109
1225 898
4001 1355
512 408
779 3885
3137 2354
5440 4548
4692 3776
3933 1308
2587 1786
4766 2197
3143 2410
1520 1080
3005 149
2133 3385
5553 4668
2189 1578
7031 6106
2324 3510
2264 4736
268 68
3615 953
6750 5342
7370 6506
6217 5819
3283 555
7183 6405
3318 2570
4312 3487
5460 5379
6719 6323
3738 4348
525 423
3623 989
3808 3007
7412 6217
3684 5202
7249 6433
6407 5960
6595 5111
1527 1049
7045 6125
6199 5297
6964 5669
2883 2144
960 642
929 2333
6605 6039
4035 1386
4094 1429
3165 362
1440 970
2786 2030
598 2071
567 2060
5029 2340
1540 4354
85 105
7275 6450
5318 1124
7227 6421
321 284
4577 1887
3199 563
7166 5958
4087 1427
1391 1003
2122 3367
4027 1382
4278 4731
1820 3112
3433 5071
6543 5016
2169 1532
6577 5660
6665 5218
4014 3180
6690 6123
1215 866
3392 648
2854 81
6745 5821
3504 883
3142 415
4476 3646
3127 404
5281 2956
6180 5300
1099 650
1581 2899
4992 5638
3036 247
5911 4001
6409 4739
6822 5892
6395 6224
1104 2522
1313 2742
4755 3849
3492 2753
5582 3387
1398 4274
2831 69
4005 4552
3152 2419
3828 4455
2642 3729
4912 2350
6438 5984
6757 5348
3993 1358
4973 3901
3801 2961
4112 4620
6996 5715
6828 6368
45 66
3202 500
798 2208
822 2288
7000 6275
5755 3613
6829 6369
2785 2031
3716 2921
282 137
687 200
5081 4185
7030 6089
3513 4178
3877 1260
6473 6255
1048 4086
3889 4485
3633 2876
6094 4312
3463 4047
1297 4223
7222 6420
4981 488
2254 3516
1105 4120
2214 1631
5937 2448
2083 1496
6600 5123
3448 4184
6751 6338
2222 3490
6025 5681
4509 1784
1035 4039
6052 4117
4396 3523
2072 1487
4449 4825
6083 4243
6556 5007
6930 6264
3316 2392
3183 480
984 484
5692 5995
3089 2298
7440 6432
5365 3047
1114 818
7405 6529
7421 6491
1327 859
3046 2235
492 2430
5789 1826
7533 6626
5373 5304
2667 3822
4897 2220
397 2058
839 600
3981 1347
5626 5478
3429 4058
5654 5971
4916 2423
3372 511
5069 4192
1384 915
728 2252
5097 5064
7113 6199
4701 1979
3431 4040
4671 1852
4778 2113
6943 6414
5370 5791
626 2128
7254 6436
1895 1368
3653 5198
2191 3433
3083 2276
7346 5999
4598 1875
1755 1256
4721 1899
2300 3547
3637 2835
5338 2998
1369 2736
7504 6592
3881 3094
4977 4970
4739 3834
4526 1789
1098 2526
4063 4592
2444 4807
3957 3123
1797 1307
258 90
2171 1553
599 2171
1757 4496
5744 3605
3763 2901
6385 5938
3988 3183
1844 1272
4187 3402
3556 2810
3642 4271
2351 3584
4152 1481
6289 6185
2582 1857
805 3918
718 2119
4379 3618
5509 1476
6847 5902
3960 4515
463 55
5070 2650
4330 1661
7021 5192
4713 1902
5138 5687
5004 4124
945 2339
2507 3676
2111 4676
5269 5757
6232 5317
3054 2294
1011 2462
50 61
2694 1935
2120 3374
6876 5965
699 369
1070 781
5382 3084
3555 890
6613 6037
2090 3354
3155 403
1570 2891
5661 3509
1938 1383
1229 2831
1567 1122
5093 5062
4255 4724
465 482
5792 5609
4012 1364
4611 4910
3499 860
6394 5957
2584 1871
5579 4720
4643 3734
5168 5120
1315 2668
4995 4008
7474 6496
1898 3192
3805 4463
7209 6287
3158 3859
1150 2566
6118 5742
2802 2019
143 108
4425 1738
4229 4710
2263 3515
1576 2907
5397 5311
1078 2460
239 198
252 84
6270 4573
6737 5823
2432 4799
3660 2822
5405 3111
4497 5583
4827 3898
7260 6438
553 2108
1094 4101
5213 5179
371 446
1015 2362
7242 6318
6271 4574
6166 4457
3602 2732
6533 4948
6145 5258
5300 4404
4543 1808
2544 4866
1909 3181
3772 4367
5136 5081
5454 5363
7224 6068
4647 3699
7288 6188
3242 533
4633 4852
3607 2768
1560 1130
3769 1146
5310 2971
2542 1855
2616 1920
1081 813
7454 6459
3436 2755
5311 2972
6108 5728
2617 1921
931 2376
823 588
5478 5389
5685 3553
150 122
4799 3886
1772 1244
5785 5557
4683 3770
1798 3086
3698 1063
716 2238
5748 3598
6041 4219
6216 4506
5223 4254
4800 3887
118 94
2930 2133
269 67
3454 764
6854 5919
4751 4954
6047 4222
5144 4276
5813 5621
1830 4514
3495 861
658 541
7151 6485
478 74
4862 3971
6273 5380
634 569
2526 1771
5414 4537
5822 4923
6159 2985
5449 4566
7152 6486
4983 5029
1009 606
6661 6295
7341 6237
2928 2107
1522 2888
3531 2666
4294 1623
6429 5527
3337 693
6314 6200
1338 4232
4688 3809
2355 1687
1395 2758
320 244
1907 1376
1942 3224
2637 3685
970 4005
7002 6281
6003 5657
2482 3675
3729 4350
858 501
3363 4024
259 216
5031 4973
6310 5419
6290 6186
3835 4432
3748 4363
5451 5357
6482 5579
5766 5599
7252 6330
6944 4810
3530 881
4161 1488
5308 4386
4132 4630
7364 6306
250 88
5229 5176
6516 6030
1012 2463
7150 5933
3039 229
2343 4767
7029 5759
3314 2257
7298 6521
3922 1302
4308 4734
2805 2017
438 379
4451 4835
2684 3733
3449 4094
838 3997
950 2328
5612 4694
5984 4156
4786 2145
3402 3994
2650 4913
876 354
298 21
3760 1118
4116 3287
2662 1915
2361 3583
6316 3301
2470 4816
5309 1089
6646 5748
1516 4356
3997 1361
6013 5637
3989 1359
6862 5462
6909 5513
2350 1679
3408 2632
1937 4578
1436 4305
5060 2608
2381 3603
4212 4699
5756 6013
6868 6231
4507 3635
5854 3914
4704 3792
2523 1769
1568 1129
6106 4342
4528 1844
1003 498
24 49
4163 3330
4093 1430
5336 4434
5457 4572
2688 3774
3931 1315
7486 6577
5151 2787
5333 5255
5328 2994
4151 3320
2157 3408
4164 3331
7133 6370
7283 6353
4561 3726
4154 3305
6787 5407
6176 4466
4790 3911
4848 226
3829 3006
694 561
3390 5045
3319 637
5368 4493
4078 1418
6080 4302
4774 2176
7394 6465
7449 6555
1355 994
6845 5901
5256 2914
4623 1815
981 2488
1001 549
2905 159
5898 5036
2715 3702
7424 6492
3785 4379
4881 2321
77 87
693 385
1079 4098
3231 2393
4200 1542
1 89
2079 3346
376 393
6185 4459
3181 2435
5770 4794
7313 6483
1996 1424
5433 5352
6892 4760
5740 3587
4345 1677
6350 5927
2947 92
4409 1724
3394 2601
3869 1209
953 631
1264 2703
4360 1689
2131 3391
913 371
7392 6520
2259 3508
6507 5624
17 78
193 168
245 93
5098 5063
6568 5031
4925 4061
1985 3247
5949 4083
5121 4170
5825 4922
2031 4628
1737 3043
4636 3727
6780 5861
1766 1295
6298 5870
4935 2441
6984 6067
2710 1911
1526 2943
6348 4691
4974 3928
6239 5824
1088 2573
6852 6216
6122 5237
5912 3995
6647 6291
4073 1416
2140 1557
6241 4529
4597 3682
7315 6375
2971 260
4059 1407
1177 2602
6649 5741
776 682
6040 5717
443 432
847 2287
796 2218
6158 5783
4332 5498
5166 5130
3506 2523
4508 1785
3546 5136
4186 1531
5558 4670
7174 6411
1108 2520
471 2078
5531 4653
6501 3648
5044 4154
4443 1743
1936 3201
2124 1551
4690 1840
4077 3252
3226 508
1182 849
4149 4639
4727 3842
644 2090
3276 546
5347 5257
1056 4060
3043 183
2212 3440
2696 1963
762 176
7359 6497
2301 1705
4670 1853
2126 3358
4235 5461
1932 3206
3324 2272
470 337
5983 4065
6946 5573
2749 1967
274 53
4895 4013
1004 599
1796 3102
3548 5121
1982 3249
3191 2427
1691 1231
7157 6386
2516 3714
6431 5520
976 4050
821 2284
6959 5000
6872 5948
7439 6508
6220 5338
4594 3694
3686 5206
2985 281
4626 4927
3507 2743
2690 3722
1799 3090
5409 3130
938 4020
4933 2420
2914 2098
685 608
2613 1796
2558 3660
6553 5020
2374 3600
5676 5541
4133 1462
2373 4780
1010 2450
7265 6340
2799 2020
4361 5516
1373 957
2751 2004
6344 5910
285 32
5175 4311
5142 5684
6305 4618
6497 3661
2994 2230
5273 2912
1921 1370
2898 2089
1941 4571
3302 3910
5190 5725
2869 243
6581 5690
3432 5070
3508 5117
369 357
4882 2322
3879 4502
7381 6510
4590 4887
5268 5758
3418 687
625 2121
174 135
5442 6169
2604 3759
4901 2360
6747 5826
3967 1334
2231 1575
6193 6142
3407 5017
337 308
1489 1043
4120 3289
3679 4314
3234 582
4515 3636
7049 5267
4375 4781
4040 3231
6032 4208
5490 3253
6951 6031
3672 2806
2487 1750
5077 5671
5764 3617
614 2178
5180 2823
3537 900
659 540
5161 5115
5225 4353
1719 1194
5112 4237
6001 5650
1036 448
6002 5651
3059 294
4066 1412
6585 5686
5037 4981
6292 5404
4903 2351
4824 2245
1309 2808
7279 6455
569 534
3718 2929
152 185
7005 6286
1181 2553
4033 1387
2127 1547
2468 3667
3582 940
3717 4407
3219 485
13 101
2876 150
3819 1211
2783 2035
2310 3559
843 4990
586 2193
828 3988
4961 4106
6575 5662
4941 2487
5019 4160
6066 5695
2242 1581
983 483
1323 924
7099 6358
4092 4602
149 123
1712 1246
797 477
5267 2931
6412 4746
384 445
1759 3099
1933 3207
4483 1830
682 580
6062 5701
7178 6249
2605 4876
6014 2612
3733 2930
3003 2223
2360 1732
3205 2438
3842 4445
498 471
3689 5203
3502 5099
3111 381
7187 6417
2217 1619
3896 4483
4115 4625
3474 741
181 179
48 19
2691 1966
2293 3540
3618 2769
6093 6077
5371 5292
5293 4431
341 259
6723 5284
2653 1866
409 339
3557 2825
3905 4491
4870 3979
4479 1776
317 265
4291 1645
4039 1390
7400 6468
846 2173
1144 2589
1494 2834
7130 6371
1434 1044
1502 2843
5153 4292
5841 4953
6608 5126
3795 4435
3970 4534
5557 4660
2460 3623
5432 4535
7361 6299
3420 2627
7131 6372
2199 1648
201 313
4457 4829
7051 6134
7106 5872
7097 6457
7100 5869
5392 4511
4343 5503
3861 4473
3221 2546
1410 1012
1811 1297
202 164
2215 1563
1234 2643
6469 4778
5972 4995
6172 4440
5463 5371
5641 5514
901 688
4863 2275
3906 4517
2574 1854
6997 5066
6281 4591
739 177
2388 3596
6897 6396
1816 3120
4475 4850
5484 5397
3313 2258
4252 1632
4943 2465
7046 6309
5426 4538
7320 6385
5528 5430
4217 1533
3071 2289
209 181
4603 1811
4056 3243
4003 1363
1674 2987
2210 3439
3654 5197
3274 3892
2790 2028
4637 3701
1214 2717
6694 4417
613 513
4260 1571
863 2182
1223 2727
2400 3616
2376 4782
7331 6400
3948 3140
3551 4161
3378 695
69 109
2113 3382
2747 1992
751 590
1713 1191
556 468
3050 2251
4397 3513
4050 4585
2473 1746
5312 5771
6124 6087
4955 2495
6653 6102
5717 3581
719 2118
7362 6544
3621 5172
4322 1649
6999 6279
2325 1713
2657 4909
6725 5312
7093 6456
1594 1046
4250 3422
4460 1768
813 2150
4889 2233
6743 6156
4373 3499
3711 4341
2114 1539
1336 4233
778 3884
7457 6565
2709 1940
2708 3826
1415 1021
240 334
947 2343
7402 6476
6258 3182
1846 5344
6587 6038
4098 4605
2999 2212
4782 2184
4321 5492
1533 1109
5080 2587
485 2139
747 2082
943 2408
3486 5703
6617 5143
280 144
3382 2432
2209 1660
2234 1597
1923 1372
5140 5112
1090 2457
1873 1352
400 201
1296 2701
2791 2027
489 396
5172 2814
2731 3804
3379 5097
5396 5811
5684 3552
18 7
3767 4411
4822 2131
7104 6192
4365 1697
2624 1800
4206 1527
3534 2802
4131 1455
5659 5976
957 2405
2739 2008
6518 5631
5857 2111
224 285
7336 6250
3647 5190
4632 3725
1650 1190
1403 949
308 14
6765 5844
6102 5213
5317 5775
5838 4943
4975 2532
3023 309
5307 4375
1851 1341
5607 1607
1147 2567
3040 276
1427 5199
6245 3152
4979 2511
5042 5004
2466 1742
5199 4330
6773 6352
4834 2147
527 495
5400 3103
7453 6586
2055 3310
7135 5912
4831 2313
5406 5319
5575 4675
1593 1079
2812 3850
1862 1354
7358 6419
5687 3543
540 207
2923 124
3845 3050
7067 6434
2756 3771
5419 5333
3445 2726
5617 3429
2186 1537
5940 4063
4641 3719
1615 4392
7436 6430
334 320
4677 1833
5360 4469
6940 5560
7493 6603
2184 3442
5493 3267
3561 2820
1052 5109
806 3972
1696 1248
7303 6524
4876 3948
5125 2734
5544 1511
5967 4090
6081 5194
3683 2809
5564 4683
6050 4248
3527 4130
6628 5164
490 481
5132 4123
5777 4872
449 2067
784 2279
3340 621
273 54
3936 3125
3930 1311
4557 1802
5704 3566
6160 2984
6609 5119
1810 3116
1416 4286
6779 5391
785 2280
3341 622
460 332
344 333
864 3930
4195 1525
425 251
2661 1914
1606 2925
3477 833
5688 5550
3932 4525
5515 5432
6023 4203
4010 5366
4311 3488
3503 4244
2046 1463
2159 1567
6045 5693
6169 4452
5580 3415
5164 5145
78 98
296 22
4069 1415
1585 2896
5283 5245
4752 3853
1286 2706
3405 4073
5116 4165
988 4068
84 106
4072 5394
7547 6618
2369 1799
4631 3710
5200 5730
5808 1912
6055 6060
2145 1586
836 571
6687 5261
3604 954
3275 5001
3333 632
4544 1804
1702 1188
7414 6482
5301 4406
327 254
837 572
2795 2024
5146 4268
5255 2898
5554 4669
7494 6608
3361 673
6190 6140
1613 1030
1509 2857
6184 4458
3298 4983
7396 6523
3980 3159
1246 937
1217 2716
5192 5146
5017 4977
1033 4066
6207 5805
4495 1783
5784 5607
6329 4644
4292 5481
3374 4997
1302 4213
6877 5487
1160 815
668 591
6430 5525
681 2330
5247 2903
6792 5412
5367 5792
2755 1980
5015 2519
1644 1167
3248 2531
6339 3369
5321 1128
7255 6329
6820 6367
6793 5413
3511 2777
2823 2047
3451 2604
4744 3827
5456 5362
4808 3905
131 116
2588 1779
4057 1406
3496 4118
6626 5096
4452 4827
2268 1673
3614 2776
3206 505
5458 5365
6030 6046
6309 4629
6077 2783
1806 3087
7413 6484
1891 3173
5210 2841
6906 6401
7293 6365
4835 3962
3625 967
6244 6162
1199 737
2957 99
5206 6078
5578 5464
6367 3403
2150 1574
2185 1596
5485 5396
1694 3027
5583 3388
1194 855
3923 5322
6049 4245
5335 3011
5533 4658
6515 5628
7374 6509
3012 2291
4929 2458
2504 4843
3940 4528
3066 382
2892 230
1493 1067
3883 1259
4617 1884
1191 4205
4559 1803
1106 2528
3565 4176
5689 5551
6210 5305
1112 4136
6704 6126
3791 4390
2894 2154
3591 939
3962 1314
4629 3748
5306 4358
3566 4177
692 2196
5644 1692
7138 6479
2865 43
2895 2155
4615 3688
2843 2106
3441 4052
5261 5204
6424 5981
6859 5907
491 3889
286 2104
4248 4678
233 322
1729 1261
2123 1516
4068 1413
6552 5019
669 2180
5565 5915
5369 3059
6645 5733
2908 182
5263 2918
3707 4394
6340 5439
5167 5129
7257 6336
1733 1264
200 314
158 190
4888 5018
4208 3343
6601 5124
2138 3383
7286 6356
3348 705
5935 5041
3991 4554
3439 4103
5407 6159
6599 5101
7324 6381
7495 6610
3612 2813
6251 4549
1676 3009
3965 1328
2284 4748
853 652
67 206
2532 3632
3958 1304
4850 4002
3419 696
4535 4881
3380 2584
2679 3750
2069 3339
7124 5893
5092 686
3104 398
1928 3200
2345 1674
5482 3246
3462 767
6119 5740
6849 5444
5212 2849
4823 2130
3178 2440
4245 3434
4119 3288
3306 554
1481 2838
4300 5488
6656 6097
3954 1329
5277 6110
5088 2629
4997 4107
2640 3707
5137 4152
1017 2504
4592 3717
5632 4737
6103 5212
1710 4464
881 2365
3494 2796
5693 5986
5091 2634
6291 5864
6774 6351
6675 5249
1504 1023
4269 1633
2176 1555
7334 6490
2775 3838
5532 4648
4746 3829
7167 6402
2873 2074
2093 1523
7004 6285
7085 6448
1634 2988
6610 5108
6633 6061
1399 971
4610 5606
2921 2167
3290 4991
3204 2146
6134 5254
2068 4642
7437 6429
3421 2682
1845 5345
1224 807
4970 564
503 538
3547 2827
1890 3172
4239 1545
7076 6342
6191 5787
4233 1570
2861 2190
5427 4539
3929 1282
3087 279
3720 4329
2949 287
4377 4783
5973 4140
5855 5002
3422 4076
3775 5256
3303 3942
1272 2712
5589 4701
4277 1600
1783 4504
493 466
4622 3764
4699 1972
6699 5285
2423 1781
5219 5739
3052 282
6186 3034
6113 4319
2163 3410
919 2232
1085 2512
4280 1634
6198 5298
4101 3258
6759 5351
2502 4819
3776 3003
2387 4788
4351 5504
5230 5189
2433 4800
7261 6439
6700 6121
1054 2559
1119 2572
7154 6387
7542 6609
5105 2623
4337 3459
4037 1388
3182 2451
4080 1420
1693 2993
4335 1703
6565 5056
812 680
407 428
5577 5923
6641 6289
4038 1389
2262 3519
1131 2581
1857 1353
5840 4952
5467 3221
3646 5200
4648 3700
1833 1317
5534 4654
1007 2481
6036 5030
2092 4662
1113 609
3580 2824
2817 4957
7094 5865
7241 6321
893 2260
3450 4113
529 85
4004 3169
2358 4779
5436 4546
2594 1792
1316 2715
1922 1371
153 193
3903 3092
2317 3527
563 348
1946 3213
5124 2735
5939 4022
310 2075
5489 5398
4421 5552
4898 326
4125 4627
4630 3742
5909 4025
5441 3179
3627 5186
834 2315
6024 5161
4304 3501
1647 4423
7184 5563
4189 1517
2789 2010
3208 521
2824 2045
2601 3760
3811 4405
1387 2805
182 178
2116 3376
3528 5125
536 453
1723 4471
2527 1772
1328 965
7212 6070
6706 6124
1454 2818
2673 3705
3871 3083
4496 1782
4900 2316
1312 2720
6688 5765
3892 1263
5500 3286
3798 4396
2803 2018
7467 6391
612 512
5598 4711
136 2135
3146 2471
2681 1883
3397 664
1749 3056
5954 5079
1672 1153
4267 1584
5516 4657
2472 1745
2298 3548
4642 3692
1203 2594
3342 5005
7253 6331
6059 5708
4086 1425
7291 6461
1608 3013
4938 4105
7490 6514
2196 1620
7027 6091
7042 5782
1062 433
4854 2261
619 567
4015 3202
6603 6045
4054 3236
1805 1318
3032 263
358 319
4918 5024
6461 4777
1280 955
545 3856
6657 5215
1155 845
5130 5103
7366 6314
3322 3952
4336 3498
3088 280
865 2256
4896 2221
991 747
6288 4599
6652 6083
7080 6175
1190 2618
5590 4702
861 3944
774 3908
2534 4863
2097 1515
3250 503
3177 444
1955 3223
5606 3451
3468 819
571 2141
6161 4442
4674 1838
2078 1482
1680 1220
2067 3338
487 2096
6691 4418
5652 5538
5320 2989
663 566
5658 5975
1301 4214
2758 1983
211 297
5152 2788
4837 2262
4693 4912
1167 822
7274 6446
461 363
356 289
4532 1794
7014 5692
1731 3049
1254 4209
4738 2025
584 2066
3233 2214
6788 5408
6994 6053
2839 166
4583 1807
2721 1925
385 410
5819 4925
5094 5110
2729 1931
973 2402
6174 5286
7395 6466
3395 691
7161 6241
6276 4579
593 524
5820 4926
5506 3295
5903 3986
5133 2729
3346 592
1663 3035
5462 3218
5435 4541
7312 6478
5639 5512
2134 1529
7483 6549
1496 986
3424 4027
6837 6213
3359 4029
1887 3171
4640 3718
5501 5874
4281 3479
1122 665
2682 4931
5120 4181
390 365
1678 2986
79 197
5203 4323
1684 1242
867 2312
1407 4278
2863 194
5344 5277
1529 1029
1636 1060
4513 4813
6488 6023
3844 3055
2201 1559
6227 5318
6048 4246
6893 6395
5594 4703
1413 2786
795 2229
2636 3721
2891 231
5928 4043
1573 2991
4651 1961
1053 2449
6110 4340
3603 942
5327 1150
4533 5588
3295 3874
1601 4400
3321 3941
7535 6621
175 242
4447 1755
3559 2690
7345 5998
723 553
3362 707
6800 5884
698 153
5566 3356
3189 2095
701 2124
305 310
6165 4453
4599 3680
3841 3039
2984 2188
5567 3357
4565 1898
6064 5083
6714 5301
790 579
3370 3960
6614 6284
6925 5531
2559 3664
3446 2725
5941 4062
1432 2845
6127 6092
159 212
6882 5959
1485 4337
2524 3663
6758 6346
6961 5645
6890 5967
7399 6366
3741 4378
1690 1218
1653 3024
7409 6527
1978 4593
3388 730
6017 5151
1864 3148
3190 462
6689 6312
4717 4933
4340 1669
1211 2704
2065 3309
3784 4419
4487 3653
4838 2269
3465 2665
2889 142
3350 4993
7098 6357
3509 4159
5475 3238
4412 3576
6088 5711
3562 938
6194 5789
3249 2494
2819 2054
5154 2759
5039 4965
4740 3831
375 204
4099 4606
1775 3062
6351 5926
5165 5713
3368 703
3223 3900
5086 5672
3789 5262
4339 1676
1116 4116
2397 1707
3300 584
1239 4188
6057 5694
3483 2614
1681 1221
4733 4951
4685 4900
2195 3454
3094 2195
194 140
3757 4380
222 171
1699 1237
680 211
898 719
1393 923
1429 2829
4387 1749
1984 3245
5315 4402
5422 4520
3426 412
6489 6267
4103 5409
5775 5600
1111 4138
1541 2860
5118 5105
7339 6412
1477 5266
4136 1465
3487 2699
3831 1215
5401 3089
5357 5302
3969 4533
7001 6276
2332 1672
855 2236
2733 3790
5610 5477
6643 5732
6629 6055
793 3907
5849 3915
30 39
6928 6410
2244 3478
5958 4074
2054 1494
4089 1428
3882 3095
4612 4902
2352 4770
6004 2540
1442 2794
3804 1200
6881 5961
2591 1825
5925 5053
1346 777
4619 3678
2840 110
5962 5075
2104 1510
2168 1558
6517 5625
3736 1092
4613 4903
5191 4332
5061 5009
5113 2740
5201 5170
4446 4824
1450 2934
3331 489
399 451
3067 2308
874 2237
1032 5060
3227 507
884 2304
2439 3629
6293 4601
1451 2935
7038 5234
5966 5078
7022 5752
4902 2361
5483 5395
2862 191
29 4
1750 1284
6369 5931
2248 4726
5747 4815
5519 3312
311 225
2668 4904
2075 3318
736 2201
6070 4282
883 3964
3117 2349
4199 4685
2599 1954
6031 5677
4780 2140
4942 2445
6668 6085
3444 762
3011 2318
1988 3251
5593 3397
1452 4318
6268 5845
6107 5168
3927 4505
1503 2859
6667 6113
477 457
7037 6311
2567 1824
7482 6574
1019 509
6262 5842
2842 2105
3996 1342
4219 3373
999 4093
885 2347
1976 4589
5791 3638
5657 1708
4218 4708
1595 1157
2830 3863
6324 4677
1067 793
1910 3184
1645 1175
5505 3296
3589 962
6000 5132
6067 4297
5774 5614
3921 1294
254 2277
3577 4199
1839 3105
1367 808
1781 1281
1361 851
4196 1518
1649 1185
267 64
5383 4474
5818 4935
6841 5904
6592 6042
6806 5882
2135 1565
971 2389
5867 3921
3782 1136
1920 4565
7179 6010
6225 3101
5023 2517
1718 1250
244 217
3217 547
5114 2700
6128 5211
195 141
4349 3518
3103 397
3897 4484
6777 5387
1780 3077
6744 5825
2203 1614
2515 4830
4571 3677
5723 5580
6226 4518
3145 2472
6147 5214
6693 6114
4644 3712
3373 625
4624 4882
7522 6606
1511 1028
688 372
2966 2172
1016 2503
4998 2529
5189 5723
6486 6266
357 288
4645 3713
3498 800
1743 1267
3587 899
5215 950
7259 6332
2313 1725
1166 4194
6995 6052
2247 1624
6936 5548
7273 6348
591 472
804 3917
5992 6035
7140 5925
2063 1479
3516 4155
3357 689
5587 5463
3107 2248
5630 5945
5455 5364
7088 6350
2389 3597
544 3857
5529 5427
4468 4848
5627 3467
5879 3951
6319 4634
5228 2872
3347 595
5021 5049
3265 4969
4945 2418
1414 1022
4926 2303
727 2250
5159 2656
6735 6158
1240 2630
5905 4023
2998 2213
869 2204
2299 1704
4273 1622
7205 6056
2610 3743
1629 3010
5517 4647
4708 3695
6421 4755
4041 3230
3719 4328
2958 100
1850 4523
4462 1760
5933 5025
7206 6057
4734 3833
7388 6560
6797 5873
792 644
6823 5429
5604 3404
7237 6135
930 4033
6776 5854
1201 2583
3746 1088
21 186
7219 6073
1061 802
4121 1448
7084 5843
5521 5436
3868 1254
5494 5414
1023 2453
3456 4129
5823 4924
6295 4608
61 80
1141 2765
831 671
4025 1380
3682 5208
4666 3645
5981 4119
895 4011
1854 3135
5761 4871
6425 5982
4079 1419
3765 1138
3832 3012
4047 1398
1530 1006
5976 5023
4367 1686
6942 5554
