5701 3840
418 1196
6248 3518
2347 942
3568 2649
6356 1805
1691 686
2150 2120
2282 2212
2893 1144
6849 3626
3213 224
2731 2435
2663 2365
3256 2533
7124 4573
4042 1909
7522 4815
2771 1045
3700 2755
4198 3810
6904 4632
3383 1230
3950 661
7564 4623
846 1373
5913 4373
7568 4629
663 1267
1009 2682
4087 3757
7325 4523
987 1321
3915 3663
5105 2515
6486 1995
1780 4220
5273 1639
5832 3911
6351 3691
6599 4333
4154 3789
7196 4598
5183 3466
3314 3426
7126 4585
694 2504
938 1340
1592 1757
2122 2099
3387 340
1661 1798
7347 4549
4839 1081
3500 439
6328 4154
5391 4129
5305 3524
5886 3957
1909 1943
3388 341
3350 2518
3574 2648
5735 2105
3776 2816
1496 605
5997 4015
3591 468
3592 469
5338 1678
4159 3070
5862 3940
1161 1516
1485 2881
5942 4384
7056 4293
7241 4626
6717 4595
5657 4501
1029 2670
2730 2437
6952 3734
5795 3892
2973 91
6946 4210
5464 3647
5054 290
6869 2905
1030 2671
5652 801
1248 1575
3504 434
6588 3211
1867 1921
3131 185
4481 2207
672 1268
4474 2197
5650 4249
2623 2362
7246 4634
7052 4525
642 1172
5791 2143
1180 445
7500 4771
5420 594
3101 44
7233 3686
425 24
2674 2306
7033 4517
4000 1879
5378 1716
2034 824
4257 825
4141 3053
3971 679
4915 107
5512 1855
7219 4149
6344 2945
7600 4801
2329 961
2052 3115
6627 4347
5216 3459
4238 2023
3513 412
6882 2929
2400 3239
1740 714
880 219
5287 2681
2863 1078
307 165
6836 3599
856 2606
5979 4023
6710 4395
3835 3677
3607 3531
5914 3966
5697 2060
1114 500
3044 115
146 159
5964 3987
4316 2089
5245 3485
3011 154
3584 1559
3430 2531
1818 722
4368 3175
6451 4486
7733 4885
7544 4584
7712 4851
4095 1913
5695 3845
5403 3609
6487 4244
1492 544
7251 4636
4962 1361
3062 2523
1593 2940
6389 3722
3241 2511
705 3411
6168 4043
1460 561
325 226
2308 2168
7276 3781
5703 2068
2039 829
1291 433
4854 1089
1784 683
5603 3046
5107 2675
3288 289
6234 2802
771 167
3922 630
3608 471
7202 4119
2141 2110
3728 1713
7238 4464
5480 1823
3978 674
1162 1517
5005 1377
5026 1426
5879 2302
5277 4076
385 1191
3563 319
953 381
5827 4335
7358 4693
3523 2609
6848 4436
5350 4110
5626 779
7654 4842
3266 1462
2366 955
1911 3058
7515 4776
3316 2502
6509 3110
7181 4098
6246 1602
5873 4552
6652 4362
2482 3263
4315 850
5444 3656
3218 246
4475 3193
6273 2852
6297 3595
4319 3162
3549 2628
2195 893
1239 1592
1614 2934
5884 3946
2872 1155
3531 3501
5045 3418
5037 1402
1544 2908
1433 1670
4897 1229
7480 4651
3897 2930
5811 3896
1446 2858
3313 2564
4130 3043
7752 4881
3544 419
4734 1068
4508 3245
5017 251
2814 2468
3173 204
4268 3124
7 54
7549 4703
3154 198
5021 1187
5842 4346
1838 3021
5407 3619
5213 3457
5115 1467
6175 3488
3876 2891
3611 2716
4925 1295
3511 2659
276 128
2757 1033
6232 3583
1047 2698
4587 3273
3579 3498
6462 4236
1049 2705
934 248
5346 1685
1057 363
5528 677
3267 1482
2057 2055
1082 1456
1058 364
2642 2376
7362 4348
5605 755
5694 4280
530 0
4929 1251
7385 4377
7658 4845
6308 4135
4766 3356
5536 1873
2136 2086
5677 3829
1101 1453
2794 2391
5371 3604
6200 4410
6057 1314
4789 4027
7064 4530
2634 2382
7224 3649
5810 3898
6278 2864
2253 2182
6510 3817
4543 2268
5733 3870
767 1338
1687 1827
5431 2917
3093 1318
2375 2243
744 2516
6730 3396
4613 3964
233 46
5587 4218
7176 4596
6300 4123
4993 3408
5764 2142
3665 2729
1246 1568
1444 1688
6266 4104
5285 1654
6276 4107
4418 3201
1412 573
4858 2422
7209 4712
3551 2640
6846 3590
5412 3612
6475 1989
2984 84
5317 3545
4175 3800
3991 697
5698 4282
3402 1544
6068 1302
7248 4459
2220 903
3323 3450
513 1176
4515 975
4375 3186
7411 4109
6813 2778
4173 1987
4702 2352
3524 2702
5402 4140
5487 634
7006 4507
5036 2519
5895 3967
1117 1491
5351 503
3231 2513
2478 2292
3751 547
3370 1266
5059 3417
5757 4307
5734 3165
7165 3486
7320 4288
2724 2345
3503 2696
2765 2377
1918 1959
5386 3578
4691 3341
1153 2744
713 2501
1157 429
5615 3062
6529 3864
6932 4469
6243 4417
3711 1643
6972 3773
4114 3042
2229 891
4883 1147
4891 1222
5050 1445
7455 4195
5227 3477
766 1326
6661 4367
778 1336
5805 3906
3458 2650
2986 120
3176 1360
5000 1425
641 1173
7067 4531
5077 1454
5570 1912
5301 3538
1721 690
5356 3591
6399 3000
1240 1597
5590 1931
5303 4097
5803 3908
1465 1696
5578 3041
1447 588
1649 1800
1610 2936
1325 1638
5514 3683
944 1441
5885 3954
6185 4405
7605 4804
1000 2619
1159 1530
5861 3937
1477 586
4460 923
3384 2595
6992 3092
1175 1562
5102 1327
6499 4258
7244 4467
1094 1494
6160 3480
3385 2596
5826 3915
2779 1062
6657 4355
3594 3503
1244 1566
4400 2170
488 274
1247 1569
1778 717
7648 4838
6001 4010
1966 790
4056 1916
417 1195
2836 2472
7649 4839
1707 1824
5708 2082
5343 3554
732 1442
3768 3597
4522 3250
5719 3145
3521 431
1217 485
4380 2186
505 264
1302 410
2252 3190
4323 2109
7693 4859
1502 592
6795 4063
7048 3857
2074 2066
3838 543
3217 227
5393 1722
4427 3212
2673 1061
3305 1223
2268 3206
4951 2530
4178 3802
6917 4731
6548 4303
6566 4536
5553 3728
6578 4323
5447 2859
4780 4024
1358 1640
5388 4122
6438 4216
2028 821
2609 1029
1986 3093
693 320
4371 887
6724 4008
6675 4358
5258 3513
1695 1831
4318 868
3257 270
2772 1037
5967 3287
2743 1059
2051 3117
5494 3674
7311 4664
5613 3060
1148 1526
4274 2051
7674 4857
5493 2956
4695 2386
2349 2191
6949 3005
1243 2775
826 1289
2635 2371
3552 2728
7214 3630
5185 377
3404 3420
5718 3147
1281 1577
7456 4196
2639 1038
6161 2727
4219 3105
5507 1849
5256 3527
2797 2441
7603 4768
2605 2353
5345 3560
5883 3947
1829 1906
6619 4353
90 147
6734 3405
6873 4613
6031 3400
2256 909
6339 4621
1279 555
4749 3368
360 161
3345 300
5551 2981
1668 1812
923 1374
3379 335
7517 4682
5515 3684
4281 3134
939 2662
4098 1917
1146 2747
6470 3078
3184 1376
5354 4106
5600 1928
7199 4412
647 2494
2723 3322
4592 3300
4459 3218
5943 3991
2776 1073
6359 3705
3777 567
7335 4674
1445 589
6299 3627
7361 4562
736 1219
1201 400
5087 2528
3927 640
3376 2499
7402 4423
6589 3208
5242 2809
6731 3395
7144 4591
245 69
3348 1480
1498 598
1434 2860
5360 3584
1993 800
2695 1065
7414 4432
3066 110
2502 2289
6709 4394
6950 4212
3735 1704
492 62
1978 792
4067 3009
5224 1606
1959 1991
7299 4758
4039 2996
3400 371
1425 575
1489 1706
1271 529
4776 1093
1178 1492
4401 3197
743 1261
7129 3295
6650 4558
5164 1515
2121 2076
3875 2900
6402 4475
7469 4648
6412 1892
5353 4105
2006 2020
4388 3191
6256 1652
1331 1617
7381 4708
5568 3745
5246 2801
1466 1701
7606 4670
833 1366
6690 3948
5796 3216
1454 4164
5143 322
259 70
6360 4168
1565 1745
2404 3890
3163 201
1663 616
2680 2298
5465 3661
1987 794
7010 4512
1800 723
3926 642
4320 3159
2186 2124
6106 1381
1819 721
3994 2978
4709 1031
6231 2808
1953 1981
6824 4419
1090 1503
3784 551
4331 2146
5624 1969
2210 896
3018 1248
5424 2938
2276 911
1060 1483
7660 4846
1932 769
4014 707
5429 4158
296 155
4681 3361
4081 3030
773 1357
3109 166
2362 2245
3691 2753
4761 2364
4466 917
5221 405
5503 4177
7441 4635
3150 157
3396 2503
1729 1835
279 186
2013 2022
1842 3019
962 261
6591 3889
5548 1886
4242 815
306 143
5372 4117
4372 3188
5151 3431
6304 4433
1390 487
5911 3953
5033 1430
5092 1469
3564 2664
5341 4100
2762 1053
3280 284
6315 1723
7403 4602
2053 3116
3729 3607
6513 4274
3099 29
6714 4399
1779 1872
3206 10
1013 2630
3391 332
7433 4617
111 94
4335 3171
3619 2742
2294 890
5329 2769
2045 823
4882 1166
1910 754
5335 3571
2270 3199
4443 904
6416 4192
1873 737
4461 3227
5396 3639
3769 3596
5210 3482
2224 2151
1275 2789
7612 4769
5125 3424
4187 3088
6729 3364
4022 2987
1820 1902
1647 668
349 1179
5166 3432
3009 133
2473 3264
7289 4653
1192 397
3718 2812
7565 4452
6764 2642
6488 4246
6523 4286
2646 1044
2313 2192
4771 3315
4632 3972
5310 4099
4614 2326
988 1350
2316 3214
5705 4290
2377 2240
3793 2830
770 146
2134 2091
2697 1116
4873 1115
2513 2314
3698 2825
6432 3759
581 1185
3795 1650
1777 696
1702 1851
4266 832
2758 1032
5182 1539
2438 2258
1937 778
5499 1840
2617 2327
1715 1830
1669 1837
4357 3179
2399 3237
1576 1754
6545 3867
7424 4614
1732 1861
5067 1457
5430 2916
871 2601
5601 1948
5790 2154
6715 4002
3527 2674
5349 2758
7081 4318
5602 1949
5945 3326
3846 2877
6166 2745
6937 681
5061 1432
2629 2359
6021 4398
5459 3648
4721 1041
4338 2098
6454 1953
568 28
5168 3451
7136 4589
817 1249
6983 4237
4286 2073
6593 4306
6335 4153
3637 330
2170 2147
2002 2016
5722 2079
4301 3141
5937 3973
1128 1518
2690 3336
789 1324
6973 4484
6249 2828
6322 2915
984 1370
1886 1944
4355 869
6474 4238
3834 3637
2827 1083
1072 1447
1850 3033
4826 2381
4356 870
4172 1986
3367 3413
1671 1815
3411 2588
1210 1540
4697 2349
7604 4669
7675 4691
5713 3859
2193 913
2116 2096
5342 4101
4917 124
5187 348
3648 512
6209 2786
1355 1645
1621 1763
3248 259
229 20
3059 106
4485 3235
2441 3249
5819 3912
7447 4472
6905 1806
5935 4380
6738 2480
4190 2005
4760 2356
2892 1145
654 105
4843 1111
2898 1153
3438 2600
3614 479
3618 2725
3528 2695
973 174
5226 3476
1272 528
4999 1424
4186 3807
1032 466
2825 2469
3847 572
1038 2709
933 1419
5557 718
6773 3444
5754 3189
6242 3606
6853 4428
6547 4304
4250 822
4840 1082
4924 1328
3624 2845
5887 3958
5191 3474
401 211
2954 93
5637 3801
3124 175
972 2625
5521 1866
3308 2509
6311 4441
6102 2653
4590 3297
5347 3552
6155 2712
1019 2694
6594 4319
3634 1474
5381 3598
1229 518
5437 1771
2146 2114
4209 2013
2818 2450
7231 4726
6148 4037
7602 4515
3167 170
7690 4836
1024 417
5359 3585
2302 949
1795 1880
5621 3067
3599 2733
2395 972
4309 3853
6236 4062
1103 486
3761 2834
7662 4849
1566 1728
5691 3836
4989 2629
4043 1911
1259 1603
2495 2288
876 404
2645 2333
3983 1862
3764 2818
5214 3544
5339 1686
2829 1100
2795 1030
3276 263
7326 4522
7487 4655
7084 4546
5944 3975
7060 4529
977 428
6497 2024
1507 596
7519 4542
4334 3868
517 2493
1944 781
2867 1114
7755 4887
3141 193
7245 4462
6030 4402
6521 3122
3347 357
2858 2407
4278 3133
7266 3756
5253 4073
4642 3314
4903 1237
4050 3736
4752 3354
3758 3605
7065 4539
4031 3003
6847 4136
4848 1109
1678 1822
3972 2952
6915 4190
6059 2592
6044 1317
6706 4392
801 2593
4125 762
4273 2050
1081 1455
4689 3985
6238 3516
1895 759
1037 1438
6981 4235
6460 4493
5179 1546
2114 874
7582 4737
3656 3523
6331 3673
5327 1680
917 2586
6567 4535
5506 1848
1018 195
7650 4791
5255 3526
5344 3559
4002 3724
5770 3888
3636 505
7586 4822
3041 114
2149 2130
5174 1527
1424 595
6424 3752
5653 3098
3117 212
7442 4728
3571 1369
3315 286
949 1375
3621 1665
4581 3292
3335 298
976 210
4855 2409
2292 914
2014 806
6289 4114
6452 3778
1487 1697
2790 1066
7185 4597
6124 3490
6455 3784
239 49
807 295
7401 4422
2277 928
2062 2058
7563 4445
7681 4785
1212 1594
244 68
1570 2921
1948 1977
7516 4777
589 47
6909 4631
4210 3099
6663 4559
7221 4611
5267 2717
3434 2577
6540 3148
4425 944
4756 1043
6325 4142
4367 2152
6518 4281
3341 3423
3687 3550
3512 2669
7288 4654
7318 4518
4207 795
1314 3603
5176 3460
7694 4860
3147 149
2661 2404
2631 2328
3676 1513
4770 3290
1292 502
6535 4298
3682 2746
3792 2831
6255 1651
6579 4324
674 1299
454 2
3353 2483
1002 369
690 101
6431 4211
467 1177
1930 777
751 1240
6040 2474
5276 1548
2519 3266
1673 1807
6754 2608
5165 3429
6791 2736
5148 2569
5427 3621
4800 4022
3975 2954
2328 3217
1221 2782
5714 2085
3930 2928
531 1
6346 2904
6653 4361
6829 3602
5584 1924
2269 2184
4937 1332
5784 895
3725 540
2142 2102
5970 4391
3506 3470
3762 2796
3451 2574
3865 2873
5469 3669
6435 4208
7661 4827
2251 3194
4137 3777
4753 3348
4345 863
2254 2183
6316 1719
3987 699
5765 3887
4313 2077
7579 4795
3862 1799
5098 314
1682 653
3494 403
3754 1658
5252 4061
6362 4169
230 25
4083 742
1265 1574
2637 3328
7008 3821
6192 3500
1039 1498
788 1263
4856 3347
629 2558
6213 4074
1956 788
6134 1380
1223 1556
930 1405
4164 3075
2714 1023
5136 1485
1383 492
6291 2861
5899 3952
3195 1390
428 2510
2380 3231
6000 4007
1134 1473
1324 1630
4193 2011
4074 729
3688 3551
5225 1607
6366 4179
5022 1274
3560 2679
5024 1393
4040 2997
3332 310
3363 2578
5099 2545
7419 4132
4454 2247
7355 4684
6512 3822
2089 2074
2356 3225
4104 1925
6247 3492
3565 380
3398 2560
625 1190
5704 2069
4145 768
3468 393
791 1356
950 1392
5159 1536
2792 3398
2371 3233
7560 4609
2874 2465
1517 1727
5569 3746
2031 2034
1339 524
7343 4678
1942 782
2296 930
1313 1589
6613 3936
4589 3298
5960 2321
4694 2380
5219 1550
4399 915
5461 3645
1762 1858
397 194
2963 97
5498 1839
3939 1811
6026 3384
6519 4276
4308 3137
1147 373
5298 474
4669 1010
7667 4806
7148 3982
3944 658
6670 4366
4486 3242
6407 4187
5240 1572
1648 667
7615 4770
7458 4642
7190 4604
4487 3243
4842 1113
2422 2244
6538 2104
4507 939
7215 3633
552 1203
1849 1915
6558 3178
7459 4643
4283 834
3054 169
7709 4850
3581 2667
2104 2083
918 2585
3616 2731
3242 2529
7234 3689
5207 1579
7031 4514
852 1354
948 2626
6557 4310
6986 4243
1216 1604
6108 1413
6334 4152
6281 3570
726 1212
2312 970
4742 1040
6896 4454
3235 299
5274 4082
3273 276
2295 941
455 21
866 1348
4229 813
5197 2634
1514 1725
6507 4263
6861 4143
2369 2238
5836 4340
3595 3504
656 220
2497 2305
4885 2479
5492 3675
3647 511
6401 702
2896 1126
2727 2428
6065 3479
6138 4032
3019 117
6834 4425
5138 3425
1708 1825
4981 1341
248 172
3476 368
7192 4605
1862 747
6118 2646
3990 678
714 1291
4850 2467
3354 342
4986 1389
1722 701
4171 787
680 43
358 234
5334 1684
7453 4191
1463 2872
3035 95
2225 920
2801 3392
660 52
6210 3447
3260 2485
3587 3511
4518 2260
712 327
3474 1371
6358 4456
1543 2907
1123 1510
6550 4527
7073 3922
4406 3203
763 1273
6397 2999
6207 2781
6365 1821
2165 2122
7625 4677
5633 3795
1934 773
3254 308
3439 2635
6843 4126
701 1186
607 1409
5529 1867
3160 1290
882 398
7558 4716
2169 2127
3976 629
6011 3360
3589 1613
2098 2065
6313 2906
697 2538
5724 3862
1041 258
3586 2658
6864 4443
6411 2995
2174 2134
3251 2486
6989 3808
335 189
1943 1973
3318 291
1839 1904
7009 4511
2838 1130
1197 1605
5523 2966
3360 1264
7020 4275
6484 3805
2899 1150
5065 256
1711 1829
5212 3445
6744 3467
5483 2948
1137 436
4199 3095
3765 3616
7061 3874
5236 1631
1471 2875
3542 1600
1518 583
6264 4093
614 1235
1149 517
4833 1110
3006 111
5550 1895
5205 2739
277 179
913 242
3253 265
5632 3081
6183 4033
6109 1414
6768 4058
5630 3794
468 42
1078 1505
2017 2025
4624 3324
5608 1945
6840 3618
648 2495
414 1396
4593 3301
4277 3131
6305 2889
5368 1700
5941 4011
4729 1020
2299 964
6314 4124
3495 402
4978 1310
1941 1974
1925 3063
5295 2800
6965 3038
1491 2886
5516 3693
5975 4025
3606 3530
2483 3926
1835 3026
1798 1883
3731 3587
7477 4745
4693 3345
1968 791
2419 2224
4073 3014
5574 4215
6897 4627
765 78
970 385
7139 4695
4757 1025
7291 4503
7198 3573
1476 2879
4226 3109
2783 2374
4726 3996
4063 3007
7726 4876
4310 2123
3338 80
363 4
5223 1588
1437 587
7085 4685
2323 950
4870 2459
6303 4134
7595 4830
3144 1320
2560 3293
4311 3858
486 2491
2462 3262
1308 458
3336 328
838 1349
1075 1504
6504 4262
1169 1535
7018 4270
1405 1671
2041 2040
7227 4170
6345 4162
4829 3390
1369 1664
4419 2200
1430 1707
5290 2794
7599 4802
3295 1394
5751 883
7134 4379
2745 4385
5230 1560
371 13
6982 4234
2339 3222
1050 1452
7415 4431
1591 1749
731 1443
5710 3156
5299 473
3583 1488
7305 4659
4167 3079
5645 4248
6577 4314
6571 4311
6272 2851
2385 3905
628 1243
5241 1571
7559 4781
545 41
458 18
2005 3101
1135 1493
6910 4460
6204 1528
4657 2280
1745 688
6430 4202
2732 2417
5443 3641
6329 4148
4456 2144
6367 1820
2161 875
2406 2255
4795 2452
3995 1857
3620 1647
1843 3020
3798 2829
3662 1449
7377 4704
5592 739
6607 4545
5124 3414
1961 3083
1388 1661
6654 3945
2449 3252
1921 1956
2435 2257
1077 1437
7756 4888
6146 2730
6195 2721
6786 4034
5693 2056
4927 1316
5188 163
4582 3296
4563 3284
4794 3386
2182 878
4249 3826
3421 2598
1897 734
550 1183
7097 3913
727 356
2518 3265
4072 3013
265 125
3554 418
3377 2539
2735 3371
255 37
2370 2246
7035 4513
5851 3941
5639 1996
3142 1397
3445 1343
1962 1993
7080 4544
7044 4291
6476 1990
2103 872
6077 2554
6122 2676
4498 2195
3143 1398
5304 2722
5404 3610
6181 343
2082 2070
5167 3452
7269 4225
6268 3563
590 71
4514 3917
4272 3125
6203 1552
1364 563
3881 1788
2187 2116
1053 1484
1176 1621
4628 3970
5649 2010
5517 1859
7404 4599
3638 1512
4557 2300
2848 1104
1546 637
2501 2301
4142 3052
4606 2320
228 15
7566 4724
5053 2508
7405 4600
6473 4239
6392 4474
2785 1074
2826 1084
5915 3959
5383 1703
5938 2329
7408 4711
905 1400
5091 2703
6490 2012
3408 2551
844 1379
2594 2340
2246 954
3482 2603
4991 1368
583 35
2326 2214
5946 3327
3773 3593
4392 888
5501 3687
2528 2307
2335 953
5965 3986
5401 2919
2770 1046
3941 3680
6503 3106
5502 3688
4398 2150
5987 4018
5966 4387
5971 4026
2802 1152
5579 1923
1079 1495
3783 2815
3116 205
6355 3671
403 19
6388 3718
4080 3753
5309 3520
6957 3018
3689 1564
6549 4301
1883 756
3466 366
4346 862
7509 4775
3879 602
6570 3184
2249 918
7489 4259
7282 4232
5264 1525
6742 2550
3654 2713
4491 931
6211 4065
3639 2762
2194 2140
7609 4803
7598 4832
6575 3877
4066 3016
755 2520
6635 4351
1258 408
4144 767
716 139
1040 1497
7123 4563
4322 3158
6870 2898
3250 2487
6368 3712
1916 1950
3369 1265
1280 1584
650 1252
6395 3729
3187 197
3507 1434
1781 1871
5101 2591
6620 4342
130 103
1105 1507
3375 2498
4768 2338
1510 1753
5266 456
5787 3882
6817 3572
6176 3434
148 138
5422 4144
1245 1567
5572 1919
4687 2401
4182 3084
3705 1633
7220 4610
5039 1378
6692 4579
3095 160
6935 4473
4890 3407
6816 2774
4428 3209
6966 4647
4713 3334
3825 2883
1439 1690
4332 2097
5018 1391
2285 2216
4859 3383
2638 3313
5004 1362
1665 1803
5597 3761
1763 1868
3279 277
5567 3739
5802 3907
4731 3304
5220 406
6951 4200
6649 4557
2197 2141
5069 301
839 191
1609 2935
1981 2008
6142 2540
1776 2992
2628 2372
3545 250
5206 1578
3087 187
4394 906
5300 467
2360 960
2311 969
3045 109
3490 2623
1158 1529
7596 4829
4228 809
3357 309
4661 1018
7587 4799
5279 1649
3605 2708
6187 4042
1170 1534
5780 2166
7119 4561
6092 1346
7470 3762
1852 3036
3135 208
3977 2969
3244 279
4105 3763
6679 4567
2480 2296
6374 4465
1641 641
5322 2820
5696 2061
4343 857
4089 3029
5806 3192
6903 4628
4505 3213
5950 3357
5333 1683
739 142
3867 2895
6418 4213
1532 621
3337 81
2159 871
4446 3204
6282 3569
4079 3031
1530 601
7051 4524
4866 2455
813 1307
3646 3519
5663 812
2423 990
1761 1846
1129 1538
3642 2836
4432 3198
5833 3934
3493 384
6229 4080
7608 4668
4773 2336
588 297
4051 3737
1601 656
5723 3861
1484 2878
6212 2785
5311 475
6968 3039
3737 550
4152 774
1786 700
4143 1963
6477 4498
5275 2751
1064 2693
6010 4014
6170 4051
6933 2977
2314 910
5312 3556
781 2561
2541 2318
7127 4702
7359 4696
4656 1019
1782 703
6420 3733
3539 2699
3232 268
5180 1547
3177 1358
7360 4697
7039 4671
2715 1012
2061 2059
4025 3730
3999 2970
3081 1303
2817 3403
6252 1609
225 14
3726 3588
2112 2088
3002 112
5239 2817
6572 4313
7090 4330
1692 665
4222 3108
4775 4016
5173 1522
3823 3624
912 241
6648 4554
7370 4779
1191 396
2189 2136
5918 2295
4781 3391
5355 3589
6713 4383
4629 3965
968 1339
6375 2982
7211 4439
2651 3331
3261 2490
7218 4444
1945 780
1238 2797
5774 894
5534 3719
6078 1331
718 2517
7378 4709
6442 3037
3697 2824
6984 3796
4312 3154
6725 4017
3797 3611
4369 3187
3890 2893
3722 2780
2264 2190
2508 2287
3534 407
4374 3878
5857 3270
3617 476
851 1233
3753 534
1068 1506
5129 3440
4793 3387
5533 3707
2054 2052
6693 3984
2807 2445
2914 1165
1479 1693
3432 1304
892 2597
3973 2955
895 200
6934 4470
6600 4325
7183 4601
106 102
7242 4183
5314 2850
4692 3344
5730 3151
1190 1541
959 1444
3204 2506
6410 3732
7468 4224
7193 4606
5720 2090
3128 196
4100 3051
5985 3989
1644 2947
4636 3969
5643 2000
6121 2677
1653 1838
5006 1423
3188 2496
4280 833
1730 1869
1613 2933
5195 3456
5573 3744
1287 2784
605 1192
798 1277
3475 1372
2117 880
5194 2732
6977 4489
5674 3827
2571 2334
3653 3529
3622 3512
1971 2004
2046 2045
5111 3410
4633 3330
4635 3978
6465 4233
133 7
2837 2436
6292 4125
5413 2882
4682 3993
5664 2033
4928 1293
2047 2046
4267 3123
2618 2325
5471 3678
1748 694
3022 1278
6414 4201
2744 1060
4922 1241
995 355
4779 4028
4664 3981
5080 3427
3538 440
2515 2297
4796 2384
4085 731
5874 4551
4321 861
559 23
2992 74
1754 704
1787 1878
5818 2157
3032 1287
5926 3980
1084 459
1267 1625
5707 3140
6516 4277
6259 2749
2427 2261
5340 1689
7169 3481
5962 2355
1315 549
5112 3435
5063 1464
7324 4521
6271 3561
5988 3990
1674 1814
1513 1746
677 324
3223 2484
6777 4407
7028 4665
3889 3651
6569 4316
7226 4620
805 207
5370 535
6319 2912
842 2607
5200 3446
4558 3267
3818 3623
2553 2290
4677 3268
3362 2579
4876 2415
1683 654
2633 2387
4881 2476
5675 3112
2748 3367
1940 1968
3483 2622
3820 2846
3052 188
1480 1695
5560 3741
3609 472
6780 4403
931 1406
6041 2473
2334 2223
3829 1675
3873 2894
3752 565
4317 2087
3641 2734
7659 4844
4940 1352
7478 4747
2310 956
1801 1887
5541 3717
1955 1988
2540 2319
551 1199
3880 2951
6525 3849
6103 2685
5374 546
819 1285
5644 2001
4902 118
3420 3430
1419 484
4220 804
4297 3842
3496 2683
4504 2225
2259 2180
4166 1978
6944 4194
5511 1854
820 214
1224 432
1723 706
1890 3048
593 64
3603 2684
2372 3234
3409 2566
1165 1554
6196 2720
3988 675
3433 1301
572 271
7249 4182
2708 2400
6309 4437
1628 2946
5081 2581
1428 3632
6184 1496
6171 1472
6544 3866
2060 838
637 1205
5610 3056
2238 946
6696 4580
5263 2710
2340 2205
2139 2095
3484 2590
6701 4386
2191 2128
4696 3370
3870 2892
1878 749
7382 4593
5666 4256
4673 3329
3625 2688
6028 2414
3858 2884
4534 3257
1293 522
3710 1642
4448 3223
619 1174
3766 554
5667 4257
4027 2989
5588 3027
2670 1058
3966 1850
741 2537
3813 2835
3419 2526
6140 4057
6758 2618
777 1335
2086 2071
5822 3902
4799 4029
7431 4139
2129 847
5380 1715
2935 89
2255 2178
4244 814
3302 229
6559 4533
7164 3478
3852 2866
5658 3814
4995 1382
5972 4401
5319 2750
4285 3135
3853 2867
6938 2994
3882 1793
4996 1383
1600 657
1688 692
5930 4371
5758 4305
757 126
3205 266
6222 2799
3701 525
5261 2665
3593 1440
3651 2756
902 2602
2306 936
5297 4086
1342 1615
4161 3072
4550 2279
5034 1433
1056 339
951 2701
6682 4572
5681 4269
1455 1698
3580 462
6005 3339
3819 3634
3471 1601
1719 672
1974 793
7256 4479
3407 2522
7296 4755
500 100
5336 495
6152 3539
1788 1884
7297 4756
5598 3765
4767 3353
4707 3363
2004 3103
1775 2991
4071 3040
1211 1581
6647 4555
6347 2944
3427 1543
4811 2440
5706 3854
6556 3886
1960 1994
633 305
1241 532
4516 976
5715 3150
685 1217
3884 1748
1912 758
3573 3600
1550 1740
3815 1676
3850 608
6860 4435
3804 1751
4365 3181
4421 3219
1136 1549
3023 144
3514 413
7040 3843
2038 830
542 252
2736 2432
6216 2680
7371 4701
5815 3903
7695 4840
7132 4706
2458 3259
408 32
3342 1221
118 162
6147 4036
3872 625
804 2612
1249 1591
1765 713
6464 3792
6994 3811
6727 3373
2812 2447
1537 1738
6251 2837
7310 4663
1791 1882
3627 463
1879 750
7623 4772
4827 2397
4597 3307
924 1403
3836 580
2432 3247
5457 1801
4414 2181
4497 966
4690 3317
3945 1856
4169 785
5389 3613
7043 4294
3612 480
7729 4800
2902 1135
7503 4773
3282 1225
7627 4814
5475 1785
5631 4240
1486 1708
877 1257
2344 3215
5117 2505
2018 2026
4010 709
6306 2890
5453 607
2237 899
6428 3032
404 213
3255 1216
6482 3085
7502 4811
7571 4794
2477 3253
6457 4228
5781 3167
6116 2636
3857 1768
7125 4370
4492 3202
4176 4242
1289 506
6658 4356
4084 3024
7104 4556
5489 638
1726 2973
4553 3269
915 1355
1457 1681
4832 1067
1411 566
4807 4031
4024 1903
6425 4199
6377 3708
5058 3441
5659 805
6310 4133
7531 3951
6502 3107
7298 4757
2689 1017
4077 3023
7137 4592
2511 2303
5254 4070
383 1171
3677 2763
7191 4430
812 1283
6850 2854
2739 2425
4723 2316
3259 283
3678 2764
2967 104
6590 3891
2070 2063
7488 4657
4438 2159
3713 537
4260 827
2793 3397
5204 2723
865 1345
929 2633
4261 828
837 123
6979 3793
5969 4006
2546 2312
4379 3880
4227 3818
1713 664
2043 2044
4926 1296
7001 3815
4559 3939
7201 4607
3575 2678
1814 3006
5612 3057
2904 1131
4447 947
6093 1347
5794 3893
2972 92
6996 3813
4168 3080
1061 326
6136 2704
5882 3272
6823 3541
750 2542
2345 3228
5993 4021
7254 4193
2712 1013
1341 499
6090 2654
6684 4576
2079 849
4782 3388
5104 3415
4340 858
7462 4732
3824 3622
3732 3577
6745 3473
982 464
2398 2249
6921 4471
3016 156
1330 1595
6357 1809
6280 4103
3479 2614
5439 3659
6076 2555
3659 493
7071 4341
7075 4547
2554 2291
5575 3748
5527 3690
4830 1096
3772 2805
1252 1626
3951 670
1949 3076
3352 2482
5170 1502
3073 158
5739 889
6993 4502
4387 3196
7601 4666
7710 4833
3626 2757
4265 3832
1994 797
2172 856
958 2656
5816 3883
2738 3362
649 1209
2180 876
1891 753
6023 4001
6862 2897
6223 2798
2059 3828
2217 886
7446 4468
5449 1780
4764 1026
1200 1586
7351 4688
1470 2871
4997 2672
6872 3666
7745 4868
5788 2158
2509 2293
4765 1027
5428 4150
2895 1128
5423 2857
2903 1132
1599 1770
3692 2752
508 3
5917 3282
2460 2284
1664 676
6585 3879
659 51
604 88
1658 1802
6772 3471
4247 817
4330 3174
1073 1475
2032 3114
4136 3776
5497 3670
2413 973
2854 3376
1166 1612
5583 1926
6162 4404
6814 2779
719 121
5131 2492
3246 273
6437 4214
2133 2119
6541 4299
5916 3956
3839 600
1693 666
740 2527
1624 1772
5481 4461
2357 3226
5229 3557
6471 3077
1889 1934
2624 3310
331 184
6842 4128
6838 4420
7457 4733
818 2562
3805 1750
6408 2993
6321 3646
518 1208
6277 2848
3548 442
5218 411
6998 4504
3993 3710
2503 2285
1611 632
5025 1427
7484 4751
555 1213
232 36
3650 2773
3485 430
1273 447
6987 3809
863 1292
926 1384
6205 4059
1378 2826
1898 733
2500 3277
3403 337
257 65
3526 2673
5318 2821
6480 3803
2557 1015
4269 2049
4667 2358
1718 673
7639 4715
6173 4040
6612 4344
4295 3841
6828 4084
5385 3582
2184 2112
3623 3549
3457 359
5591 1932
2327 971
7479 4652
3245 245
4059 3008
2309 2189
406 1182
2942 1258
3721 2790
6445 4221
5062 1450
5155 4047
3679 1558
5636 3798
2901 1142
1992 3096
1035 2661
2711 1004
5676 3111
5270 1533
769 2541
1789 716
5048 281
1347 2814
1083 1487
3428 378
3389 1523
3366 3412
3224 1204
5096 315
2897 1123
1008 2644
1541 1734
2728 2426
4575 3261
1764 687
2830 1069
3730 2767
7407 4081
3785 579
3166 1220
2547 2317
5849 3932
3271 3419
7096 3929
4382 3195
3871 626
2071 845
1559 2910
2831 1070
7365 4699
5442 1777
