4833 3805
4887 3848
5136 4106
7310 6198
2327 1675
5553 4465
7139 6408
5652 3242
1765 1237
5882 4793
6161 5078
5502 5264
4757 3692
6339 6110
5935 5580
262 90
1517 978
7565 6306
146 197
511 427
4556 1737
4091 1311
2426 1688
4190 3219
5988 5601
2512 3602
1009 4111
4198 4571
4153 1357
1114 813
397 288
5327 4294
6026 4947
2745 5591
3565 2604
4031 4488
2843 2002
398 289
1746 1189
7150 5629
5938 4841
1807 1268
5342 5128
6549 5909
6479 5378
724 541
4501 3510
1083 2580
28 51
1289 859
7351 6388
7712 6587
7605 6524
3545 2496
6129 4996
6620 5966
5706 5426
5636 5365
6973 6162
4072 4496
5704 3317
4505 4744
2139 3319
3045 104
3819 4310
5811 5477
6230 4117
3513 2625
1437 2884
1682 1141
5950 4878
2749 1887
4921 2111
658 491
648 2181
569 459
3473 2624
5058 3928
3102 2104
363 16
1756 1223
5336 2770
2411 1687
3998 1216
531 58
551 2161
3267 2471
253 93
507 2059
5494 5255
5862 5528
5264 4165
6165 5651
5992 4847
7175 6048
4074 1283
3794 981
3648 837
5337 2771
6635 5977
5971 5603
1976 3203
1418 999
3988 1166
1064 2525
3302 2393
3668 2666
2637 3675
5795 5470
590 211
5294 4225
3059 99
4514 4758
5220 2609
5287 4118
5928 3621
3599 4144
6368 5276
240 37
4080 4498
3894 2908
1514 2866
1091 793
1899 3115
4768 3727
4102 3100
1865 3118
737 551
210 179
1956 1376
2986 2151
7694 6573
4049 3082
4353 3368
5057 2448
3735 2820
6685 6009
953 631
6491 5853
7343 6376
2193 3382
5048 2423
2757 3690
3081 2188
5138 4999
3793 4288
2553 3611
5360 4240
4374 4699
4791 3748
457 365
3835 4369
5579 3103
4199 4577
7358 6244
1173 829
81 170
418 2126
5382 4319
3776 4271
2653 1796
799 418
2314 1625
6659 5566
6838 5701
376 259
5954 4854
7073 5510
3316 2179
3276 409
513 2121
5688 4618
7660 6554
2259 3410
6232 5727
1532 1055
4355 3356
5174 2534
3169 294
5159 4140
3676 2618
777 354
6101 3986
1788 3046
6998 6184
1077 556
5235 4052
1776 4471
4356 3357
4743 1897
2310 1656
2180 1535
5979 5606
5885 5549
4015 1230
4214 1407
2079 1461
3511 4087
4263 1449
5466 5236
7464 6332
5685 4623
3993 4432
2013 3228
3568 4098
5912 3605
2269 3426
1842 3071
234 33
6350 4398
6934 6142
5516 5271
6985 5376
1333 942
6618 5535
5372 5739
4732 4853
6109 4025
7260 6153
6675 5988
1233 718
4682 4866
930 2474
2232 1555
2384 1672
3384 4017
4475 4734
5229 5110
1783 1250
371 36
3588 2665
2798 1937
3246 415
6460 6169
4 73
3975 4423
7442 6315
411 319
6229 5697
698 499
714 2309
7611 6476
931 2475
2892 2039
7601 6463
7272 6342
6709 6020
6895 5770
5236 2649
3430 3984
3066 2172
1801 3048
4410 1633
5960 3688
466 2065
7429 6424
5602 3152
5222 2619
6092 3966
5231 5059
4922 3886
6819 6055
979 708
6279 5194
5096 4105
187 185
2277 1620
1925 3145
3305 2216
6989 5386
3205 382
3369 2279
6313 4342
6481 5380
6276 5137
3920 1101
2536 3622
672 2273
1787 3037
1791 3043
4776 3764
6794 5686
1411 949
561 2088
7359 6396
1105 2598
3053 161
6425 5803
3729 4261
6656 4772
7332 5912
7517 6386
1436 970
2445 4764
1570 2896
2247 1578
6104 5056
3679 4227
3737 2825
3315 461
7105 5513
7354 6395
4283 1458
1601 2991
6788 6045
6271 5140
4479 3471
1940 3165
1149 857
3531 4094
3680 4228
6745 4989
3218 2385
1965 1370
3957 2961
7110 5523
1181 838
2406 3540
1645 1135
1614 2926
5722 4645
1718 1172
6898 5258
6280 5723
3853 4329
7111 5524
1169 2642
382 201
6899 5259
6559 5923
2462 3580
4342 3350
1913 1332
6923 5279
5659 3246
7179 6273
996 694
7296 6457
7484 6455
6140 5659
3876 4347
5551 4462
7507 6217
7297 6458
5017 2369
6176 5004
1541 997
3725 901
7626 6481
4211 1406
3705 2727
7458 6330
4728 1884
7740 6596
4539 1724
7479 6453
3463 2357
5346 4302
1263 916
5272 4181
0 1
5250 5684
6890 5765
2473 4775
1460 963
4057 1259
1147 706
4300 3306
6451 6163
5629 4566
7183 6280
6005 4919
3784 2835
5251 5685
5689 3296
1974 1384
6253 5135
5525 4408
2954 42
403 63
4379 4700
6195 5086
3452 2570
4741 3705
2095 1474
4239 4596
3288 2451
6991 5385
6006 4920
1520 2951
3593 2522
1528 1027
5168 5027
3232 2411
2984 43
1288 2693
4322 3345
2419 3522
6510 5408
1327 962
251 84
2780 1833
496 446
5170 4124
6637 5540
2543 1745
3837 2897
3626 4178
3233 2412
5055 4961
6551 4691
5823 5490
4349 4676
589 2196
7036 5429
2478 3582
1586 4377
4804 1930
1024 2648
4144 3174
5053 3902
5952 3647
6236 5688
101 72
444 2060
3018 2112
5781 4703
7014 5884
5713 5432
5343 5136
650 2263
6357 4420
5503 5257
6880 6118
1117 620
6427 4499
7015 5885
2253 3408
4317 3331
6088 3951
6924 5301
866 2404
909 643
3366 4994
7264 6150
5754 4710
5334 2788
2989 127
4229 1415
6935 5787
4932 2130
2254 3409
7653 6432
7126 6254
3712 2703
4409 1622
4490 1679
3767 2813
3645 2774
6932 6140
5710 4657
883 653
4393 3413
3357 494
2801 3814
5081 3969
7324 6208
3092 2213
2165 3354
2161 1524
4509 4753
3027 2107
4706 1898
3394 4997
4394 3414
6702 4810
6957 5329
4285 4627
5556 3080
2605 3662
3631 2567
3691 4199
3465 592
6064 3914
7288 6351
3710 2738
5276 4184
7219 6101
2362 3511
5873 5976
5540 4455
7569 6430
3395 4998
4236 1426
3754 2776
6961 5821
846 402
6969 5828
7289 6352
6544 5896
5485 4414
6106 4001
7344 6226
1890 3105
6004 4922
2925 2054
4603 1782
7508 6479
6647 5980
1056 611
7097 5967
1597 1047
1795 3042
886 680
3329 3908
1668 2970
3978 3007
7512 6483
6512 5412
2826 1959
4572 4791
3261 3897
586 452
391 203
545 128
3019 2163
2082 3293
5617 4545
962 509
6483 5382
5610 4535
4136 5345
2306 1640
5137 4975
5354 5149
1339 897
6533 3369
2182 3358
807 501
5073 4053
4400 3434
6780 6042
3805 2876
6987 5855
386 15
4659 4833
7696 6549
5297 5102
5575 4495
6031 4951
6250 5174
3495 2616
3300 2168
7285 5843
4386 1576
3518 2606
1786 3045
607 2384
6557 5921
5493 4411
5883 5544
6566 5927
1158 685
4897 3869
1249 2696
6796 5674
7644 6305
6154 5075
881 693
2460 3577
6335 5758
2423 3538
6431 5812
1821 1286
4363 3364
4981 3971
2273 1581
7338 5925
4159 3169
1453 1026
3451 4020
1862 1298
5569 5317
6158 5076
7465 6335
3524 2497
5484 4410
3389 2531
1001 699
5303 5115
3715 4214
5182 4147
2191 3375
4852 3791
669 2150
2066 4613
7478 6450
39 75
3651 4189
3404 3960
2240 1562
1279 2831
6348 5260
6508 4607
2790 3733
197 138
2739 3743
5280 739
3583 2563
506 445
3922 1071
1573 1117
1458 2890
2194 3378
2281 1621
6077 4978
7570 6314
4241 1430
7515 6485
2116 1491
2198 1532
2772 3694
3584 2614
4030 1209
1930 1361
1994 1400
3331 488
3242 3924
3068 2148
5077 2418
7516 6486
5529 4467
5283 4197
2791 1935
3326 384
1361 4278
2842 2003
4276 3292
1172 821
2345 3500
4095 1253
7446 6327
296 236
4926 3912
5133 4089
7000 5863
1492 956
2203 1546
1615 2938
7632 6392
4598 3630
5587 5322
3319 3884
3354 537
4077 4501
5655 4594
4346 3342
3585 768
4729 3678
804 2376
6569 5928
66 56
6277 4273
4221 4588
1213 900
6380 5282
6044 3916
5857 5518
7234 5782
6905 4418
1753 1239
795 349
7501 6210
4284 1462
4143 1337
5121 4966
4007 3059
6840 5743
7382 6269
5640 3218
6737 4950
5489 2971
5270 4170
4142 4523
6358 5771
635 506
1322 955
6730 5630
6690 6000
619 2156
1206 810
812 2339
639 253
6311 5746
5305 5114
5788 4712
6362 5775
6150 6035
1761 1163
4843 3809
6072 5016
3439 4057
6282 5156
6873 6093
1617 1145
6300 5742
7193 6286
4839 3782
5591 3130
5065 2403
6162 6044
2503 1790
1624 2936
2781 3744
5396 5205
5380 4331
533 440
4414 3458
1900 3166
239 38
4184 3214
4840 3783
3753 899
2822 1929
7620 6527
7199 6054
7534 5999
1735 1221
6698 5559
2714 1871
3061 241
4515 3517
2979 2074
5189 2373
2947 2056
1292 854
2810 1925
1433 885
4357 3396
4358 3373
4045 1238
4013 3017
4789 5604
5932 3693
508 52
1434 2818
3050 117
5359 4241
5025 2360
4176 5367
6423 5819
6401 3041
1870 1318
1849 3088
6583 5462
6902 5253
921 651
5936 4815
2862 1975
1047 2520
6996 5861
4326 1508
2287 1609
1197 2707
6155 4074
6443 5817
4507 1686
1378 2782
6920 5797
7275 5834
4492 3506
2217 1554
1049 2528
7325 6368
3313 3973
6319 5229
7408 6281
1881 1325
1949 3176
7276 5835
5624 3182
5051 3901
4661 1851
4534 4767
4557 3603
6408 5306
912 483
7229 6311
5097 4973
5523 4433
4116 3124
819 2343
7739 6575
5660 5389
564 396
1430 2845
7211 6083
2510 1738
4432 4726
3578 2577
350 244
718 2219
2887 2017
7538 6412
1485 2851
3824 4306
6159 5039
2031 3247
149 2135
4842 3811
1061 609
6238 5093
7071 5955
2421 1726
4433 1645
4518 3556
3482 4049
3991 3038
732 2436
5329 4201
5734 4680
106 2136
5803 5483
5752 3387
5657 6183
6742 4964
5755 3389
1782 1208
2333 1655
114 2120
7323 5895
5590 4530
7487 6353
5697 3301
7608 6468
1067 798
5906 5521
4837 3815
2117 1494
2528 3609
1439 912
995 606
773 2383
7368 6247
7209 6289
4838 3816
3278 2297
90 156
7269 6164
1593 2920
5284 4198
934 493
5758 5455
7469 6343
6847 5741
7421 6421
2436 1694
1811 1267
5759 3397
4041 1254
6937 4470
560 278
5661 4598
4306 1489
922 2378
4485 4747
1008 2460
2894 2029
232 22
3536 2607
3377 3972
1628 2942
5125 4991
889 558
4800 4910
728 569
5279 4245
6286 5738
2389 3493
6394 4443
573 457
335 2277
7001 5865
5078 2441
6548 5908
7132 6410
4006 3039
6278 4297
4877 3834
7509 6377
1363 2805
5200 3994
5649 4587
1730 3019
1101 2551
4333 1512
612 177
1018 2479
5183 5046
3673 4167
2921 3852
5122 4967
7404 6278
7592 6517
7704 6555
4491 1678
4014 3050
37 3
2304 1641
4538 3529
6786 5640
1079 2581
6721 6027
7405 6279
6579 5932
6768 5649
1126 2752
3908 2944
3441 3983
3724 917
1711 2986
5091 4071
6259 4162
595 471
3551 4086
205 140
2215 1565
6017 4925
522 2091
6325 5755
3933 1124
6360 5774
3413 2549
4679 1811
5067 4079
2392 1677
284 137
7060 6215
4873 3827
3417 2524
6896 6114
2018 3237
500 207
2264 3425
6547 5452
3093 2212
5271 4182
5780 3450
4301 4636
3539 4113
2765 3736
3885 4378
5805 5484
1073 2564
1986 3210
5868 5538
2490 3583
950 2461
3834 4318
1277 2676
3098 2075
4194 3224
7529 6237
4793 4902
3424 4024
6231 4208
1214 759
818 2328
1867 3098
1998 1402
4592 4802
5386 5172
1345 960
5926 4850
3142 2318
4794 4903
7441 6318
6305 5213
3336 505
939 2453
4593 4803
1493 986
3143 2319
289 198
1259 2720
4803 1931
1221 2674
7010 6190
456 364
4304 1488
3286 2459
3095 2230
772 597
4813 3826
3456 511
1164 2655
5456 2931
3526 2462
875 412
1200 2685
1148 676
2596 1780
417 2125
3155 2332
701 2198
6412 4490
1716 3008
5833 5503
4329 1511
637 176
7527 6400
1747 1196
6090 5019
1139 860
6777 6043
5191 5058
6485 4581
6585 5469
307 247
5818 3482
3554 687
5420 2893
3179 2248
4261 1448
1748 1197
1142 2764
5665 5397
512 2102
3332 2489
1845 1281
7531 6250
2292 1619
7744 6617
1897 1272
3634 2566
6381 5286
731 2437
165 2149
3223 3883
6694 5548
4023 4473
3333 2490
459 345
6787 5690
7453 6151
2784 3746
7424 6297
412 333
5465 5235
3400 582
6909 6124
5356 5171
233 32
7033 6200
3378 2501
1982 3207
6914 6131
2320 1643
620 2330
5782 4718
211 178
1055 786
6859 6085
6505 4608
4574 3560
1677 1108
4602 1783
7302 6192
2349 3479
7650 6503
6506 4609
7427 6301
3474 4076
6244 5081
7298 6357
5155 5012
7141 5572
3128 2271
6397 5309
6462 5358
5421 4360
3499 689
2303 3439
6340 6111
4187 3200
852 2405
2127 3309
3928 1107
5934 5583
5274 5703
2305 1642
1840 1288
2315 1624
2361 1685
4856 4912
1685 1184
5588 4500
3275 3892
1280 2714
1797 3069
2335 1671
739 330
1398 994
6948 6148
3022 2144
3614 2749
5694 5416
1274 797
6876 5234
4610 4817
7600 6522
5773 4697
4882 3851
4725 1831
407 74
1421 2829
1161 2630
171 202
7583 6341
6377 5278
3890 2860
4811 4906
4171 1377
4010 1225
3744 2754
6951 5801
2136 1501
3586 4110
7714 6610
6726 6032
4287 1465
1153 4188
1060 2572
613 2201
1050 2533
4502 1689
5721 4644
6503 4601
4799 4917
4915 2140
4071 4517
7645 6427
4278 4619
5480 4431
5108 4041
4272 4617
4511 1697
2385 3530
1873 1285
3974 1182
751 2285
3431 4003
4281 4625
4815 1912
5086 4976
5115 4090
2930 25
196 139
7052 6212
6402 5792
1246 2680
3403 2517
5930 5575
6770 5660
1444 914
1028 2646
2967 69
3256 3936
5411 5198
3598 2523
7176 6041
856 2389
4928 2157
916 707
2613 1868
1850 3086
3608 757
6972 5346
7443 6321
6885 5766
2149 1521
4323 3349
3624 4268
7017 5879
1762 3015
1663 1073
5179 2556
1171 822
4705 4886
3479 4058
2691 1855
2649 3673
3391 522
7573 6505
1486 2859
5167 5026
6499 5862
5705 5891
6641 5520
5299 2734
5180 2557
5377 4272
6888 5772
2996 110
4154 4543
5832 5494
682 513
2093 1463
559 118
4131 4513
4345 3343
4227 4593
4637 4843
2221 3383
5381 4254
5735 4670
4081 4504
5643 3220
3484 4040
1719 1171
3861 2934
3617 767
4778 3719
3244 422
3270 2400
1385 958
5521 3011
1035 2493
3109 2246
7462 6434
907 2413
3340 3907
1341 858
4635 5574
4371 1570
4452 1649
1002 627
492 147
958 2456
1146 2600
2988 126
5333 2787
4849 1980
1482 1025
6492 4591
579 2118
4146 1346
4231 3245
271 172
3037 142
6281 5157
2034 3251
7104 5983
1928 1352
882 652
6297 5178
31 4
3727 2810
3478 4050
6808 5111
2252 3418
5394 2856
1457 2828
5942 5586
4936 3898
2186 3374
5255 5106
5498 4442
4311 4642
4876 3829
2197 3380
5595 4537
2227 1553
1891 1299
805 395
2511 3601
7619 6528
2350 1673
690 273
626 455
4940 2224
863 2366
3296 480
2919 2046
1349 974
4443 3429
2743 1920
7377 6409
6983 5842
1465 2840
7381 6414
6783 6039
3206 2095
5431 4365
7028 6195
5103 4972
5718 5430
6003 4921
963 549
1703 1198
7361 6241
4666 4858
1293 2808
1258 745
1596 1046
4429 1623
4320 3346
7134 6015
640 472
4474 3487
6212 5132
1068 2591
976 460
581 2160
5257 4202
3467 2568
4889 3849
949 448
970 641
2991 2068
2866 2008
2570 3626
3011 166
7317 6367
926 2450
5903 3587
1880 1326
1162 2631
4063 4491
1176 2716
473 392
929 2429
4050 4481
5666 5393
796 380
871 2388
4929 2122
2142 3323
2159 1515
257 60
5309 5113
918 2380
7084 6228
5131 3910
2711 3640
3141 2270
788 2314
7535 6490
6430 5807
1610 4400
2855 1978
6795 5673
4295 4630
6866 6087
6249 4235
3420 5011
527 2193
7080 5962
2074 1453
730 2288
383 2078
4995 2299
5544 3047
5937 5578
2187 3367
3273 436
1933 1331
5195 5045
3919 1088
4802 1963
3163 2294
5148 5021
1170 2643
5496 2984
5620 4531
6287 5728
2792 3812
1244 2677
5363 2814
2896 2025
6852 6076
1247 2681
629 2252
4122 1329
2231 1558
4454 3516
6434 5338
4065 1263
3279 2440
4548 1731
1778 1246
5261 4099
4874 3831
627 495
6252 4222
7282 6175
4110 1296
5605 3150
4250 3271
77 61
5693 4629
2065 4612
6359 5270
7480 6454
3795 2786
1281 2709
7752 6618
5774 3403
4315 3316
2400 4748
5446 2898
2170 3366
3611 2535
6373 4441
7491 6365
2251 3424
6992 5387
275 184
4112 3139
5677 4606
3807 5199
3930 4391
4731 4862
938 2414
2554 3614
2551 1750
572 2430
3702 2802
293 183
4925 3911
71 81
5644 3221
5826 5492
5899 5556
7631 6391
3547 2621
4412 1644
2212 1552
4407 1615
6299 5196
3665 4161
299 217
3612 2748
869 635
2224 1588
4651 1802
2053 3263
6640 5525
6217 4183
750 3987
2039 1423
3083 129
5964 4887
3693 4220
2364 3508
3521 695
4645 3646
5715 4659
4689 4867
5080 4987
4420 1634
3131 2264
3353 3918
301 224
7127 6255
609 2117
5474 4386
3412 2550
6843 5733
7563 6299
2884 2016
1962 3195
4224 1413
2851 1953
4164 3173
2845 2015
3642 2724
6275 4277
897 615
3857 2902
4242 1429
6575 5467
504 2062
5087 3935
130 94
1606 2911
2773 1914
6964 5826
5214 5097
7165 5669
1443 1022
4758 4898
7576 6431
2616 1862
7463 6336
509 2191
358 334
7246 6319
7520 6381
2774 1915
5663 3253
961 2401
3870 4348
6123 5035
7291 6355
1734 1220
7489 6188
6338 5254
3330 500
2920 2053
5188 2372
2296 1631
4056 3091
814 579
7719 6592
2533 3594
4830 3787
4173 3191
3259 432
1835 3077
5702 3311
4822 3804
2857 1971
458 85
4744 1838
6597 5937
1390 2803
3722 4236
3217 2355
3348 2491
5703 3312
676 508
5349 4196
2901 2035
4186 4567
3003 2199
3399 2554
4100 4528
5623 3179
3080 2189
319 292
4084 3075
2645 3654
2908 2041
7195 6418
7148 5608
1683 1142
1955 3205
824 645
3573 5162
1620 1120
1311 2721
3907 2943
3999 4445
481 3865
3485 2635
5074 4054
1466 2852
5110 4082
3363 3993
54 19
6977 6167
1141 2765
1655 1169
6941 5795
1689 1127
7596 6518
4883 3846
4459 4736
6719 6025
7403 6277
4891 3860
919 550
2043 3256
6966 6338
4854 1983
4694 3708
4780 4909
5262 5103
2783 3747
4252 1442
7572 6428
4526 4766
7494 6462
7242 6139
4820 3766
6818 6050
2004 3222
4435 3448
3194 2290
6068 3921
2380 3528
2326 3473
3650 4207
3274 3861
7182 6274
4319 4649
3659 800
7558 6419
1883 1314
742 566
5304 5116
5618 3159
2922 2047
3973 4424
2276 1611
4332 3348
2732 3735
5802 5482
6984 5377
4105 4508
4096 1308
5719 5427
4369 4692
654 272
566 3888
4764 3699
7283 6177
5022 3937
6171 4096
6799 5066
4351 1542
2758 3691
7251 6324
3871 2956
4765 3700
7056 5904
2863 1974
3528 4108
1710 1181
2962 2162
1089 796
4880 3837
747 2207
1684 1185
7043 5899
229 14
1667 4428
1794 1260
4156 1342
5598 5333
553 2080
4563 4788
4691 4864
4313 3321
5634 5360
4047 3049
948 2421
3721 2683
6518 5420
4331 3360
5675 4610
2829 1969
4869 3833
1193 865
4963 2262
3449 371
6540 5439
3044 124
1530 1035
7536 6403
4553 4780
5676 4611
5289 5099
1352 867
5530 4458
1895 1317
4130 4514
3752 938
2635 3672
3689 2660
5650 5383
34 7
6791 5084
5038 2303
6947 6149
7075 6227
6416 5798
410 251
6626 5543
3041 2167
3741 4232
6227 5139
1752 1242
7532 6407
5107 4042
4499 3544
4059 4492
7466 6438
4576 3624
1401 2798
7169 5666
3266 2425
994 599
2160 1523
6731 5631
5345 5148
588 466
3385 4018
3823 4307
5085 4977
6121 5054
833 2408
2051 3265
674 2296
4986 4000
5632 4568
6059 3915
6657 5550
3512 4093
7051 6213
2190 3376
1490 982
7224 5759
2759 1883
5237 2650
5997 5610
798 2333
223 164
5090 5029
2797 1986
2541 3619
6734 5632
2328 3483
5879 4789
5340 4303
1720 1162
4582 4796
2794 3767
6291 4298
3310 453
7131 5554
4018 1240
3381 2182
3905 2917
2779 3723
4189 3225
7231 6309
3697 4258
4957 2245
288 196
7237 5773
6903 6317
7528 6236
6315 4340
1678 2977
5439 5228
968 411
7511 6375
6482 5381
5550 4493
4160 4552
7177 6062
6556 5464
3034 131
3816 2822
7360 6397
2482 3584
2695 1881
7346 6383
470 2071
5034 4043
3701 869
6621 5960
7140 5573
87 80
1151 811
5026 2361
4486 4749
7366 6402
3782 953
1090 2590
6435 5810
7584 6443
5573 5315
524 119
6210 5030
1984 3201
6333 5240
6763 5008
5578 4516
2694 3714
5615 4546
1698 2976
2576 1771
1387 896
5129 5003
6308 5181
3139 263
4798 3734
6216 4085
1674 1094
3739 4234
865 2402
5815 5486
401 304
323 297
6193 4988
7710 6561
6432 5330
1576 2905
2692 1825
1874 3120
4470 1668
4145 1347
4230 1418
2515 3599
4366 1545
4611 1785
4428 4724
3458 4073
2432 3559
6867 6086
3087 2259
7459 6331
7457 6436
7064 6216
7680 6495
3220 381
3335 485
4471 1669
2213 1537
5398 950
2041 3255
5223 4192
5318 4243
5557 3084
6842 5732
242 53
4806 4931
7593 6354
2700 1854
5212 5042
3497 639
2494 1749
6515 5874
2738 4876
1910 1290
3167 266
6132 5044
2307 1659
6306 5212
4244 1432
5204 5089
789 351
4749 4891
7373 6249
7243 6129
4175 4560
5838 4740
556 2100
5733 5441
5064 4962
7734 6608
3681 831
6192 5069
7500 6473
5914 5570
4660 1807
2544 1746
3063 2147
2174 3372
425 83
3090 287
1165 2654
4307 1490
6392 5789
2964 2164
7091 5965
7371 6406
4618 3665
1739 3002
6222 5150
5944 4865
969 642
6213 5067
1157 737
4536 3523
2795 3702
4579 1755
3605 4136
3387 544
1231 910
4714 1826
7646 6545
7598 6520
4119 3122
1543 2878
6889 5251
5730 4668
472 393
7579 6510
1768 1252
3380 2546
4022 4464
7647 6546
3245 368
6660 4777
7599 6521
4858 4914
7665 6562
7590 6445
3836 987
6389 5291
2459 3574
959 2506
5558 4486
4092 3102
6535 5442
6040 4952
6318 5744
5546 5802
4740 3717
5024 4021
7185 6275
1616 1144
4191 1391
5124 3909
2135 1500
6713 6017
4219 3236
7186 6276
700 533
3308 3931
454 34
225 8
6379 4440
984 2449
3375 3940
801 4033
2172 3335
3711 2739
491 2141
6407 5794
2578 3642
7329 6214
4846 1979
7533 5998
6658 5551
1275 2695
1566 2882
7607 6470
5871 3552
4344 1531
4695 3716
3603 4125
6454 4549
665 534
5948 3633
2514 4786
5560 5313
2068 3282
1779 3026
5348 5725
2838 1993
3292 2427
1419 870
3314 3942
2903 2030
3850 2923
2910 2051
6459 5359
392 308
3221 406
5626 3198
5993 5609
6974 5348
982 730
5335 5152
4248 3266
1563 2907
7018 5882
6076 4979
1671 2973
5599 5331
6327 5230
2145 3318
1599 2928
2316 3480
3618 4141
4226 4592
2548 1781
5913 5571
641 2169
3325 2399
7662 6586
7019 5883
1922 1356
2690 4845
7334 6372
1375 947
5817 3498
264 95
4387 4709
697 2249
2500 3600
642 2170
7709 6585
3758 5186
944 498
681 512
7335 6373
5099 3955
5537 3031
3639 4191
1789 1245
4456 3449
5884 5545
6471 4570
6283 5722
1427 1003
113 87
6608 5957
6725 5628
3925 1065
6676 5555
4723 3682
1512 1043
1715 2990
7701 6551
2344 3486
6310 5183
373 125
490 2055
5966 5595
6268 5141
6442 5337
2118 1482
5245 5074
3635 2741
4309 4639
6262 5711
4040 4480
6872 5767
5790 3451
4125 3161
4249 4602
6906 6120
2509 3595
4233 1420
2762 3707
1565 2899
2736 3760
2674 3663
1463 2830
4853 3792
3005 2089
1781 3022
2973 2106
1943 1340
270 171
460 397
2897 2023
5412 5197
1038 2526
4415 1607
3587 4120
705 3938
3736 2819
830 571
5301 5117
6982 5839
4277 4620
3290 3876
726 2236
5404 5191
1078 2593
2199 1533
6248 5708
4416 1608
1732 3014
5567 4483
4550 3585
7493 6363
2246 1613
831 572
468 102
1239 2698
7730 6601
3613 741
384 262
486 2116
2098 3300
3732 4239
7129 5579
2888 2024
5300 2729
2902 2031
2689 3660
5112 5001
1362 4279
1687 1113
6199 5033
6594 5935
1484 4343
888 557
5423 4314
5512 4457
3436 554
4085 1282
6823 5707
5430 4364
6461 4558
3475 4077
7695 6577
5461 5224
3687 4176
5656 4595
3632 819
7503 6370
4382 4708
4137 5344
1123 4194
6203 4156
4222 4589
5804 4719
5199 4154
3845 4338
6378 4452
6571 5924
775 2347
3996 1211
4044 3061
1202 2636
5858 5519
1152 883
7124 6248
2914 3850
5695 5417
7628 6390
4008 3060
2189 4672
1174 834
2565 1766
3875 4363
429 370
4497 1703
5258 5092
5490 2972
5383 4323
3318 465
3868 2906
583 153
4827 3794
5533 5280
4321 1510
4924 3943
6444 5340
7107 5958
3629 824
3151 2221
5566 4511
951 2503
632 474
5574 5319
1217 2781
2891 2018
5981 5614
5970 5599
1553 1095
6521 4634
7745 6621
3429 3996
4498 3496
6627 5542
1491 2854
4642 4830
6117 5025
5400 4353
6822 5702
2132 3324
4444 3428
488 410
4746 1853
5331 4292
7379 5997
6167 5636
7672 6484
365 12
4421 4730
5911 5561
5241 4187
3700 4209
195 190
5753 5449
7039 6207
428 2129
6771 5662
1889 3110
932 2481
1590 1130
1537 2886
754 561
3994 4454
4200 3208
1241 890
7281 6174
4274 3289
6900 5267
3434 4011
6864 6096
1497 1063
6744 5642
1672 2974
359 265
5059 3900
5482 4397
3597 2755
4139 3168
6979 5844
2614 1869
4269 3287
2728 3739
1665 1078
1198 2708
5889 1773
6173 5647
3893 2930
3684 4226
3182 279
7210 6291
7609 6523
1608 1079
7524 6393
3602 4109
269 290
3409 3997
4814 3695
4053 3094
6065 5002
2670 1864
4597 4807
3183 280
517 2128
2103 1480
3628 820
5213 5051
3416 2513
3995 3006
1647 1156
3407 2237
6644 5527
3036 2132
3552 4129
3955 1134
5810 5481
2727 3745
3658 794
6204 4139
2856 1977
764 553
4885 4955
893 671
791 2391
5891 3578
5323 2759
4519 1699
3948 4392
6322 5237
3774 2858
3268 2472
2237 1574
2032 3248
3283 2435
1759 1228
5631 5366
2933 59
6303 5179
3731 4250
3726 4247
3304 2438
1843 3074
3989 1167
3352 3917
2818 3807
5943 5584
1026 763
4612 1784
2730 1955
1405 873
7415 6073
2238 1601
3902 2915
1868 3116
3563 2548
5907 5522
4566 3618
6532 4666
4440 1651
6355 5247
1914 1341
2821 1952
680 2218
5986 1909
4724 3645
7731 6603
7549 6271
1660 1161
1307 2736
7355 6387
5514 4395
2220 1573
1723 1213
58 77
3508 713
6246 4219
668 385
2766 1892
2912 2050
1442 1021
7580 6435
3195 2329
1373 2772
4403 1600
5727 4660
7617 6530
1137 2691
3987 1200
910 679
5600 4521
4372 4695
5707 4647
6668 5994
5379 2826
4558 4781
3144 2235
228 13
2744 1921
219 168
2992 30
4042 3083
3688 4177
723 540
1803 1264
3797 4286
633 486
1766 1248
6418 5814
6599 5940
837 350
5638 4559
5747 4675
2858 3806
4104 3104
260 173
4001 1215
6727 5625
6410 5304
3216 2354
5130 2439
6812 5100
3338 2257
338 252
582 2137
3504 2645
6764 5031
2340 3478
6954 6158
2651 3679
5172 2529
3523 4066
1302 761
5330 5158
3869 2922
4377 4707
4754 3701
3968 1076
1544 2877
4210 4585
159 107
5969 5597
6028 4939
1425 979
3909 2945
3775 948
5667 5395
2737 3759
3622 4133
5470 4358
3647 836
6436 5815
4790 5593
2309 3453
6018 4926
3362 3992
5961 3661
2878 2010
4461 4738
4788 4913
5772 4702
6530 5438
1507 1023
6329 5756
6619 5971
2667 3632
1032 747
4083 1294
2634 3674
2370 3519
5370 2815
1309 929
4736 1893
4930 3905
5686 4624
3678 4204
6424 5326
5592 3132
6191 5101
3376 3939
1569 1109
3619 4159
3249 362
7468 6161
3720 4223
5949 5589
5290 4218
241 54
1445 1005
1784 1186
2312 1664
2778 1919
4581 4795
3476 601
6861 5750
2278 1614
4902 3903
7467 6340
123 106
3175 2316
7151 6030
972 4081
6869 5223
5378 4332
6484 5379
5215 4027
1314 4266
7041 6209
5457 2941
440 2057
4152 1358
7419 6082
2446 1701
7152 6031
3945 3003
4774 3706
5216 4028
5963 3648
3360 2272
1909 3131
6260 5714
4195 3231
306 216
2847 1985
5249 4172
1820 3065
5974 4872
4517 3499
820 407
4704 4889
3527 2463
2260 1563
2288 1603
1212 2689
7059 5907
6141 5061
3804 2875
7589 6447
6091 5020
6342 5776
5681 5410
7008 5413
3580 2697
4513 1692
7249 6137
3184 2307
3971 3013
5134 2495
842 2382
5892 3581
5427 5203
4141 4524
1103 791
1325 799
649 2209
2547 1813
941 716
988 433
3076 2166
1542 1081
594 423
4742 1916
1291 777
3574 4101
5536 4469
3660 2763
109 186
580 408
348 2067
4586 1768
2054 1434
6738 4956
235 260
523 2090
7495 6461
2100 1472
6952 5808
4836 1972
568 2180
4699 1865
4648 1808
6904 6121
7461 6329
6168 5657
5371 5182
4167 3178
1978 1383
4700 1866
955 2492
7623 6478
5344 5147
6497 4599
539 2061
2060 3270
6663 5985
3341 3941
3840 2914
2806 3797
5515 4396
5628 3197
6414 5805
7637 6491
3872 2955
7316 5890
6605 5946
2418 1725
7299 6358
4917 2176
5014 2322
5218 2612
7733 6606
947 691
4335 4662
314 2058
3944 1137
4709 3684
5444 5226
2867 2004
4161 4553
6184 4119
2427 3547
6014 4933
5941 5590
2129 3305
6891 6310
3255 2187
7236 6125
1027 2647
4383 1571
6057 3922
3421 4029
3640 2628
5724 5436
1968 1367
1094 2585
6881 6115
6344 4383
325 313
1331 2761
7755 6624
3950 1151
7136 6021
3414 578
7003 6185
3358 564
2396 1674
5786 5456
5630 5357
6440 6159
2140 1496
5447 4317
1498 2910
7648 6547
7654 6550
1455 2838
2176 1529
2816 3822
760 591
6586 5468
7037 5433
7649 6548
4020 3032
3557 729
4447 3474
4937 2206
5207 4174
3035 2133
5151 3952
7201 6288
3706 881
4701 4877
5842 5512
111 71
4046 4502
6639 5530
1701 1212
3738 4233
328 268
6208 5672
7544 6415
1722 1202
6122 5053
4771 4882
394 320
3669 2667
4989 3979
7566 6423
694 2200
2729 3731
1435 1012
4134 1334
6541 5447
3254 2458
1189 847
2633 1874
7192 6285
1394 983
2047 3259
4698 1867
4978 3950
4756 3710
923 2434
6981 5840
7286 6349
2889 2020
1709 1149
578 2119
1106 806
3692 4200
1395 984
7362 6238
862 681
2375 3526
2195 1556
4392 3398
98 47
4298 3303
2266 3435
3813 4301
378 310
6834 6069
5273 4237
6968 5342
6716 6266
855 2363
2168 1516
7040 5893
933 2480
7642 6499
2735 4883
5402 5195
1135 2597
6717 6267
5837 4739
3213 2349
3187 2298
5160 2537
1228 749
6157 4091
4532 3513
5319 4175
3117 281
3630 4130
7261 6143
1853 3114
3379 2514
7266 5827
3641 4158
494 404
3607 4138
5796 4735
4473 3488
7571 6506
2167 1543
7674 6567
5672 4603
1154 815
245 68
3880 4407
6577 5929
6137 4063
324 296
1138 818
5095 3932
6346 4349
2574 1769
4808 1961
2617 1832
7203 5692
6118 3999
541 375
2062 1438
3646 4142
1194 849
1454 4327
1477 1001
2236 1593
3856 4372
1003 628
3049 92
1487 2848
2815 1966
7670 6526
3620 2699
2785 1939
7191 6294
3952 1136
4697 3709
2506 1734
5757 5914
2928 0
2458 3573
2624 3668
2102 1473
1470 2834
4235 1421
2115 1481
5856 5529
4312 4640
1290 937
2357 3504
3161 235
3021 2098
6610 4746
3116 2286
360 254
1496 1036
3686 2710
3462 4005
2111 1479
6456 5352
3215 419
5603 4520
5295 4224
2471 1717
744 3964
2836 3823
659 227
2150 3339
5221 2608
2731 1954
4297 4635
2734 3768
6256 4249
5453 2918
1296 940
709 567
5322 4244
817 2323
978 704
6784 6036
40 76
7625 6482
2094 3299
5945 4860
7606 6469
6554 4688
7612 6474
5507 2995
5720 4652
5069 2455
6696 6011
6816 5119
4255 3273
6946 5809
3636 2778
6211 5679
7691 6571
7567 6307
3851 4337
259 70
6093 3967
879 2336
4207 3238
774 477
2443 1700
1271 887
4036 1251
4217 3243
3023 2190
3786 915
7093 5959
5149 5644
763 2304
3082 213
4613 4816
3698 4259
7331 5906
302 277
6820 6061
4477 3492
7024 5886
4633 4835
6994 5391
7178 6063
3483 4064
3078 214
7244 6134
5205 4115
2250 1559
4762 3730
3765 5193
6686 4790
657 521
7333 6371
4051 4482
1266 2705
3250 3891
3468 632
1911 3134
1653 2988
5965 5592
880 442
3277 2115
4340 1517
5094 2465
2849 1967
2673 1872
4818 1907
1130 766
2230 1567
3638 4190
3838 2846
3959 4435
6334 5757
6019 4923
1480 2842
2618 3637
6897 6112
748 546
623 468
5164 2521
4722 3681
5792 3430
4126 3164
903 594
5389 5189
4068 3092
7673 6480
554 2138
2071 1451
687 547
4996 2300
2120 3310
894 683
4213 1403
4640 1804
6970 5336
3173 2308
5962 4871
6513 5870
2844 3828
3282 2210
4232 1419
6591 5930
4396 1591
1754 1210
771 356
6653 5982
3663 2743
6701 6013
1415 2794
1240 2701
5374 2821
5875 4762
5044 2317
4632 4827
3589 2664
4367 4685
5419 4371
2495 3588
6345 5214
317 285
6943 5806
510 428
2086 3294
3773 4264
124 105
5158 4107
286 144
1799 1258
1751 1231
4069 1266
2672 1800
6667 5995
844 2422
4687 3711
1649 1060
4254 3275
6501 5400
6234 5154
6573 5454
615 324
776 2365
5597 5332
2825 3819
7247 6133
6814 5124
438 357
1729 2993
7655 6440
5849 5508
5111 4982
5916 4820
6848 6081
5538 3030
5259 2623
920 604
2480 1788
265 181
2817 3820
3891 4366
6523 5889
3337 2258
6598 5945
4832 3771
3432 2335
5527 5268
2800 1923
647 3925
6850 5192
3178 335
6223 5151
1232 774
5831 5498
3937 1123
3881 2929
4247 3258
901 2362
6476 4574
3510 2603
5785 5457
5775 4701
2255 3411
3084 130
2945 3863
1076 662
840 588
4150 4554
6949 5314
2089 1464
5277 5087
3553 2627
3493 2595
849 644
2519 3597
4782 3802
2413 1713
1966 1372
4657 3635
6754 5000
2804 1957
4347 1527
2057 1437
5350 5146
5925 3617
2024 1416
406 2096
2301 1628
4066 3066
1369 2800
5895 5564
3677 4205
614 2238
4871 3840
3339 2470
7194 5683
5339 2789
3165 2265
5764 3415
7190 6283
851 2327
5092 2443
6172 5637
4801 3720
7604 6467
3365 2494
6108 4023
1019 2512
4696 4880
5399 4352
2394 1704
2771 1917
3402 2544
5501 5263
526 132
3842 1020
5242 4212
6724 5611
7638 6494
6000 4940
5469 5246
6494 5392
4971 3949
2676 1823
501 337
6965 5341
6134 5050
2712 1845
4734 3726
2680 3655
1136 2640
334 301
4273 3288
1225 904
5442 2904
6488 5848
1210 2661
2963 2109
5407 5200
2776 3729
1518 1006
803 577
2435 3551
1618 1030
3137 229
1422 944
6911 5285
3906 1090
2733 3777
5185 2565
4850 3830
5745 4682
4338 4651
5633 5362
7065 5938
1707 2979
1908 3109
7416 6068
4962 3975
6553 4693
4881 4954
3529 2588
2329 1666
5166 5009
178 115
4148 3183
1708 2980
3494 2617
1100 839
6376 5277
6148 5639
6560 5920
248 242
3785 2865
3248 2407
848 621
4204 1398
1971 3199
5366 2723
5851 5517
6438 5816
530 57
6963 5335
1163 830
6945 5800
2959 2076
6487 5371
6874 6092
2915 2045
7214 5752
2005 3223
4685 1815
3596 762
5500 5262
4157 1355
2121 1486
2248 1610
5532 4439
2382 3531
5314 4276
3257 2419
7228 6107
1918 3154
5787 5465
7248 6127
1817 3053
6910 6126
1945 1345
5227 5071
3297 40
3176 2282
4870 3842
4825 3776
2929 24
2028 3249
7414 6072
7387 6272
1953 1351
6913 5299
1691 3024
168 123
6870 5218
7433 6302
2171 3362
5393 2841
6247 5083
1721 3029
4439 1650
3768 4263
5822 4752
3002 2143
3408 3990
7502 6477
99 46
1308 4280
3927 1103
6224 4203
5513 4434
5355 5170
6013 4934
6270 5184
3703 740
5401 4361
5234 4185
7086 4760
3342 2227
7372 6252
1942 1350
6235 5155
4024 3070
1355 2779
6152 5079
5083 4980
6986 5850
6684 6008
7347 6234
6290 4299
662 2159
2872 2033
46 89
7370 6404
5391 5180
4089 4503
7438 6128
1223 2673
5987 5607
3792 4287
1648 1155
685 2229
677 507
1407 928
4810 1888
3901 2901
6404 5298
4859 4945
5748 4678
3320 3885
7582 6441
1763 3021
3516 4039
3940 4381
3887 1050
2410 3542
3571 2467
1961 3189
1757 1222
1459 1044
1824 3068
3198 2344
3501 674
4115 3123
4466 3459
4712 3715
4179 1380
4777 3718
4079 4505
779 489
4062 1269
2499 3604
5819 5491
3160 2195
6445 5824
505 2410
592 481
693 503
2267 1575
6849 5748
1191 728
6938 5307
3368 3929
4135 1333
5678 5409
5054 2433
1839 1243
2313 3455
4388 3432
1347 2758
5104 4985
404 307
6029 4943
4719 3680
4458 1654
4707 4881
4389 3433
3423 555
4009 1206
2710 1857
4988 3980
4710 1875
2546 3616
7223 6100
6457 5837
2294 1594
2441 3562
7216 5753
3390 2507
2002 1395
4759 4875
6817 5718
5741 4689
231 21
6810 5108
2033 1424
1598 1129
5310 5120
1201 733
5548 1207
3105 2223
6474 5364
1388 2793
3438 4034
5584 4522
5481 5779
5742 4690
6403 5791
5524 4405
1851 1315
1662 2960
861 682
7564 6425
6181 4131
4561 1739
4927 2184
5534 5293
4636 4829
7448 6326
408 79
1476 2847
5197 4056
3559 2575
7652 6508
3980 4463
1359 964
6670 5992
2723 3704
552 113
6504 5864
5784 4694
3897 4385
1987 1394
7603 6471
6679 6002
6956 5823
7181 6067
3006 96
4907 2093
3491 2584
7602 6366
5098 2487
5601 3151
6990 5854
2282 3452
1658 2962
1587 1062
1199 753
6012 4936
1852 3090
5552 4474
6975 5351
349 2081
4487 4750
4848 1992
876 660
1085 665
6612 5954
766 2359
1128 2613
5248 4171
5691 5415
2461 1716
4308 3320
7006 6187
6145 5634
6519 5419
604 240
5487 2966
7562 6497
2280 4715
3615 2750
6386 5284
6103 5055
4280 1455
6538 5437
5428 5206
5836 5504
7432 6106
5518 4430
3096 257
1057 649
5985 4907
3882 2932
6728 4946
7663 6560
6735 4948
1696 1153
5664 5396
1446 4320
1515 1028
346 322
6828 5698
399 20
1825 3099
6809 5681
1178 657
3889 4354
2302 1648
1058 650
6002 4908
3915 4367
6102 5036
4203 1396
5358 4311
1613 2925
765 274
3188 3880
3073 2217
2957 5
1742 1218
5449 4387
5405 4284
6452 5833
1447 1002
5846 5516
5352 4242
3852 4328
3016 2197
1950 1366
1324 2766
3166 2134
3728 2827
7753 6626
3751 2824
636 2127
1546 1092
2214 3392
6516 5875
924 2464
740 2247
667 559
2299 3454
3783 4274
7675 6539
4166 3177
4819 3770
1741 1176
1818 1255
3548 2663
6273 4283
6662 5984
5312 5131
3627 2719
4120 1304
1013 2457
2371 3524
1819 1256
4500 3507
3162 282
2895 2027
7092 5961
5779 4720
6546 4686
5013 2321
1383 863
3760 2837
2372 3525
423 2077
2360 1684
7470 5830
6776 6038
3030 150
4165 1364
1011 710
1287 2692
7123 6245
6723 4905
3039 65
3534 668
3388 545
3471 2615
6636 5539
1638 1173
3942 1146
1888 1328
2571 3629
5957 5557
3777 2855
3012 169
5723 5435
5607 4538
331 267
746 2325
22 29
6860 5740
6351 5784
5143 2502
5471 4375
1229 866
4769 3713
827 443
3747 908
3509 5060
781 2301
1037 2518
3654 4150
1886 3142
4463 3512
3442 584
7254 5796
6912 5793
2449 3564
4025 4468
3032 2154
1717 1219
7263 6152
606 306
230 17
3656 5121
5173 2530
4316 3330
4951 3875
622 469
5021 2101
3713 2816
5206 4173
5806 4732
5062 4072
1343 930
1591 1018
514 363
4755 1927
6464 5355
1634 1157
6395 5302
7477 6448
1577 2909
7172 6049
1053 2569
2713 3689
1127 2602
4702 4857
2807 3796
1611 2965
5798 5473
2339 3490
7711 6564
5353 5726
6853 6077
4681 4863
2502 3593
7568 6429
4362 1544
4257 3276
4829 4932
2741 1895
5256 5107
393 305
7235 6117
4260 3281
5692 1476
7681 6496
3772 4265
5089 2445
3538 2657
4796 3774
1934 1339
5744 5445
4767 3780
4220 3244
4228 3252
3284 3874
4947 3904
6124 5041
663 2266
3052 2242
940 531
6309 6088
5612 4536
7643 6502
5614 4541
6116 5034
2564 1760
5385 5176
3569 2560
5728 3353
2545 1744
2177 1525
4826 3786
2263 3436
1046 2671
4380 3421
3099 2079
3477 4010
4438 3463
368 205
1594 1138
4761 3750
7144 6268
5572 4512
6388 5287
485 332
3522 2629
1351 864
712 516
433 3857
3606 4137
4192 1386
3135 2291
5641 5375
1702 1158
4614 3644
4180 1382
3398 2284
3225 416
6607 6224
244 67
3428 593
6136 4062
2141 3326
1921 3148
3303 3879
3604 764
5491 2975
4753 4885
6263 5712
5194 5091
4599 1774
3238 2377
6142 4995
4980 3948
3396 2204
1207 855
4662 3636
4903 3877
5269 5112
5874 5975
6264 5713
767 2368
1777 1201
4237 1425
3833 2903
1069 663
3694 2690
2623 3667
461 398
2376 3521
4011 3055
6433 4507
3177 2276
5315 2733
6623 4757
249 246
2529 3606
4571 1743
3164 336
4238 3254
7114 5532
4168 3180
3323 3968
845 479
1358 2775
2677 1820
4370 3399
2356 3503
4690 4851
6428 4506
3085 208
1960 3196
2540 3620
6793 5077
1326 924
2715 1844
1245 2678
1342 2762
2229 3379
5825 4733
2210 1566
2827 1958
525 133
6255 4248
1315 920
5635 4572
266 221
3459 637
3873 4356
2675 1824
4178 4563
4766 3781
3769 4262
7690 6569
5506 2994
1248 2684
3237 437
7431 6095
4286 3297
7274 5831
6715 5600
5117 3919
4275 3291
3770 939
5072 3906
6773 5643
3506 4055
5716 4653
7659 6553
4559 4783
1203 2637
2453 1732
5050 4061
6638 5541
1159 684
4476 3491
1688 1190
4446 4731
7499 6203
119 194
710 3930
5459 5225
6190 5037
2497 1799
5000 4031
6356 4417
5368 4312
5820 4737
7756 6625
7061 5918
3625 4132
952 2504
7233 5781
729 573
1713 3009
5018 4013
3623 4155
3929 1114
4545 4779
5230 2587
6821 5143
1609 4399
5475 4404
4504 3527
783 608
1192 727
2560 3625
5541 5292
7085 6231
452 339
1834 1295
3716 4213
2192 1547
5497 4379
4619 3592
255 26
6590 5479
4587 4792
3766 2833
2893 2037
2373 1661
3426 2232
4933 2131
316 209
1102 795
5142 2340
902 2397
4629 4819
2628 3671
5897 5565
5267 4123
4866 3838
2036 1428
1313 754
2258 3419
5332 4293
5917 5562
3280 444
1268 898
3500 705
1029 2499
4527 1715
2006 3226
2395 1705
7471 6168
7475 6348
540 2103
4703 3677
4082 1275
770 340
4656 3664
987 2416
6274 4217
7312 6199
7560 6420
4012 1233
1030 2500
1471 2844
3966 2996
5246 5153
5424 4376
5701 4637
6652 5981
6729 5622
5005 3995
5890 1770
3742 2768
3101 2092
6170 5668
6466 4556
3926 1104
5778 3404
7058 5903
6354 5248
1695 2987
2070 3283
6269 5185
4334 4664
2698 1837
4670 4859
960 4059
989 696
4401 4716
7221 6296
5102 3998
7125 6006
3532 664
181 134
3108 256
4817 1899
1916 3135
3374 4990
3592 2725
2935 31
4575 3612
3858 4345
3251 3890
182 135
5278 4246
5176 5040
7365 6401
7439 6320
6813 5123
467 2108
3239 400
6933 5300
243 64
5338 2783
4073 4497
1829 3078
5298 2735
2594 1835
4857 4911
6365 4427
1092 802
3514 2626
3293 366
1780 5822
2823 1941
5020 4012
4834 4901
7378 6265
7 11
1039 2573
1224 752
4318 3329
3643 833
4652 3653
1579 1085
7574 6509
5443 5216
5765 4721
5732 4673
6324 4335
6243 5694
1040 2574
7452 6433
5422 5202
3594 4116
482 3866
3152 2220
3455 2395
6475 4573
3918 1105
6374 5785
1238 2694
1637 1132
116 109
3621 2757
813 344
2223 1538
5905 4778
5499 2982
1932 1330
6490 4586
2709 1858
2518 3596
3060 100
5175 2509
204 141
2122 3313
7318 6202
3450 2432
6917 6323
7215 5754
3719 2823
688 2192
6758 5007
5263 4122
4450 1652
6695 4806
3269 3858
254 160
1869 3117
628 2250
4716 1905
7180 6040
2369 3515
3977 4436
1764 1191
4952 2203
2175 1539
2612 1779
2811 1924
7748 6609
550 2142
5821 4745
4747 1852
2615 1861
4197 3227
4628 4825
892 2390
5519 2998
7715 6536
3674 861
7240 6123
719 2320
4958 3962
1985 1388
4590 4799
5105 3927
660 228
1374 2773
6509 5407
4991 2275
6146 4083
2311 1665
2412 3537
6732 5623
7232 6308
2270 3442
4330 4661
3970 4460
4172 3190
3046 159
3787 985
7294 5869
7290 6181
2308 3440
4727 3721
3411 2315
1798 3044
6207 5126
7627 6537
7057 5905
3867 4350
1800 1261
3976 2969
465 2066
3671 2796
1095 780
1354 965
7087 4761
318 291
1272 888
3865 2843
2652 1794
4783 3742
5165 5005
7685 6541
571 275
5645 5374
3427 2552
4098 3087
5674 4605
6529 4677
3811 4308
160 108
6448 4529
5698 5422
743 2292
2295 1639
6550 5915
7053 5910
7070 5487
3672 4166
734 515
3761 2769
716 321
4406 3468
5285 2700
6160 5038
4770 3712
3540 700
3469 633
3932 2989
2942 2099
570 482
2225 3391
3204 3889
7375 6004
656 369
4391 3407
6147 5638
4512 1693
2052 3262
2748 3772
4223 1412
2508 3591
5068 2447
917 2381
2046 3257
6183 5648
5265 4169
5975 5605
625 146
2632 1792
7481 6451
1992 3212
3230 3957
769 2267
839 391
5116 4968
7198 5715
3561 5109
4093 3113
2793 3813
1211 726
120 98
6839 5710
6661 5986
2663 3676
6070 3946
7482 6452
3843 1019
548 426
5128 4983
2169 3361
3789 967
4208 4575
1550 2891
1944 1344
1767 1241
6871 5220
756 2260
5226 5070
3829 2809
3466 595
131 206
7082 5948
4677 4813
1406 990
6437 5318
6613 5514
2767 1891
4375 4696
6399 5312
5989 4879
2143 3315
4564 1741
167 122
6507 5866
52 39
6706 6018
4516 3518
3370 2280
2853 1989
1216 2712
4196 3232
5187 2540
7119 6242
6682 6007
4713 4873
1004 2682
5915 5568
5452 2912
4117 3119
4708 3685
3616 4143
7133 5563
2638 1863
4726 4884
6470 5372
3570 2559
4721 3698
4343 1518
1726 2992
1330 2737
1871 1297
5776 4698
4193 3209
2609 1828
2900 2036
6375 4453
3969 2968
877 2345
2061 1436
3951 1160
5015 3859
3847 2871
1156 845
4584 1762
1941 3171
2211 1557
2477 4770
74 101
1875 3112
434 3856
4775 4904
643 399
1190 2653
5568 5316
2577 1772
591 2082
4480 3501
6868 6113
5016 2342
1499 2913
4399 3417
4289 1467
1332 851
4807 4927
3393 574
7184 5700
702 562
5972 5602
6219 2558
3345 487
7667 6565
5317 5127
7256 6147
7743 6616
4427 4728
1641 1112
5797 5474
1727 3028
943 702
2014 1404
3271 4984
2972 2105
7486 6456
983 510
6588 5478
4993 4959
7320 6204
6382 5295
1513 2888
5023 5024
1384 923
652 372
2904 2028
3818 4305
6473 5363
5403 5190
6955 6157
4465 3467
5275 4152
4649 3659
4624 4823
6015 4929
2899 3839
3147 2233
5445 5227
6772 5665
6531 4669
2985 44
7751 6615
4114 4515
5341 5721
5252 5689
5100 4965
5003 5018
4182 4565
7301 6191
3148 2234
6187 5661
6405 5297
448 377
4763 3725
593 200
5511 4456
1664 1168
3983 3010
6498 5398
3517 2601
5114 4008
326 314
2268 3441
4209 3240
1551 1080
7518 6384
1226 905
6209 5133
5311 2744
7004 6186
3502 673
3519 703
2077 3290
6467 5368
339 225
1175 714
6011 4935
4630 4812
2820 1940
736 2256
5198 4153
2483 4768
895 425
4413 3447
6166 4102
5639 3217
915 2415
3445 2379
3224 2146
6829 5735
7445 6135
7435 6316
3490 4068
3530 4047
4875 2026
4108 3140
5827 5496
3492 625
2708 3703
1898 1271
2639 1842
1878 3137
1075 614
1412 972
3549 4084
3157 309
4016 3027
1772 1194
7726 6599
977 697
4884 3853
6835 5724
928 688
132 243
6525 5431
1997 3215
215 149
1116 832
1740 1235
6175 5049
5794 5471
6041 4953
6331 5241
2184 3363
7117 5531
7164 5656
2854 4915
2059 4604
3150 2251
6138 4970
6769 5654
1951 1368
6289 5730
3124 2261
1841 1303
4430 4729
2146 3336
5918 3652
6292 5168
7217 6097
1267 2742
2397 3541
6366 5783
3299 462
6316 4336
7543 6417
4368 4687
3806 4289
4398 3422
6455 5354
5036 3899
713 3944
6950 5813
7088 5950
3054 210
2045 3261
2799 1936
2898 2042
7693 6574
2852 1988
2119 3314
3883 4374
5210 5062
3154 276
4310 3338
4920 3882
5240 4186
2837 1996
3542 2632
4950 3864
3916 1089
6522 6196
6272 4282
7615 6529
4365 3402
1428 4313
3798 4291
4667 4836
3544 2639
4673 4842
2463 3567
1559 2881
2789 1911
4256 3280
6707 6258
6347 5261
7016 5878
2322 1626
1959 3181
4751 1840
2501 4782
103 192
3126 245
6477 5845
6502 5404
6988 5856
5483 4402
1084 738
4149 1359
1416 971
956 719
4076 3111
2323 1657
6177 4065
7226 6304
3846 4341
3662 2553
7586 6513
5505 4419
6589 4742
2128 1487
4000 3035
7238 6130
2833 1948
2420 1690
542 376
252 88
5576 3089
5861 5526
826 2346
5658 5388
2183 1534
4835 4900
5239 4221
5866 3543
455 86
1364 941
2648 1795
7661 6558
3347 563
3653 4149
4890 4957
6393 4475
2274 1582
4423 3431
3235 447
2112 3304
974 2469
2631 3649
6314 5745
6010 5624
1402 2799
1180 2728
4773 3724
7218 6089
2133 3322
4664 4848
7476 6446
757 329
4615 1789
1673 2967
1265 2686
6001 5619
1312 755
838 374
5947 5588
6493 4597
3349 504
5495 2985
4668 3650
4478 1676
3874 5266
6700 4809
6785 6037
1489 2857
5946 4861
1134 2583
6826 5096
7522 6488
4997 4009
4760 3741
6862 5215
5233 5717
6328 5204
3507 2488
4669 3651
5770 5459
7031 6197
3762 4257
3062 2072
6205 5677
7278 6346
6600 5493
7488 6356
999 634
5690 3295
6196 5085
7222 5747
2740 1894
6078 3958
3990 1175
2848 3790
6420 5308
151 230
605 2183
3024 2110
3591 2726
5413 4326
2284 1597
6622 5501
1166 2704
4169 3192
3435 4038
118 191
1970 1387
1745 1188
6367 5283
152 231
7630 6389
1948 3172
5843 5480
2438 3554
2814 2006
3295 2374
2017 1397
5613 4540
2661 3683
4094 3125
1858 1307
4170 3193
7096 5974
73 66
555 2186
6228 6060
6465 5838
6500 5401
6021 5627
2830 1946
3815 2806
7705 6583
1621 2924
1806 3056
6578 5931
385 55
367 204
5637 4561
4425 3456
3489 4163
6993 6182
2399 3533
6047 4963
2831 1947
4090 4525
5451 5245
6020 4924
1879 3138
1243 2668
5898 3586
3440 2424
6321 5211
5429 5208
1041 548
2646 1846
6486 4579
1479 935
3637 2589
3367 4993
3301 456
148 165
5063 2420
6226 5161
6944 5799
6133 4022
55 49
5478 4406
2697 1922
3675 2777
6164 5650
2334 3484
7402 6056
7376 6010
1381 989
5801 3466
6882 5249
1619 1057
5351 2785
4596 1776
7483 6350
5888 4769
372 284
3294 2310
2693 3615
6699 5560
7411 6070
3814 4300
7067 6219
6921 6141
1644 2948
5163 5043
2256 1596
3285 3873
303 2
518 2171
4589 4800
5751 3388
277 255
6200 5671
3260 3894
5153 4104
7519 6382
5147 5641
3809 2874
6693 5582
6030 6034
5835 3509
4107 1320
5266 2675
3879 2921
3253 403
6648 5979
1876 1291
616 325
5714 4648
7401 6287
3704 2713
6417 5305
5739 3381
4994 4986
3433 2334
1054 638
5154 2532
2770 1918
7220 6295
4266 3286
5763 5461
3609 758
5931 4794
3803 977
276 188
6242 5164
7326 6369
3397 3988
5106 4981
5621 4548
1526 1067
1000 2431
1694 4472
5219 2576
414 2338
7658 6552
6294 5187
2285 3461
4530 3579
913 484
5006 4032
3682 2594
6251 5173
4354 3355
1629 2947
3778 954
1129 677
696 2173
6846 5163
1273 779
7407 6058
5608 4539
4999 4030
3862 2935
7108 5956
6567 5926
3941 4390
4039 4479
7262 5804
4508 3548
4348 1528
5923 3613
3457 2561
3649 2753
7049 5444
854 600
5886 5552
2038 1422
2377 3520
2874 3835
5395 4316
7305 6362
2317 1660
7202 5719
2724 3696
1981 3206
5492 5256
673 2208
847 622
2114 3307
201 212
1661 2959
2751 3697
