1378 1514
2445 2535
6938 667
3421 1319
6122 2162
5345 2186
1850 1703
763 67
6292 2734
3881 593
3474 174
767 150
7606 3212
2136 849
2054 822
6103 1434
7291 3056
833 166
5993 2636
1158 320
4773 1064
6591 2478
5216 2092
6059 171
2004 1770
5389 2241
2638 2005
4903 120
5506 640
2349 928
4079 1698
3915 2284
6966 3189
5290 396
4387 2482
4673 2007
4726 2621
4788 2974
7462 3317
2053 1787
6242 447
4178 2408
680 20
1077 207
1707 1649
2511 1963
5638 2837
7139 3121
1708 1650
3688 2167
2694 2040
2519 1947
1566 518
2501 2546
5943 2619
7065 3086
877 39
4278 2438
7660 3363
4456 877
3282 52
4077 1695
5167 2096
1244 1488
5873 3229
3698 1528
988 124
5402 2740
6635 2923
2500 1966
3581 1361
3718 1512
2400 1915
5913 2950
6351 2785
1592 549
5464 2274
1613 1610
4890 2059
6432 2377
4428 1881
781 1272
5428 2750
649 18
1614 1611
5667 2852
5657 3055
2121 837
5612 719
6168 2655
3870 1575
2458 1944
6213 2125
7509 3304
4168 2404
5350 2712
1169 1478
3825 2280
7408 3145
756 1241
5136 326
949 159
7227 2775
4498 925
718 1231
2133 886
1918 726
2797 1193
5213 2091
5195 2660
4072 1685
6777 2976
7665 3369
6575 2472
3672 1417
6222 1523
3616 1424
6661 2943
6525 2872
3568 1351
4610 2951
6608 3105
7305 3206
5765 2485
3973 1631
5354 2709
4589 1987
6869 1596
6864 3162
663 80
2065 2433
7407 2698
3716 2178
6549 3073
3882 595
7705 3380
2170 913
4696 2630
4636 2580
7210 3252
1238 2214
4186 2410
2724 1084
7604 3211
6839 2992
2142 870
2814 1222
3607 2157
6148 2647
5988 2010
6308 2738
777 143
1806 1681
5274 2680
5637 2407
6200 2975
6305 1587
1079 292
1439 485
6106 237
5715 1814
4550 1037
5944 2574
1105 1466
4050 2808
4193 779
1259 379
2120 1816
3845 2272
7220 3155
3475 173
1761 632
5191 2115
4219 1773
5941 2637
3305 44
2057 823
3350 1237
1698 1647
6847 2744
5225 439
2739 2032
1795 671
2031 1782
5092 310
5895 2949
5492 2302
7582 3191
2734 2051
6247 2122
2370 1005
7381 3249
3586 2123
5770 2892
5381 2220
1890 1716
2738 2041
7296 3321
6944 2798
6357 615
6557 2897
4642 2576
1593 1614
852 149
6346 2292
3999 2342
7484 3286
1960 763
4167 1752
2473 2543
4388 1860
5781 882
5067 294
2737 2047
4630 1048
2727 1180
3730 2187
1479 486
726 17
4285 2437
7362 2525
6653 3116
2369 1001
1308 434
3599 1430
5588 1694
7662 3365
3797 2233
1537 536
5568 2361
4993 1230
6455 2395
5355 2219
6464 2401
1975 1759
6374 3019
4159 1747
5261 1370
2383 1905
866 140
3941 2305
6289 2715
2404 1865
6518 2874
7060 3077
5185 393
5129 2085
2362 1008
6684 3240
6726 2613
3407 1235
4687 1160
7405 3144
1971 774
6706 2967
1008 1347
7402 2990
1606 1604
1486 505
5254 2673
2146 1826
2528 1078
1361 2221
3439 1368
1849 699
2187 866
5226 2111
2641 2603
6210 2656
4518 1022
6142 1277
6223 1522
2282 972
5388 2729
3542 430
6176 2654
1176 429
6422 2804
4670 2628
6109 261
4105 2380
5347 2708
5344 2185
4380 1857
517 1227
6460 3196
5827 2918
7478 3284
1347 368
788 58
918 1275
5705 2882
2806 2050
5309 2697
6891 3259
7214 2269
1078 309
5857 1956
5138 2078
3677 1469
865 134
5581 2365
3313 1289
6745 2134
3678 1470
5183 2666
3389 351
5603 2388
1909 1724
5242 1527
2334 979
5949 2625
6870 1592
3897 2325
7726 3386
6243 2982
2139 860
7600 3324
1129 333
3818 2252
2399 1914
958 1367
3739 2189
6528 2457
5277 2676
6443 3032
5403 2228
2623 2004
3930 2316
4587 2536
5695 2875
2339 1898
1835 1693
1591 541
5677 2428
4582 2561
930 196
944 244
926 1373
3679 349
6353 2303
7457 3273
3875 1580
6986 2405
3705 436
2518 1946
4277 2436
7654 3362
4295 2444
5862 2926
5803 2907
6474 2833
1117 283
5536 664
5062 284
5719 2446
4382 1872
4274 817
1216 388
2554 1038
7487 3050
2801 2060
6309 2998
5811 2495
4025 2349
6283 2988
4454 1010
4758 2633
3411 1299
674 106
5934 3135
2495 1056
4800 2641
5579 705
1013 1332
1668 605
1342 384
5882 1057
1961 1755
2541 1088
7674 3375
1081 1411
6873 3159
4707 2622
2812 1203
3524 1420
6713 2957
1948 1750
5481 3181
5338 497
4856 1999
4267 1794
6173 2648
5437 584
605 8
4310 1833
3731 2206
3594 2127
3531 2132
6335 3010
1624 1616
3700 2183
5796 1879
1665 1634
5245 2674
3549 1330
6211 2672
1678 617
1628 1619
7028 3213
3242 1262
3889 2277
3323 1273
2508 1933
2316 1890
7031 3066
7365 3245
5514 2309
3939 613
1148 317
5788 899
6146 299
2514 1974
1153 2172
3256 1265
2427 1025
3948 2304
4330 2466
6273 1557
1843 1690
4997 252
3314 2080
5493 1635
6578 3091
6331 2314
3458 1371
1779 658
3409 2098
5359 2212
1577 550
2605 1995
2825 2062
1175 346
555 36
7433 3167
4200 1765
3506 2106
5553 2351
805 185
5412 2239
4357 1847
1038 233
1729 622
6488 2838
7343 3094
1082 1412
7056 2881
7224 1584
5966 2962
5979 2971
1867 703
6092 204
6435 2806
1060 285
3523 1305
1787 1671
2189 891
4858 1136
7531 1941
1663 594
740 1242
2482 1949
3876 1572
1820 688
5713 2456
4941 1233
3384 1323
4958 187
5833 2537
7196 3142
1457 480
1674 604
3687 2166
7460 3318
5348 2710
1355 412
1610 2318
3650 1486
7419 2243
3379 335
1401 2250
5174 357
1839 690
6453 1720
6652 3115
6487 2840
5494 2299
4597 2578
5322 445
6339 3171
2783 1984
3490 2119
2371 1912
1050 1413
5879 1063
6430 2805
2002 780
1135 282
6249 459
6535 2887
2628 2008
5915 2557
6362 2772
6428 1701
6813 1507
3641 1427
6566 3083
915 139
6134 232
4161 2402
948 1326
2225 901
1331 391
7018 2855
4089 1696
7515 3332
1072 223
614 59
3682 1435
3341 2071
5886 2941
7312 2870
750 1256
2061 828
3267 324
7516 3333
5423 1546
5176 2100
7447 2788
6465 2827
331 208
4446 1863
1934 743
6618 2932
1277 1471
7044 2880
819 1286
4334 2468
6570 917
5112 2084
1039 305
2490 1932
7469 3035
7071 2920
3762 2208
6659 2590
7544 3126
6547 2891
5443 2268
4401 1868
6842 2227
2238 944
6216 1400
3834 2261
5798 2491
5165 2077
1886 720
5525 2311
3853 2259
2309 934
7336 3300
2502 1059
7231 3260
1852 1706
1075 302
6593 2479
5622 2822
4080 2369
4368 908
2060 829
1094 1450
3662 213
6982 3048
6504 3060
4694 1126
5551 1659
4563 2553
7663 3366
5212 2079
1019 1394
5600 707
6758 191
5621 1739
1911 1726
5724 2463
2340 949
3204 1244
751 50
1621 551
2150 887
6598 3100
933 1389
5101 1338
1570 1595
3814 2235
6509 797
3738 2188
7543 3242
7123 2942
3715 2179
6548 3074
6791 1464
2515 1067
6979 2400
5501 2320
972 1324
5597 2378
3424 1310
6031 1192
5036 38
2838 1174
5502 2321
4086 2373
5574 2815
1865 1719
1763 659
3673 1418
6597 3095
7675 3106
3646 2146
1791 1675
1940 744
2642 2009
6934 3022
5802 2906
2013 796
5180 382
4590 1988
6731 1189
2637 2013
1945 750
4273 816
6710 3138
3377 1258
1073 271
6768 2113
7221 3156
7566 3257
3744 1525
5273 453
6325 2741
5500 2780
4406 970
4559 2544
1037 218
6392 3025
778 144
5617 1731
1266 359
2194 894
6866 3157
1673 1636
1984 1761
6600 2510
5733 1839
6358 3013
7354 3307
1949 2403
4335 1842
4051 2809
6954 3033
4693 2597
714 94
5311 481
7598 3350
5305 2152
6334 3009
1083 288
2259 943
2165 880
1649 590
6229 2685
3462 2082
6090 235
817 42
6550 3076
3483 1336
7298 3289
5444 2287
5404 2229
6903 3173
5678 2863
4505 1873
6693 2604
1480 1556
3434 1287
5312 2711
4172 758
2858 1125
6010 2607
7351 3230
5971 2643
6248 2701
5401 548
2818 1210
4508 1923
5970 2966
7650 3258
6523 3068
1127 1455
4098 700
4421 2500
2513 1973
4753 2589
1784 656
7297 3322
4664 2591
6000 2605
7165 1387
5375 2994
7382 3139
6849 2265
3768 2216
1817 1676
6366 2782
4775 2638
7456 2802
6437 2814
3574 2121
7431 2244
2631 1075
3692 2182
1249 1500
6657 2929
5849 2531
629 63
968 110
2264 953
6691 3248
5267 257
2263 2488
2269 933
5935 2960
5034 272
5099 1278
5304 2159
6648 3113
3478 2112
5197 1363
6170 2662
2104 855
923 162
5541 2792
798 71
2578 1991
959 242
4349 2476
4690 2568
6772 2124
4986 243
2034 811
7097 2504
6861 2749
3867 2281
5360 2211
4164 1751
6065 1380
7565 3012
3852 2260
6715 2037
1221 1487
4632 2581
3430 1243
5885 2939
4142 2392
3598 1396
4190 768
3526 1383
5239 448
5087 1259
4131 2386
1362 2222
1910 721
6981 3049
6571 2895
3511 1375
4731 1082
2141 1825
1446 1545
3975 1628
4473 929
2442 1937
6452 2389
1992 1766
3995 646
879 1255
4040 1673
6998 3057
7519 3085
6359 2789
6377 1640
6410 1668
1389 1535
2733 2057
6516 2868
6026 2024
4365 2473
6994 1763
7326 3070
5295 1519
5252 2978
1541 532
6724 2606
6579 3092
2280 1883
385 29
6589 1867
6282 2192
7442 3267
2633 1156
6968 1709
5080 2653
976 169
4027 1662
6310 2736
6558 1836
6816 366
4657 1016
2285 1878
2803 2056
7199 2979
6093 205
1258 375
5018 240
3438 1311
1267 415
1565 1601
1463 1554
1245 1489
5179 383
4075 701
3994 2347
3815 478
5371 2234
3188 1236
4198 2844
4448 2498
1550 1597
1280 1492
2364 1894
7586 3344
2708 1159
1514 516
2728 1175
7144 3136
3758 2231
6567 3082
6165 2652
637 16
5861 2542
931 197
1049 1404
5633 2832
1246 344
1325 409
6725 2618
2345 1906
7003 3203
3362 1295
3665 1409
1224 405
7004 3204
6077 1315
5356 2218
2690 2020
1162 1461
6619 3107
7248 3178
1090 300
1040 304
3619 1442
7347 3102
5570 696
2449 1051
6303 2737
5107 238
4557 1962
7712 3370
7605 3328
6299 1549
3455 1350
4438 900
5723 2462
6407 2791
6160 1359
826 76
3769 2215
1576 546
2380 1907
4379 2481
4779 2644
3966 638
3807 3006
5758 2894
2807 2048
7288 3201
6001 2594
7080 3097
2395 955
7164 2133
5599 3040
3383 43
2441 1931
7646 3358
4767 2016
2062 827
2313 938
2032 1784
1671 608
5975 2972
5270 348
6471 746
3983 655
3890 1573
6513 3063
6515 3064
938 118
5816 2475
2651 2018
5534 2344
1358 1516
871 1306
5810 2496
1732 645
4463 1899
987 1303
7752 3389
3552 1432
1134 258
2570 1976
5263 1423
5439 1588
1455 1566
5045 2076
7627 3354
2052 1788
2765 1112
6850 1560
2174 893
5664 1780
1247 345
4504 968
3977 1656
4087 2372
6897 3263
4095 1702
1330 1495
6319 1599
6147 2646
7579 3316
625 3
6577 2896
7006 3205
4226 2421
6647 3114
842 1312
5258 2153
2663 1134
1644 1618
5318 446
4576 1979
4063 1684
6972 1714
4553 1957
6862 1591
6510 1771
5182 372
491 19
6268 2721
6696 3130
4692 2596
5926 2014
2731 1200
3583 297
6445 3034
2547 1086
1485 1567
3813 1520
5819 2911
5631 2831
2497 1077
3445 147
1170 1479
3823 2251
4897 114
5826 2522
6682 3129
6300 2732
4143 731
6329 2751
4222 2418
1047 1393
4713 2006
4799 2645
6425 2799
1762 1660
7601 3065
2594 1114
6184 330
6519 2864
2624 2000
1730 661
428 1250
757 112
1567 2290
3271 1234
4522 2532
1313 347
1695 1655
6281 2193
4749 2042
2792 2066
5407 2249
6588 1870
1959 766
4375 1856
1444 484
2043 820
6559 3080
2540 1089
6764 222
2070 832
812 75
7085 3305
2794 1119
4227 2422
4795 2054
3795 428
2372 1913
6599 2914
6836 1524
7183 3147
4624 2586
7731 3390
5422 2746
4780 2642
4176 2836
4545 2549
2186 876
2328 1893
1068 314
6714 2970
1433 468
3732 2723
7075 3223
4311 2460
6860 3000
4210 1767
2874 1191
3603 2135
1517 520
5630 2829
2615 1163
6375 647
3306 1271
855 1285
5679 2862
2046 1785
1838 2374
5081 1313
3402 376
6834 3152
5317 2168
2357 1901
6217 406
804 1334
4338 857
907 1344
5447 479
7693 3376
2385 2509
1921 1733
3622 2137
7254 2348
3829 1543
961 66
1829 693
1842 1688
2802 2058
769 1254
5511 649
6420 1670
7061 2465
6304 2997
6503 791
4485 1910
5335 2195
2377 1904
4592 2562
6316 530
6824 2984
7625 3219
6438 2816
6314 3002
4182 1756
7104 3108
6607 3224
743 61
7503 3299
1228 1517
3589 438
5025 269
7008 1777
2086 843
922 1270
6914 3180
3651 301
3435 1342
4114 1712
6649 3110
2617 1076
4681 2043
1889 714
4633 2588
5166 2081
5569 2362
6613 2925
856 1309
5822 2501
929 1349
5598 2820
4697 1092
5385 2730
6654 2545
685 31
5965 2953
5194 1449
5264 338
2116 865
5246 1521
7710 3351
1981 776
2191 881
1434 1551
6192 2147
1543 1589
2266 1882
5319 1453
371 24
5987 2634
4418 1866
3972 1624
3606 2158
4166 752
5168 2095
4239 2424
1629 1623
5985 2582
4301 2447
1203 1447
5874 3228
6207 381
3710 442
755 2069
5947 2626
3408 2089
6993 3202
6848 3003
3711 443
3605 1403
2645 1080
4281 1802
6328 2754
7455 2801
984 152
4331 915
2571 1101
5805 2513
6457 2823
2477 1930
7033 3214
5229 2191
5427 2748
5832 2511
458 23
6615 2494
3630 2128
7378 3251
4628 2946
1776 2353
1324 402
5636 2835
5795 2490
5694 2873
3420 2072
4811 1178
6727 2017
2460 1943
6679 3123
2793 2065
5942 2965
7249 2786
2169 1827
7370 3311
5674 2427
1178 1436
6259 1463
6840 1541
5701 2867
6973 3039
2082 844
770 128
5287 2138
7681 3255
5972 2973
5310 2704
6734 1212
7564 3174
4249 2425
4320 1835
6271 2718
2089 1804
5021 25
5475 589
6701 3134
7289 3200
2730 1202
5794 2492
7064 3078
7299 3290
7124 3235
4558 2539
7335 3301
5276 364
1252 418
2423 991
7132 3250
7125 2569
4209 778
7366 3308
3560 1381
7609 3325
6904 3175
2410 1921
5429 2759
4534 1940
6264 2695
902 1301
1912 723
2017 799
7191 2724
418 28
2251 2483
2406 1916
1212 373
3623 2173
2018 800
6318 2999
3482 1307
6418 2817
4543 1023
1053 286
5856 2934
4430 1885
2252 1862
7612 3296
6817 2210
5512 648
6187 2649
1491 1570
818 1267
4427 1887
5734 1830
6402 3026
2462 1948
3231 1248
4526 1951
7522 3334
1470 1553
7334 3303
2132 1832
7137 3140
5026 268
5567 2358
6266 2177
6932 3021
6977 3194
766 1343
5647 1760
3496 1391
6280 2705
5884 2550
7264 3186
1248 1491
3793 2236
3772 2213
5658 1772
3820 2254
7377 3310
6164 2651
2164 863
5666 2850
5523 1652
1428 2257
2732 2023
6205 2663
6451 3042
1609 2317
6814 1508
3652 437
5730 861
775 1322
1159 321
7648 3359
5815 2508
4367 903
6276 2714
6670 3120
7404 3143
3527 1384
7649 3360
1465 1561
2074 836
1161 1460
6829 2245
6030 2964
5507 641
5125 2074
5691 2441
1281 1490
1200 365
3947 2301
5253 2980
5059 2073
6949 679
5279 469
4614 1965
4689 2611
736 26
6675 2933
7233 2330
4432 1861
5754 1853
773 161
5851 2930
7385 2571
3618 1419
2051 1789
5396 1562
6414 2354
5227 2110
4702 1978
4924 193
5459 2769
2224 905
1202 1448
2112 856
3945 650
650 69
4766 2022
4499 2523
2736 1195
6076 1316
1211 353
6473 2834
6491 3053
7361 3111
2356 1900
5341 2699
1599 565
4461 2502
1223 334
1233 328
3479 1328
7256 3030
5391 2733
5503 2776
1210 322
2167 1848
1953 757
939 1372
3726 2209
5471 2312
6594 2901
7084 3098
5698 2877
5842 2924
3451 1281
7690 3355
2480 1959
2253 945
4486 1922
4372 1858
5632 751
4073 1686
2254 946
7126 3247
741 1252
6744 1358
973 131
3819 2258
4691 2592
5058 1268
4297 2448
6853 3153
2066 2434
7734 3394
4327 2467
4130 1713
6992 769
2854 1183
5461 2765
6203 386
853 176
3433 93
7707 3381
4581 2559
2344 1888
3419 2075
6321 1574
4606 1069
6450 3041
4257 802
4141 2393
3363 1294
5499 636
5763 2898
1064 1386
492 55
6209 395
2536 1981
1711 1651
4081 1697
1801 675
7246 3177
6838 2983
1390 465
1146 1437
7411 2203
3625 1378
5533 2787
6843 2225
6272 1558
6709 3137
1240 371
3773 1499
1775 2352
2438 1017
3551 1348
2270 1874
406 14
1962 762
3626 1472
5950 2612
1669 630
1314 2223
4369 2477
962 251
1487 491
2268 1877
813 91
6663 3117
6311 3004
3224 34
7571 3266
3432 95
5516 2328
7245 3017
4682 2624
2640 2602
5899 2552
4173 759
4891 96
6238 2160
3587 2136
5653 1762
5024 239
3697 1529
672 79
3765 2247
3512 1379
5578 1710
1941 747
5883 2551
5297 2681
4199 2411
4039 1672
3792 2237
2817 2068
5117 1229
4613 2579
3676 308
3370 72
1123 306
3656 2694
4269 818
6917 3270
789 132
2560 2558
901 1266
3858 2279
7517 3093
4181 2409
7358 3233
908 1376
1798 673
1986 2412
5343 2176
3824 2248
3295 234
6306 1586
6278 1568
1190 1480
2509 1945
2661 2026
4212 2416
3571 135
1243 1475
5726 1818
417 27
6462 2828
6101 212
3575 1377
7039 3217
4635 2593
7599 3327
1568 2291
6796 2677
6872 1600
1658 597
7234 2331
2735 2632
5930 2948
1369 467
4459 1889
1197 392
6754 181
7333 3302
2005 1768
5413 506
3798 1518
5573 2813
7364 3309
4022 1661
6556 2480
2006 1769
1166 417
863 70
5718 1813
905 199
5515 2310
7310 3208
6118 1398
5710 1821
5527 2781
1136 342
5714 845
4989 203
5353 2707
4637 2620
2503 1045
