3064 2849
2675 2488
4870 5809
6028 5806
3803 3623
1886 3934
4409 2185
5942 6489
6896 7042
6613 6401
2100 1988
3094 2779
4470 4271
3918 1474
4373 4188
6753 6551
4406 5561
4090 3900
6946 6724
2423 2299
5095 5899
1035 3338
343 2836
4464 2233
3179 2973
5140 4933
1196 1011
1024 938
5088 4889
2923 2724
1979 1867
1036 975
3278 3058
2640 4465
3353 3053
3598 3372
576 473
679 679
3431 4920
7425 7227
7652 7441
4883 4673
5277 4996
7433 7232
2320 2199
7082 6878
5490 3740
6439 6231
6371 5264
2639 2464
4193 3999
1149 1124
6909 7053
5565 6206
2869 2652
4257 4062
5988 6510
7462 7255
417 2934
557 3044
7375 6928
4885 4681
4618 4455
7407 7211
6575 6363
3023 2852
4113 3927
7593 7280
1322 1265
2184 2081
3284 4796
339 283
908 731
6808 6608
586 553
697 3089
741 3121
6787 6589
7098 6424
5584 5359
1353 1275
5109 4912
2190 2095
6494 6282
7009 6794
39 51
3078 210
275 228
3473 3345
834 776
6233 6628
4202 4012
2129 4095
4671 4451
3232 3086
4346 4138
3859 3657
3039 2818
1801 1665
3729 5124
6698 6475
155 190
7147 6954
4777 4569
2014 1896
2917 2719
704 675
1807 1700
159 132
6158 5943
6589 6379
6400 6187
3994 3796
1816 1708
7083 6879
7275 6753
6741 6536
779 667
7643 7433
6519 6307
1161 1000
138 2741
5537 5308
5862 5650
4169 3983
162 16
719 527
6871 6098
3804 3626
7016 6802
6471 6261
3496 3284
109 136
606 466
5154 4955
4103 3912
2353 2235
4968 5830
3608 3461
5302 6021
3273 3137
814 767
7665 7499
7058 6843
622 578
4458 2228
1404 1329
4831 4637
6252 5047
3488 3286
3191 2827
2141 2036
6924 6175
3593 3365
6168 6580
7713 7504
763 3156
2477 4367
2288 2165
6377 6156
7299 7285
5720 5502
5917 6466
5425 5168
564 507
6015 5795
5004 4786
1784 1640
4776 4600
3270 3100
1698 3789
4025 3823
5460 5223
3303 3001
7523 7320
4330 5496
261 281
22 27
1424 1348
5910 4429
4573 2354
5232 4977
5266 5054
5314 5092
5234 5006
2661 2511
2287 2168
3109 2931
6388 6166
5213 5959
340 2867
5978 5737
2015 1899
3738 3521
2919 2722
4555 4394
3384 4907
5536 5305
6325 6095
7501 7299
6237 6016
3681 3527
3613 3456
7116 6905
6110 5840
3044 2861
6206 5988
7442 7240
6881 7037
2994 2747
3946 3725
3250 2970
6393 6188
3806 5157
3933 3756
1620 1513
1734 1631
2867 2677
1493 1362
7527 7329
1721 1598
3985 3804
3612 3472
3112 2752
693 634
5551 5311
6094 5814
5070 5861
1425 3636
910 864
3647 1070
5560 5322
5142 3105
4708 4518
7217 7020
5918 5692
1476 1339
4429 2202
4840 4634
5441 5203
2402 2247
3283 3146
3435 3173
296 268
3907 3717
1628 3741
4729 4515
3818 5165
554 327
4509 4333
574 579
7195 7208
1246 1079
6728 6521
839 655
6872 6671
4660 4446
989 898
7546 7342
300 333
3819 6104
5252 5982
3557 939
7129 6930
1803 1694
3331 3184
1064 875
1315 1240
1214 1094
283 227
1402 3594
6454 6241
3963 1534
3246 3113
797 745
5319 5058
1293 1204
2509 2363
2597 2409
2295 2183
2050 4050
4630 5690
6460 6758
3305 3049
2369 2257
3268 4915
2606 2420
5655 5434
3993 5288
4048 3866
362 320
1932 1801
5094 4918
5406 5187
903 810
4100 5372
2375 2269
7137 6944
5591 5368
6845 6062
3987 1587
5385 6080
5231 5970
5747 5522
1232 1107
614 419
1417 1330
3126 275
1749 1661
1012 933
6780 6567
6394 6181
4598 4437
3976 1518
3190 3025
5609 5373
1247 1080
4825 4627
4767 4601
3085 218
6081 5823
3300 3027
5255 4993
3346 623
723 684
1739 1589
4783 4595
4230 4038
7169 6558
7150 6958
4353 4155
1169 3479
901 3235
1831 1723
2704 2466
3740 1215
3097 4699
2277 2170
4339 4122
1345 1276
7031 6816
3823 5172
6212 6000
2046 4049
569 545
2495 2357
4179 3998
488 486
3563 831
4766 4603
5993 6514
5093 5873
815 801
6715 6509
4808 4610
5485 5251
3971 3791
2212 2100
4646 4457
454 257
6832 6624
4769 4566
7108 6892
87 80
6064 5845
2506 2327
2124 2010
2694 4492
4166 3973
673 3068
7642 7432
5528 5296
1720 1584
1512 1405
3721 3516
5264 5019
2344 4263
6321 6100
6466 5397
4644 4472
2400 4319
5300 3460
1126 1036
6586 6374
3089 2780
3421 4926
2853 2670
593 388
3510 3356
5262 4997
1037 842
446 420
5285 5069
4133 3942
3999 3795
691 685
690 492
969 858
5305 5038
2494 2341
20 6
3758 5126
7486 7278
6815 5975
2849 2648
2615 2467
1545 1419
1333 1260
1463 3635
3871 3712
5261 4990
6368 6151
4503 4323
6401 6197
5517 5285
1176 1055
1471 3642
1787 1645
4312 5488
5979 5765
335 2974
3098 2834
4651 2438
3493 3337
5754 5543
246 145
835 777
4389 4205
4077 3877
6956 6732
5744 6334
6834 7005
902 691
1900 3952
4882 4680
4672 4452
5153 4944
6413 6722
6027 2688
1877 1758
3862 3691
1999 1886
6016 5794
2738 2578
3774 1264
4778 4570
5469 5221
1199 1084
7284 7096
2278 2167
290 253
259 148
1971 1845
6090 5863
6860 6653
7359 7158
1881 1765
2730 2577
4382 5537
552 342
6873 7028
7141 6931
121 74
780 668
6551 6340
1007 912
3794 3622
4849 2669
2957 19
3118 2772
6675 6909
3540 3408
6138 5869
6709 6506
6968 6745
3456 3279
5062 4890
5139 4929
2016 1898
149 106
7204 7004
5240 5015
4779 4621
2216 2111
6367 5256
2968 71
7415 7219
3412 3272
374 315
1676 1593
384 323
4141 3936
398 360
5426 5169
5060 5862
6669 6439
6166 5954
3195 3023
3107 2938
619 3029
1166 1047
297 89
1465 3640
5533 5278
3765 3560
6036 2707
802 757
1244 1077
4751 2538
7028 6813
3552 3328
5892 4412
1509 1423
5620 5389
6287 6645
3507 3294
5563 6215
6597 6860
1991 1877
5204 5973
831 766
6428 5333
5812 5580
7421 7223
6224 5011
2409 2280
1732 3812
3354 3225
1484 3646
7122 7160
1117 954
7111 6443
2418 2292
5811 6371
5806 5583
2112 2000
7686 7509
6238 5999
3255 3002
5076 4870
7654 7486
755 3120
789 591
6688 6468
562 479
3800 1311
2555 2358
4006 3818
5075 5886
6275 6065
3637 3430
4728 2550
2195 2091
1154 1096
4619 4421
7740 7534
3296 570
5719 6317
5110 4913
4866 4667
7471 7092
375 316
2089 1969
6498 6286
639 446
7368 7166
1892 1774
4142 3937
1458 3669
74 83
307 2950
750 3132
1724 1616
2505 2331
5421 5191
7670 7460
342 50
3753 1206
3764 3553
897 820
4130 3909
5610 5376
7222 6654
6908 6691
455 288
1361 3571
2714 2523
958 3295
6571 6854
3404 4885
1682 1560
6242 6634
229 98
3548 3414
6774 6555
3911 1447
1570 3709
6490 5425
160 133
3720 5099
6590 6380
3719 3569
2554 4409
2070 1956
634 599
6600 6386
4811 4630
4679 2458
5538 5309
3873 3660
1842 3880
365 170
7017 6803
2110 1997
2653 2427
5427 5177
7196 6982
6031 6530
4268 4069
1846 1718
2536 4407
1935 1828
1090 940
2910 2726
948 735
2302 2198
2279 2155
2142 2037
6925 6176
3028 2809
4110 3924
7743 7551
5100 5877
3095 2915
5945 5730
3504 3388
3070 2845
3672 3439
4233 1918
6674 6465
4965 4698
2585 2394
1048 990
1669 3788
6712 6494
6989 6778
2876 2683
1146 3449
5732 5514
1723 1610
2303 4216
776 3172
5340 5115
1301 1233
6112 5838
916 877
4706 2548
1038 3366
4973 4709
4051 5326
5342 6045
5083 5882
3402 3267
192 28
1307 3552
6145 5868
5890 4402
5790 5569
3559 3359
6929 6710
1173 1105
3915 5227
6831 6618
7104 6907
2731 4543
5130 4922
4221 5432
5595 5371
2988 2822
6653 6904
2513 2375
1190 1031
3897 3694
3694 3494
4443 4232
7731 7540
3385 4908
6554 5539
1779 1630
6957 6211
6161 5945
5200 4925
5547 5314
7570 7237
4423 4227
4981 4772
5104 4818
1170 3480
5835 5606
2652 2425
3165 2975
6234 6019
6176 5918
2519 4397
5238 4998
2810 2596
4178 5405
6687 6485
3895 3710
4094 3908
5159 4960
369 2807
6239 5998
4293 1991
7399 7200
1490 1357
1004 944
2307 2204
6251 6040
1028 941
4928 2829
4976 4783
736 3115
3773 5131
7431 7228
1287 1118
4358 4157
5578 5352
3378 3219
4642 4485
3597 3469
7653 7443
4770 4567
1468 1391
765 533
2076 1963
6507 6294
7248 7057
6910 7056
4374 5532
3176 2990
102 92
5541 6182
3726 5112
5658 5433
482 2935
6850 6650
7139 7185
1743 1615
3160 2929
1715 1566
6018 5790
1182 1160
3775 1263
3898 3720
4525 4336
4338 5494
5629 5400
7282 7097
968 738
1124 1026
967 923
1579 1475
6864 6660
5734 5518
6721 6953
7529 7164
3301 3164
1927 1817
6461 5395
2793 2632
6134 5907
5656 5435
7014 6804
7171 6968
3288 3158
442 457
2515 2369
6869 6669
3248 3099
423 230
4043 3864
2642 2495
7536 7333
5482 5241
3286 3161
4344 4142
1785 1678
346 353
4762 4581
538 525
1808 1674
3119 2781
355 2804
674 3110
5033 4846
5011 4747
3899 3671
986 3330
6578 6376
1469 1392
1157 1037
1563 3714
4180 1855
6918 6694
5499 5274
592 569
1942 1827
6723 5776
1150 1012
1022 973
1207 1147
6525 6316
4992 4722
6563 6347
2384 2238
6356 6148
7371 7175
5579 3890
3813 5164
1418 1341
2575 2396
3155 3000
5534 6177
5898 5658
1444 1302
1251 1198
6195 5962
3137 267
1052 984
6755 6538
2824 2566
1782 1646
692 660
785 771
6876 6675
3104 2795
1480 1338
6346 6123
2038 1921
2900 2709
560 407
1933 1804
5774 5544
5241 5016
6253 6630
3332 3191
6504 6293
4121 1757
437 187
1102 1034
7583 7263
6318 6662
163 185
5516 5261
5810 5593
6165 5910
4450 4256
6893 6684
6231 6020
2736 4544
4698 4500
2412 2296
6246 5040
2427 2303
4386 4176
3082 2897
2052 1928
6263 6632
6272 6066
1692 1573
2007 1891
5034 4847
3184 3014
6588 6378
1518 1383
2760 2525
3549 4980
3469 814
2885 2690
3904 3706
1689 1559
3377 4886
5653 4027
3287 3174
3448 737
7693 7518
6684 6919
984 763
5298 3463
4710 4509
1783 1675
1243 3509
970 859
1356 1295
740 3111
852 3233
654 472
6954 7083
4920 4718
3759 5127
1667 5284
1029 821
161 120
2583 2392
6788 6576
3169 3005
1043 986
7637 7421
328 302
613 3045
812 3189
7246 7054
3733 3570
1592 1433
4656 4482
2677 2474
4744 2535
4020 3826
6877 6672
7516 7319
6215 6006
1587 1467
6915 6702
7402 7203
4288 4085
1795 1656
2838 2650
1671 1540
7162 6962
7266 6736
6376 6154
2000 1887
4321 2051
1804 1697
5214 5984
3706 1159
1994 1884
7136 6942
6013 5796
3136 2926
1492 1349
7360 7159
2360 4272
3542 3395
5048 3091
5474 5230
4306 2018
3523 3268
253 162
122 75
676 3216
7230 7038
4763 4571
5581 6223
4005 1617
7056 6834
2098 1987
7084 7143
4294 4089
6913 6161
2251 4183
5244 4982
4940 4753
7387 7194
7186 6980
823 812
4677 5704
2728 2562
5175 4953
2019 1900
7331 6845
6279 6072
4444 4231
2967 2783
6446 6227
1174 1110
5613 5386
1499 1390
678 680
4124 3941
6327 6115
6160 5925
5161 4857
4119 3916
260 209
2769 2534
34 22
2106 1990
7277 6754
2224 2122
3092 2899
6481 6267
1694 3808
7095 6407
3252 2993
489 504
3075 2759
2978 2755
4250 4056
5005 4794
4191 1869
1653 3782
6345 6116
5330 5070
4131 3913
1228 1091
2689 4475
1986 4001
5680 5455
507 2932
1593 3723
5796 5586
6315 5161
6217 6009
6047 5827
5582 5356
1536 3682
1515 1398
4108 3923
1056 915
4347 2069
416 374
5158 4948
284 208
7479 7276
3154 4791
1219 1168
4134 3948
1363 1232
7070 6388
5882 5662
3071 2880
2980 2735
5724 5507
6555 5540
6612 6396
2238 2134
2487 2321
7140 6493
2596 2408
6529 6323
4343 4128
5115 4923
6711 6939
5222 5012
6816 5989
6754 6550
7687 7510
4961 4704
706 594
2854 4646
2805 2614
1557 1471
4810 2585
5299 3462
3041 2847
368 287
71 72
14 54
1897 1739
7175 6976
1349 1288
7134 6938
4662 4469
5316 5096
2420 2259
6418 6730
5624 5398
2882 2686
539 2945
6866 6658
4645 4464
4383 2137
66 59
2309 4225
5929 5681
2631 2459
206 238
6543 6338
1542 1448
4315 4104
5832 6387
4289 1985
1362 3572
2263 4192
6572 6855
1683 1561
5634 6250
382 293
2270 4201
635 610
3604 3464
5160 3250
1327 1273
1728 1641
4717 4522
2798 2605
2542 2353
5934 5727
4596 4404
3072 2881
6478 6266
3272 2986
7269 7089
6339 6673
5881 4393
2488 2322
713 3080
6331 6122
5407 5149
6115 6548
5869 5654
3437 724
3797 3579
997 903
5649 5426
1701 1603
6961 6735
5805 5589
6964 6739
1799 1687
847 805
6406 6715
3370 3109
4724 4491
2914 4679
3371 4943
6973 6746
3664 983
6313 6099
532 3012
2061 1935
252 154
2857 2653
6587 6375
3673 3440
4837 4648
5476 5249
734 3240
347 354
7293 7103
4156 3962
1290 1243
1740 1653
3390 3230
7605 7396
2084 1968
3271 5890
1091 1023
4139 3954
7720 7512
2460 2337
3034 2851
6579 6377
276 2910
7227 7034
5289 5010
4758 5757
2972 2774
440 2898
959 783
6997 6784
222 291
2444 4352
840 780
7039 6825
3399 3270
3395 4874
4466 4267
888 778
2273 2146
764 719
5165 4875
6695 6473
1974 1863
5672 5449
3217 3055
188 235
7115 6914
842 3218
2706 2457
5962 6492
3657 3453
2028 1908
919 784
5045 5867
64 32
3215 481
4635 5702
1502 1387
5604 5383
1687 1553
4921 4721
3419 3126
1513 1379
3035 2820
5507 3768
7480 7275
5958 5722
7641 7430
1147 1007
135 35
2259 2150
2698 2502
3777 3600
2922 4675
2004 1874
2393 2239
1576 1421
2845 2675
7519 7313
1062 1010
1903 1793
6530 6322
1770 3850
6144 5922
4889 4678
5105 4825
7400 7201
1248 1083
5437 5211
3725 3568
4319 4116
6818 6995
1365 1304
196 175
1539 1458
1947 1842
1553 1469
5458 3684
1985 1871
1474 1369
399 214
3308 3039
7 12
1998 1885
2543 2351
1870 1751
1693 1574
2172 4125
7629 7413
7429 7230
1537 3688
950 3304
695 619
4080 5344
6603 6870
6792 6579
6241 5023
6426 6209
4145 3958
2878 2684
6510 6299
7434 7236
6995 6782
2783 4574
6330 6101
7006 6790
1764 1624
7033 6817
7572 7364
3027 2805
444 2905
3680 5085
7435 7239
4060 1690
2800 2592
3073 2891
1460 1345
895 717
1177 999
1726 3803
1941 1815
120 100
3081 2887
2394 2262
5851 5636
6128 5870
947 881
7506 7404
2253 2148
5422 5170
6463 5393
4970 2785
3022 2821
3321 3019
2136 2023
7582 7370
7015 6805
6329 6670
6116 5889
2465 2310
2031 1910
4486 4317
4823 4629
1665 1532
5219 3326
5111 4816
2476 2349
2748 4560
3066 2872
2146 2044
3382 721
6659 6454
5245 5983
4380 4186
3653 3423
5932 4499
1391 1309
7632 7416
123 110
1860 1750
609 3015
6919 6695
6932 6700
608 575
5259 5036
4427 5575
3087 2920
6847 6643
3489 3329
7562 7353
6917 7066
4742 2574
7075 6881
640 584
4957 4761
3920 3743
951 3313
702 687
3316 3035
5072 4797
4270 4068
3528 3305
3099 2838
6218 4989
5375 6069
4322 4120
4712 4537
5310 6034
771 580
2039 1922
3187 3010
5371 5113
4601 2410
2943 2742
2036 1924
5784 5550
2286 2171
7276 7093
2711 2510
5199 4984
6097 5842
5429 6107
3333 3192
6363 6688
5899 6451
5884 5670
366 379
3093 2900
1396 1320
5603 5369
4861 4655
4219 5428
7534 7170
5180 3281
324 322
5036 4771
6435 6207
2737 4545
1684 1586
5270 5027
7658 7489
1865 3911
1849 1707
7335 7135
6148 5879
769 3141
6899 6136
7646 7434
7481 7378
2068 1953
4091 1732
348 2882
5357 5130
4586 2378
1896 1784
923 733
4290 1984
1599 1445
1624 1466
302 2965
1026 976
1983 3995
2850 2608
4984 4719
940 790
5452 3674
3858 5201
5250 5979
3461 3336
3883 3675
3451 3175
6109 4813
625 392
2002 1881
233 122
527 3006
2173 2073
4991 2961
1151 1093
3409 3136
777 581
1339 1228
7487 7279
2237 2124
5981 6512
1918 3949
2686 2443
36 11
4888 4677
611 555
3110 2761
5875 5632
3772 3554
178 157
5889 4401
6716 6945
6975 6236
7038 6822
3697 3506
7557 7425
4684 4456
4149 3968
4320 4119
7231 7238
6150 6559
3084 172
1695 3793
433 2895
239 125
3103 2766
1255 1178
6096 5833
7555 7347
1061 921
1018 803
2345 4274
2001 1888
5539 5297
1934 1809
5692 5473
65 53
2301 2179
5133 4928
4310 2048
4326 2056
5524 5263
1341 1210
2341 2222
151 195
4917 2826
124 109
6351 6138
3226 3098
4411 4221
4197 4009
4413 4226
1250 3532
1057 936
6340 6674
3539 3312
2617 2451
244 141
1459 1389
4367 5521
7705 7525
2268 4198
558 563
6324 6108
6819 6996
5969 6498
2283 2160
4499 4330
6981 6763
4669 4477
4986 4790
2851 2645
7633 7331
6278 6075
2535 2346
403 241
6193 5928
5162 4858
5477 5250
6921 6698
555 3011
2225 2123
6482 6268
6824 6602
4140 3955
6795 6581
4325 4114
4190 4003
5057 4902
1085 955
6641 6423
4261 4064
4387 4202
4137 5375
3789 1298
5849 6397
4691 4516
5854 5620
2443 2289
7444 7058
5148 4876
4147 3946
7234 7048
197 174
5352 5091
6676 6457
6306 6091
7329 7128
6108 5895
5283 5045
1046 956
3366 4867
517 2968
5411 5146
7600 7386
1794 1688
5058 4798
4421 4248
6605 6390
1367 1282
6455 6239
2754 2547
3611 3390
3553 3398
3663 3490
1134 960
2831 2620
7722 7517
7755 7556
5114 4871
5417 5162
3392 3242
2826 2624
7528 7163
1407 1280
6173 5912
2446 2290
1259 3535
2264 4187
4162 3977
816 781
743 523
3703 1058
7571 7440
4349 5511
3761 3556
3178 373
6863 6666
5770 5563
4053 3876
7148 6956
5018 4812
5795 6365
7532 7334
2370 2263
696 3057
5082 5866
5725 6320
1913 1787
4533 4365
6487 6263
1540 1459
6658 6449
1538 1414
2119 4097
5394 5176
5873 6422
287 2764
642 391
3711 3529
6408 6194
6738 6535
7630 7414
4446 4275
934 764
5494 5239
844 676
4491 4287
1352 1225
5509 5280
1049 3379
1072 890
5742 5527
4185 5408
6693 6487
6558 6348
5195 4932
2373 2234
5267 5000
6764 6568
7220 7013
786 656
6820 6998
308 67
46 68
5284 5046
4997 4799
6103 5893
6291 5123
4474 4291
1705 1614
6386 6164
5291 5082
6422 6202
1461 1346
5041 3079
6607 6872
212 220
2862 2661
3514 3374
55 49
1427 1342
5956 4495
6970 6228
4357 4168
5116 4803
4676 2481
7639 7428
7457 7367
2338 2223
4449 4255
3355 4869
6219 4988
5339 3526
6632 5648
7689 7479
6888 6680
5659 5437
6199 5941
3867 5212
4463 4299
3767 3582
571 414
1263 1208
4120 3931
5757 6345
3550 3303
1747 1622
6355 6133
7473 7268
4838 4649
6437 6213
536 458
2045 1927
477 229
6626 6428
3682 3447
7607 7394
6737 6533
3754 3557
7239 7039
3620 3457
792 758
4903 4706
5641 5414
7229 7031
3182 345
4741 4547
1368 1291
714 521
5838 5608
1408 1324
563 467
5137 5901
3100 2856
7334 7304
7367 7330
1742 1636
1685 1585
5665 5441
3616 3403
3458 4950
3531 4979
4056 3874
3205 3062
6861 6661
658 603
2649 4463
2176 2067
4743 2559
7450 7247
1527 1444
2651 4470
4597 4443
3339 3179
4073 3870
6264 6028
3186 2877
1097 1040
1099 1043
6286 6648
4511 2281
3360 4887
2942 2760
4971 4759
2285 2196
1323 1269
7349 7147
1754 1634
6433 5335
827 681
5959 5723
1822 1712
4975 4724
4259 1952
1953 1833
843 3229
2629 2477
3903 3705
4417 4245
5623 3961
3778 3605
4674 2500
6068 5854
5117 4827
7376 7176
1577 1422
3245 461
3341 4854
1517 1371
2926 2731
1076 951
819 3193
3309 565
2991 2763
5931 5688
7036 6820
6624 5634
2902 2704
392 368
2329 2214
481 2936
7251 7063
6814 5991
6837 7006
6139 4878
2654 2431
6072 5860
2139 2034
277 276
2310 2203
7685 7477
5654 5431
6686 5687
6086 4748
3440 3214
1358 1196
607 3124
3712 3517
6342 6682
204 181
5400 5183
5685 5466
6604 6871
7373 7326
3497 826
1885 1766
2292 2175
4105 5361
6424 6210
6464 6247
1201 1067
6338 6127
2986 2812
6382 6169
5575 5336
3101 2857
4673 4493
2784 4575
7504 7302
2094 4084
1188 1133
4556 2328
240 124
3349 621
6210 5949
6171 4936
6431 6731
960 3275
2018 1893
238 2758
5760 5555
4114 3901
1523 1442
6938 6720
4328 4127
4083 3904
5819 5603
2528 2383
870 847
3069 2869
881 857
4817 4577
1618 1446
5038 3022
6702 6479
2426 2260
1172 1103
7215 6656
6647 6444
7144 6952
4224 1906
4164 3970
1183 1117
1660 1555
3747 1213
6474 6254
5419 5200
1621 1453
855 3217
2608 2414
2768 2533
2462 2344
3090 2953
1906 1792
4816 4591
4262 1954
6201 5958
4988 4781
6903 7047
5764 5541
5799 5577
420 436
7133 6923
5032 4819
167 152
6953 6729
3166 224
3698 3507
868 795
7311 7111
5029 5850
2813 2604
5423 5179
4231 4036
6420 6198
434 2896
5631 6258
513 305
3551 3302
1430 3614
7750 7549
6984 6262
2187 2083
4950 4723
3650 5071
1451 1374
6254 6051
5405 5141
6627 6427
7601 7390
2340 4252
6004 5787
3074 2757
4078 5345
952 3314
1852 3893
4438 4244
5916 5697
544 516
412 377
1950 1838
6939 6713
5605 3935
1265 1090
7249 7062
817 589
860 835
5311 5087
6744 6544
6920 6706
4512 4305
2155 2050
6041 5812
737 697
3453 3299
708 700
4993 5853
1840 1721
79 48
2376 4302
5763 5558
1853 3903
7718 7507
5416 5153
5697 5479
1569 1485
3340 3043
2766 2554
7616 7399
6169 5950
5635 5409
4713 4546
7170 7198
3433 3165
4760 4590
1317 3596
6341 5214
2186 4149
432 161
3814 3589
5936 5712
6192 5952
7574 7442
4471 4273
7071 6875
3686 3493
5922 5679
2903 2703
1198 1075
7123 6915
4096 3914
5336 5102
2231 2115
2964 2801
524 330
5329 6053
7254 7071
7477 7273
5824 5610
4765 4556
7260 7074
2133 2032
2958 2802
4822 4638
5047 4750
506 509
7482 7379
3642 3477
2567 2380
5716 5500
2276 2164
838 640
4422 4249
1722 1606
1142 3511
6131 4837
4667 5711
932 3296
209 176
4313 4105
5370 5137
5501 5253
5147 5911
2201 2082
4834 5771
7378 7183
408 251
314 2855
3709 3538
778 582
7521 7149
742 707
6569 6362
6735 6531
7719 7511
6502 6290
5229 6001
6777 6975
6127 4855
2772 4538
2102 4087
944 775
1047 3371
354 2788
4589 4427
627 595
3212 2888
179 158
6256 5066
2667 2484
2086 4079
4008 3836
6944 6717
309 2797
1383 1237
4351 2089
4520 5617
4875 4664
316 262
2992 2773
6151 6560
3220 450
2228 2107
3002 2813
3358 3243
3423 3266
7453 7070
3591 3454
4781 4619
2318 2187
931 752
818 3182
1855 1736
6636 6435
219 200
2314 2188
5044 3032
7344 7144
688 428
5354 6059
7502 7301
427 435
5331 5107
2458 4358
5497 5244
1716 3806
799 638
3788 3573
5263 4999
5909 6469
2134 2027
3325 3142
1497 1418
5681 5456
3387 3248
5548 3820
5972 6502
709 699
721 657
1217 3543
6533 5516
5237 5035
4567 4371
6415 6199
3173 3004
5068 4903
4897 4697
2574 2387
7608 7395
271 216
6994 6281
2749 2546
3310 564
2328 4242
4930 4735
6011 5798
6544 6332
467 2949
1374 1202
4379 5535
5855 5621
4132 3933
4768 4576
1390 1242
5396 5143
1381 1314
4747 2542
3380 3263
6649 6899
643 551
4210 5427
2316 2213
4532 4342
1565 1407
5695 5477
5274 6007
5055 4773
7391 6961
2997 2816
3934 3729
572 3144
6509 6298
3656 5055
4125 3944
5242 5024
7559 7350
6257 6033
5037 4840
6140 6571
1937 1822
2135 2022
3916 3736
5168 5936
511 500
3837 3658
6214 6611
86 57
4820 4622
5235 4958
6105 6546
193 30
5518 6163
1629 3745
1761 1602
5702 5485
5966 6497
2915 2720
6708 6486
1597 1456
6230 4986
77 64
5818 5584
7631 7415
3995 3802
7093 6888
4798 4593
6395 6185
3444 788
7285 6767
715 696
732 3199
2157 2042
7460 7254
6965 6230
4329 4118
6221 6008
561 2969
573 548
7404 7205
5630 6249
6153 4844
4228 4037
4245 4047
1940 1803
876 830
3843 1363
6959 6734
4648 2442
2778 2575
5803 5588
2175 2072
4223 4034
5504 5260
6656 6419
1234 1173
3847 3652
7552 7345
7736 7531
3626 3427
4529 4340
966 917
2863 2662
4944 4742
6651 5652
7106 6894
7347 7151
7197 7216
2236 2130
2819 2616
5841 5629
7724 7521
5652 4023
3649 3489
685 454
1641 1520
871 654
3256 3003
1775 3830
912 747
4521 5619
2801 4620
6862 6094
101 76
3401 3274
6245 6029
7176 6971
5367 6081
1139 1114
7432 7029
5868 6413
130 108
1325 1172
443 2959
3189 2903
3519 880
6438 6214
4924 4745
7709 7496
2322 2191
6147 5878
4252 1940
377 258
6374 6693
7131 6474
230 105
2382 4310
5566 5342
2764 2526
2346 2224
2563 2371
939 3291
132 197
7751 7550
5857 5640
3183 346
5294 5061
1650 1529
3131 2952
1152 1151
2753 2529
6229 5986
6352 6142
1105 3438
6936 7081
4654 4478
3227 2901
7560 7352
3815 3597
3460 3335
6402 6709
3363 3102
1067 1018
6912 6699
1078 3425
4062 3885
5554 5316
4972 4760
6019 5792
7194 6990
2996 85
4796 4605
1140 1081
5558 5323
7424 7226
4963 2928
990 909
7065 6861
6282 6056
6180 5963
5118 4828
2855 2659
4539 2317
171 189
4452 4253
2391 2243
1757 1643
2281 2174
3383 3112
3629 1044
185 250
6227 6015
7048 6828
2294 2162
731 3200
2005 4015
5906 6440
7461 7258
6129 5871
7682 7508
5014 4805
3045 2844
3407 3107
7554 7346
3521 3394
3838 3618
2921 4683
3145 4736
807 710
633 590
4112 3926
5183 4921
1780 5329
646 622
5912 4434
3974 3801
6974 6751
5187 3276
6833 6626
4028 3822
775 3171
6660 6433
4370 4175
4011 3834
1818 1695
3297 341
6468 6251
2803 4614
4284 1972
6781 6594
7008 6793
866 671
7645 7437
5297 5022
7503 7305
7209 7217
933 3297
7018 6807
3884 5226
7255 7250
5779 5565
3802 3628
4835 5772
181 167
7592 7376
4299 4098
4295 5474
6960 6733
3239 3096
312 87
2929 2748
5129 4845
1578 1487
2492 4356
5571 5347
5961 5721
3477 3208
6560 6356
5712 5493
5188 3177
457 433
6200 6588
6843 6637
4600 4406
1436 1328
153 114
7512 7405
684 636
58 66
1631 3738
4905 2733
1261 1153
2198 2077
5358 5132
6874 7027
214 180
6184 5968
4925 4731
2579 2398
4915 2810
3561 6013
6905 6146
5801 4269
1229 1161
6629 5642
3484 3226
7203 6999
5202 4976
303 117
5386 5120
4979 4764
6284 6049
68 73
3730 3512
6260 6631
5718 5504
7730 7539
6459 6246
1274 1139
3677 3451
6941 6711
6719 6949
3520 3351
6101 5872
5924 5703
5022 4778
3983 3794
3776 3561
7200 7214
3532 861
565 2976
6350 6140
2815 2622
7096 6897
228 96
294 284
2638 2490
4018 1657
6172 6577
4465 4270
7757 7560
4041 3865
6566 6853
5387 6078
3833 3659
7051 6841
5445 5194
4323 4126
7145 6950
2377 4303
7739 7515
7667 7502
1266 1099
3467 3321
4655 2453
1606 1440
5101 4850
949 750
3463 613
5601 5384
665 642
3231 2972
4173 3981
5644 5419
6442 6229
1510 1384
441 396
5982 5747
461 462
7370 7172
3167 2979
5542 5313
492 325
3564 3327
6335 6106
5209 4940
884 853
1789 1676
210 205
4157 1820
6207 5994
7443 7244
5675 5451
6625 6415
371 206
4356 4151
2874 4658
892 677
3853 5197
1225 1190
1820 1684
7712 7503
3263 490
5721 5497
7263 7080
1507 1394
6411 6195
6650 6900
6853 6639
6322 6112
3547 3393
548 512
2272 2159
5955 4494
4576 4414
3224 2963
7198 7000
1491 3653
3868 3681
3762 3545
4756 4559
7029 6810
6895 6681
6462 6248
6451 6747
6118 4810
157 41
4848 4643
2229 4161
6713 6503
1725 1620
6643 6432
1992 4006
7567 7361
1765 1660
5987 6513
1924 1814
6559 6850
5457 5231
2203 2092
3900 3692
6261 6023
4736 2556
7469 7265
6576 5579
2247 2133
2695 2517
4208 4005
3175 3009
221 55
7490 7292
2096 1977
4044 1662
7350 6890
385 231
5514 5259
3158 4714
3822 3621
3879 3697
7143 6500
953 843
1868 3910
5344 6054
1825 1706
3398 3127
3330 3203
2894 2701
3592 3455
7540 7336
6243 6615
2064 1938
3336 3210
5701 5484
3781 1293
6405 6184
7531 7177
977 895
255 118
2315 2189
2215 2109
7420 7222
2776 4558
2825 2649
5745 5524
974 769
3605 3382
5332 5108
4022 3816
4857 5777
4182 3990
1485 3649
4876 4659
5643 5420
2660 2430
5374 5140
4949 4690
3108 269
669 3048
1746 1612
3403 3252
338 300
7201 7213
1236 1194
1656 1564
7745 7553
6706 6501
7242 7061
533 517
4405 4200
5466 5217
2150 2049
2174 2079
3235 3119
7283 7098
2075 1962
5323 3491
3139 294
487 453
1591 1428
5382 5144
6347 6132
6645 6426
6933 6708
407 248
5125 4833
6705 4540
4092 3899
6751 5818
3151 2939
804 3206
6071 5834
3544 3405
6541 6335
2685 2480
6156 5947
3751 3585
2117 2009
7577 7365
1763 3828
1101 922
5787 6357
4800 5764
5087 4815
4209 4022
3445 3194
6075 5844
1686 1592
578 2998
4670 4504
1993 4019
4301 5481
5995 5773
3199 3047
4500 4311
1387 1255
4431 4228
879 628
6146 4900
1313 1143
2546 4403
6055 5815
3973 3758
4439 4238
3508 885
7579 7444
410 329
3989 3799
7088 6887
7019 6806
7573 7438
4540 2318
6770 6565
104 62
6008 5781
4734 4552
1858 3925
5377 3541
2177 2068
7124 6917
5462 5205
5124 4821
3790 5173
4791 4598
6266 6036
712 653
3887 3715
4415 4209
7565 7231
4703 4513
189 242
4082 1715
2027 1915
4232 1916
3249 460
907 3260
4587 4420
6337 6119
3744 3547
7296 7282
0 0
5717 5503
4581 4418
6003 5786
2125 2007
6458 6244
7542 7186
3832 3650
4856 5778
418 2933
1919 1802
7405 7206
3961 3752
3701 3551
4246 4048
3449 611
2312 2210
4936 4730
3059 2858
4723 4525
667 665
1060 3413
2930 2749
3640 3443
1781 1629
1532 1431
4850 4654
645 586
7107 6895
301 264
3724 1201
2093 1975
6205 6596
5527 6157
1646 3765
6515 6302
4368 4174
376 319
1482 1381
1797 3861
2223 2094
2836 2663
3329 4841
1238 3524
1223 1063
4 31
6768 6562
501 423
813 601
3660 3496
3874 5235
935 878
3978 3790
5269 6014
3259 3129
795 593
6549 6343
6567 6852
480 2907
3302 3125
1159 1006
3752 3590
1398 1326
3030 2865
4418 4237
5226 4956
7711 7501
5279 5063
6556 6352
2132 2031
2818 2638
2523 2385
7218 7016
5858 5641
2024 1913
6271 6043
139 2740
3322 3056
7626 7407
1616 1526
523 2958
7236 7043
2325 2207
4397 4206
5107 4893
6006 5789
211 204
1132 3433
2305 2194
7023 6809
1891 1754
6123 5894
5859 5622
700 659
6849 6649
5574 6221
3533 862
2280 4213
5549 3819
6757 6540
6020 5793
4081 3883
3623 5048
1273 1129
6784 6973
1369 3587
3827 3615
5318 5081
5069 4904
2578 2436
4271 5460
4102 3898
1016 962
1489 3654
2856 2660
681 626
3588 3436
853 3246
1878 3929
7661 7452
7595 7455
3181 2839
5086 5880
5155 4881
1162 1001
5846 5635
11 4
5907 6441
1526 1437
6226 6017
4675 4453
5594 5363
5666 6284
3882 3701
7182 6978
808 711
4699 4502
754 712
7078 6868
195 201
216 193
1766 1667
5020 4817
2211 2104
3452 3307
2759 2551
6098 5843
2091 1974
6983 6768
4161 3969
4393 4195
1617 1527
7498 7296
1135 968
2101 1989
330 266
5288 5062
4846 4636
5454 6130
4151 1813
941 905
7677 7467
3459 807
144 5
1703 1599
882 829
5059 4788
1075 930
35 34
6162 6574
2080 4077
3274 4784
6570 6359
3197 2864
3318 3169
1911 1759
3786 1256
5532 5289
6308 6079
854 796
270 215
3990 1567
3896 3722
6598 6863
7427 7229
1879 3930
5778 4211
5831 5618
3003 2853
5694 6305
1423 1343
6640 6430
1845 1717
5690 4083
3785 3616
4454 4294
5628 3978
7464 7259
4122 1767
5688 5465
5699 4096
5755 4178
2054 1931
5914 5700
5248 5014
4775 4613
2691 2513
5638 5401
5943 5733
5178 5932
5585 5360
1873 1727
4407 2177
5106 5896
4907 4712
7289 7101
3894 3696
2561 2373
2676 2487
3678 3452
3432 3166
40 52
6914 6692
1862 1730
4307 2019
7117 6902
2059 4055
4867 2687
4254 4059
1713 1582
5660 6279
1406 1325
7394 7196
5797 6366
7053 6838
4342 4136
7146 6951
6699 6476
4519 4315
7073 6402
6802 6598
3816 3602
4583 2388
114 78
6966 7086
4337 4141
1596 1455
6141 5929
2924 2723
4752 4596
509 2995
705 3070
4079 3884
3091 2792
5556 3857
5602 5385
1041 850
7419 7007
1914 1794
3218 3063
5436 3648
1306 1262
7655 7447
28 39
7372 7174
5217 5003
473 470
7596 7454
2103 1994
4266 4066
3783 3567
2364 4288
4071 3888
724 683
660 445
1422 1303
3282 3031
2317 2211
620 483
7102 6417
6691 6929
4844 4645
5459 5206
6430 6203
3536 3377
2497 2362
3209 2875
3951 3780
5230 5004
3285 4795
2564 2366
449 2890
5273 5057
2389 2253
5621 5392
2500 4389
2126 2006
1709 1570
4013 3814
2757 4530
994 840
1242 1051
3211 2889
165 2870
998 953
531 309
5600 5365
6547 6341
4859 5784
1755 1648
1658 1516
4049 3863
2169 4143
4727 4542
2327 2219
6269 6061
803 756
5355 5095
636 3026
1571 1479
3086 219
490 2918
4842 4650
1595 1478
6856 6664
5414 3625
3739 3522
5925 4449
2097 1978
4615 2423
2842 2666
4871 4669
6259 6031
4563 4400
2928 1
3997 3800
6303 6077
7114 6901
6480 6265
6470 6259
7581 7446
3012 121
5804 5578
6840 6640
3560 3324
4483 4309
5009 5836
465 2921
409 426
4273 4070
1735 1632
2792 2631
4305 4099
7714 7528
623 577
2770 2567
4995 4792
7678 7472
5842 6394
158 43
2636 2422
2357 4284
3537 3378
6801 6597
3499 3381
3811 5166
7190 7209
1074 981
30 8
3068 2871
863 3220
325 331
3668 3466
4089 3887
5944 5732
7291 7281
7301 7290
3238 3072
3648 1071
3133 2765
1955 3991
4709 4519
2441 2323
3277 2987
3295 3103
7187 6992
3411 3147
2214 4162
2481 2313
680 3075
1446 3617
1997 1870
4958 4758
7508 7310
3049 2837
3491 3333
5390 5156
7001 6788
2671 2473
4085 3897
6373 5273
5013 4804
6457 6757
6729 6522
936 879
180 25
5440 5215
3795 3583
262 159
2266 2173
4610 4454
4447 4264
4017 3832
3610 3350
3135 2967
1604 1511
2049 1930
241 130
2898 2712
3375 3073
7623 7403
1600 1509
2833 2621
4685 2482
2128 2012
266 234
7007 6792
1928 1812
3972 3754
4408 4214
1976 1853
3926 1480
6902 6687
4983 4775
6157 5948
2145 4102
534 256
7454 7068
7127 7173
2533 2382
2306 2195
3875 3664
3485 3363
2889 2698
7439 7243
476 223
4392 4184
6143 5923
2680 4468
6319 6103
4534 4363
7544 7340
6066 5817
5714 5495
4880 4672
7522 7411
2282 2192
666 643
595 567
415 358
6491 6277
3574 3331
894 856
6987 6774
6268 6042
999 868
6622 6405
3782 3608
2197 2106
6434 6224
7240 7046
3468 813
2576 2389
401 366
4015 3845
2118 2001
220 274
6771 6566
146 173
1206 1121
4664 5714
2250 2127
4309 5487
4695 4517
5256 4994
6865 7025
3821 3607
175 143
7163 6960
1000 3306
5555 3852
5891 5655
3621 3481
6085 5829
5493 5255
1908 1753
4416 4210
5212 5957
2406 2294
7165 6966
5583 5358
4531 5615
7297 7283
2043 1926
2908 2716
2234 2096
6539 6324
3578 3397
1711 3797
1314 3555
4146 3960
6642 6425
1277 1095
1634 1545
2984 2782
728 706
6535 6329
6999 6787
1871 1735
5520 5290
7247 7060
3005 2784
6311 6663
514 456
1412 1312
100 77
3957 3751
2761 4539
748 701
1638 1552
547 524
4755 2590
7337 7134
5765 5559
3233 3087
7476 7269
4647 4458
6163 6575
3922 3734
2548 2377
3304 3159
2453 2306
5257 5028
5587 5339
1275 3536
5282 5025
5084 4842
4167 3974
7086 6399
1454 3624
915 722
1730 1597
6769 6563
6520 6308
3147 2941
3554 3409
3021 2793
6334 6105
1435 1353
2829 2628
7509 7309
4482 4280
3684 3470
5521 3785
4170 3984
3177 2989
4265 4065
4175 5402
3210 4754
1707 1558
62 45
4682 4507
716 531
45 60
962 787
6689 6927
7317 7117
1343 1257
2032 1911
7666 7500
7495 7383
7151 6957
471 438
909 834
3945 3776
4138 3947
5350 5075
3829 3599
5172 4961
746 542
2616 2468
3606 3385
4399 4203
6485 6273
4398 4207
6497 5444
2588 2400
2104 1993
6448 6235
5866 5626
647 3051
5152 5956
2879 2685
5776 5548
7598 7457
7040 6823
3579 5005
1644 3747
247 146
337 280
5215 4945
5315 5086
6794 6587
4047 3848
3825 3611
4237 4043
5650 6274
4987 4707
7455 7256
6414 6723
4541 4347
6785 6974
980 924
1370 1285
5977 5736
6121 5906
115 79
749 714
2371 2266
186 155
2021 1901
2194 2098
7358 7156
1708 3792
6389 6172
2895 4666
6805 5971
5096 4930
4365 4173
826 3201
5735 5515
3124 2944
4732 5734
2300 2184
1472 1354
3618 3402
1610 3727
3348 3207
2271 2143
3906 3730
5121 5892
5669 5442
3731 3531
5667 6285
3251 2971
6710 6507
1382 1211
2529 2381
4332 4130
6076 5847
3465 3318
7312 7113
4036 1673
7035 7115
5733 6326
4757 4551
556 314
7384 7338
257 137
5338 5106
3562 3406
2674 4471
4394 4196
5706 5491
4501 4312
2620 2421
6137 5930
5964 5751
4559 5645
3207 2909
2765 4557
1138 1082
1167 1048
1053 897
7499 7119
2077 4072
2614 2476
113 91
350 303
2034 4040
1245 1078
2740 2544
5848 5616
7314 7114
6523 6818
2438 2314
6745 5849
7456 7257
5989 5761
1874 3918
6475 5412
1867 1720
5901 5667
4827 4639
672 482
4613 5685
42 10
5693 5472
7188 6991
18 46
7602 7388
5388 6082
194 2786
6493 6283
1258 1100
6993 6780
315 277
5985 5770
7644 7358
7517 7317
6940 6712
5446 3661
4334 5499
3704 3508
4201 4013
6067 5835
5670 5443
7210 7003
5826 6384
4195 4010
4345 4139
7584 7371
5904 5668
4123 1768
1360 1292
7587 7372
3565 3399
3535 3264
48 86
6639 6434
6835 6625
6971 6748
6236 5976
1180 1068
4014 3833
6083 6537
140 99
6955 7082
223 199
4327 4134
3669 3467
3352 3052
2796 2600
2323 4229
1011 932
1619 1482
1530 1410
1077 886
6383 6170
2791 2598
6631 6408
599 502
1125 935
4435 4236
1127 965
5265 5021
6806 5977
2449 4354
4649 4473
166 131
707 639
869 817
4701 4549
3727 3566
4448 4285
3243 3095
6106 5885
5576 5343
4687 4510
3053 2874
4457 2229
2232 2113
6082 5824
4561 4361
4705 4561
767 576
4964 4692
3455 3212
2545 4374
7729 7526
6333 6120
3376 3074
6370 6152
7627 7410
2385 2285
6904 7049
7026 6310
1181 1122
2148 2035
1850 3889
4614 4448
1714 1607
718 3088
2333 2216
904 3222
5878 5666
5903 5660
1594 1512
3279 3148
6232 6627
3265 505
4789 5760
6425 6201
6307 6093
5325 3486
1084 989
3801 1310
7099 6418
1786 1655
3583 3392
5691 5471
4704 4564
1008 3320
2637 4462
2386 2251
2916 2718
6593 6381
4150 3963
2137 2017
4584 2370
7611 7398
2715 2515
411 375
7500 7300
7524 7322
3004 2777
1655 1557
2864 2671
6518 6306
5467 5228
5791 5570
6465 6761
7691 7513
1083 929
3280 543
3347 3237
1158 1005
6694 6472
6170 5919
5823 5605
5430 3634
7305 7108
1113 1032
651 644
7183 6981
306 263
2514 2376
1889 1733
1534 1452
772 759
644 600
2165 2062
2206 4153
3769 5129
2419 4320
590 393
3856 3663
4575 4410
7625 7406
3512 3285
1962 1837
3632 3498
1330 1158
4818 2607
5174 4964
2252 2151
2811 2597
466 2922
6822 6605
4478 4279
3872 3713
243 139
313 113
1727 3815
4494 4292
4388 4204
4354 4147
4239 4039
147 140
6440 6742
4996 4793
1951 1840
4316 4111
1224 1092
1790 1680
6681 5683
2240 2121
1791 3846
5484 5248
6761 6543
3977 3777
5039 4829
326 332
5054 3106
4631 4425
5564 6218
5637 5403
438 415
3602 3348
1880 1764
3586 3341
4059 3860
1136 985
4432 4259
648 3050
6091 5864
2886 2691
7002 6789
4526 5623
6489 5422
1522 1411
3881 3700
1922 1811
671 661
263 160
1963 1854
2709 2520
3334 574
4877 4670
6122 5905
2634 2493
1768 1670
1677 1548
6730 6528
1550 3698
150 107
5198 4983
2712 2514
677 3215
6620 6885
3413 3273
5173 4962
6773 6561
1359 1286
6945 6718
988 755
203 239
5450 6126
698 631
7012 6801
2663 4474
628 3065
650 459
7313 7112
7530 7168
1828 1709
5483 5242
2735 4548
2313 2205
1541 1393
5464 5210
4000 3813
6937 6186
2221 4160
5479 5246
1990 1876
6392 6707
7286 7274
504 265
6366 6143
1192 1053
830 765
1672 1541
2571 2428
5321 5080
4097 3921
99 70
3708 3544
6444 6232
7110 6442
3311 606
5492 5240
6540 6328
1615 1460
2121 2005
336 312
1394 1315
4317 4108
4333 4121
2116 2003
4280 4076
7690 7480
3138 4727
3149 2843
5025 3037
3267 4914
1528 1402
1034 991
4381 4171
730 3131
3534 866
2713 4496
922 693
5363 3562
2235 2097
5590 5367
3036 2819
2946 9
5730 5512
6001 5800
5040 4746
6472 6255
2806 4617
5395 5160
4104 3905
761 704
4982 5831
1168 1138
2130 2014
3476 797
2841 2594
7441 7242
6894 6685
6907 6690
5657 6781
2122 2016
4731 4550
801 3186
2888 2699
1898 1738
6273 6067
2935 2754
4072 3869
4636 5699
3102 2868
3923 3735
5278 5064
131 169
6409 6190
4213 4029
6889 6125
202 272
5064 4779
4522 4357
6979 6765
4168 3975
1280 1116
298 101
4045 1671
5992 5753
3223 4776
540 2966
133 36
6521 6309
7634 7418
4039 3840
2474 2312
2111 1998
1069 947
770 571
3350 3064
6701 6495
3929 3748
3824 5174
6707 6934
4843 4644
4571 2347
1936 1829
6196 5961
2962 2800
3168 2835
6727 6523
3846 3631
4363 4158
4070 3891
656 538
1552 1470
7069 6858
5946 5731
6972 6749
224 245
6513 6795
6277 5098
6742 4705
7219 7021
5097 5883
6848 6641
3298 3155
6429 5337
6387 6167
7635 7419
4689 5726
5530 5294
305 252
4050 5325
6152 5942
3909 3719
6644 6429
717 670
6885 6677
3337 3077
5216 4946
2593 2407
963 802
60 26
4248 4052
6407 6714
299 255
5886 5674
3114 2769
4238 4044
5954 5735
7318 7297
6585 6373
2372 2267
5000 4808
4420 4219
4666 4501
7614 7463
1153 3458
378 361
7761 7559
5343 5067
4627 4433
1893 1777
2510 2330
5498 5272
6249 5052
3890 3668
3096 259
7057 6835
2887 2693
3391 3241
7341 7307
1050 3383
773 3180
3144 2942
1272 1189
4414 4230
2356 4283
3162 2980
4678 5705
3942 1521
4564 2342
4217 4030
2483 4368
1535 1451
2630 2419
2979 2762
1384 1268
37 18
1710 1590
7320 7120
981 896
1212 3514
258 138
5365 6064
5614 5387
7681 7475
5326 3487
3116 2956
2473 4369
4633 4479
4359 2114
7535 7420
1288 1119
6836 6025
594 539
5424 5209
2670 2503
3430 3138
553 301
6538 6325
3026 2799
5508 5279
249 246
3736 3574
7243 7055
3558 3421
6534 6330
3293 3118
7648 7483
3962 3786
889 779
6617 6393
2558 2361
1103 1029
1175 1020
5567 5328
7226 7026
6492 5429
4538 4348
3741 3523
6111 5902
6292 6063
701 447
5487 3732
7414 7218
2095 1981
1145 1097
6911 6153
1921 1781
1116 1069
4592 4431
3869 3689
7580 7366
7760 7561
4376 4189
4285 4081
5224 3352
3106 2937
4196 4011
3970 5292
2710 2519
6203 4974
7588 7373
4207 4020
3713 3563
3127 2825
943 889
1178 998
824 811
6618 6412
4546 4350
7715 7468
5063 4894
4711 2521
2326 4234
3494 3357
7483 7277
4639 4439
6059 5846
3389 3255
751 526
1925 1785
1405 1253
3290 2985
2436 2282
4716 4526
7511 7308
4116 3920
2697 2528
621 573
5913 6470
7132 7178
2920 2729
1611 3749
3615 3474
7060 7131
4074 3894
662 402
5138 5913
1160 1123
5413 5175
5301 5039
5253 5993
4553 4386
1841 1726
3441 3152
7281 7095
6731 6529
6505 5447
6610 5613
5306 3448
2858 4641
727 705
5220 3343
6132 4822
6838 6617
7669 7459
4189 4004
5947 5743
2963 2771
848 806
7701 7487
1567 3702
145 97
5821 5602
6943 6719
3737 3580
3948 3728
567 522
1163 1102
2062 1936
3683 1088
3343 648
3861 3690
6887 6124
2723 4508
311 349
445 421
768 702
7202 7002
2342 2217
3315 3168
5949 6491
6842 6636
4784 4582
5410 6089
7292 6791
5543 5312
1270 1222
4507 2261
7224 7032
2708 2536
1664 1563
5206 4995
580 528
2822 2603
393 365
744 3104
2274 2147
4902 4713
386 198
3661 3501
4311 4107
4966 5832
1661 3769
6685 6920
5128 4820
7589 7375
5026 3038
6250 6041
7332 6848
3111 2798
972 3288
7426 7355
4558 5638
5957 5718
2399 2288
6099 6549
7356 7152
5639 5415
1030 822
3880 5237
4569 4376
3556 894
2584 2393
5221 3344
7351 7153
2083 1966
7032 6811
6304 6652
3506 4963
512 299
5773 6344
494 3092
7515 7318
3326 534
4236 4042
756 515
5163 4901
2339 4262
1543 3685
4782 4615
6017 5791
1504 1424
3117 297
439 416
6652 6903
6897 6678
3016 2854
3457 3310
4143 3956
7022 7109
4545 4383
6014 5797
6553 5538
3675 3520
5317 5053
3338 3076
3546 3400
500 352
1609 3726
2672 4436
6760 6556
3805 3627
5897 6453
6222 6011
4937 4749
3408 3130
4128 3907
6951 6725
5243 4981
537 494
2518 4396
7185 6979
4040 3841
5503 6150
6839 6622
2844 2676
1662 3770
7257 7069
5335 6052
2379 4278
1767 1664
7662 7497
7700 7488
6606 6383
3037 127
6443 6222
2120 4093
805 630
3134 2791
111 82
1943 1821
5852 5637
1959 1834
5389 6088
4572 4411
6990 6776
1753 3854
6359 6145
379 371
6923 6701
4868 4656
4490 2246
1109 1019
5679 5454
2181 2070
448 439
250 2770
5449 5220
2551 2355
2381 2245
4802 4608
3200 2842
6756 6542
3500 3387
4797 4607
3654 3424
1066 1028
4524 4335
4428 4251
1002 870
6991 6276
3693 5088
3292 3151
3033 2848
426 370
3344 3196
7380 7181
2646 2486
5511 5282
2729 4532
1395 1316
4721 4533
3317 3036
2787 2549
3702 3550
3275 4801
4412 4222
4941 4708
7564 7357
7649 7482
5378 5151
3214 400
268 285
2149 2046
2051 1929
6362 6137
4469 4277
2417 2254
4009 3824
7590 7374
5080 5891
2526 2333
2612 2412
2498 4395
1059 1002
5281 5026
4773 4573
1605 1515
2827 2623
4593 4430
1055 1003
3357 3209
5341 6044
3050 126
6483 6269
6190 4898
2267 2139
4298 4092
7437 7241
7659 7490
3032 2832
4396 4185
4517 4313
7674 7470
4216 1897
6410 6191
5874 6421
1231 1195
6175 5933
1479 1337
2539 2348
1120 1042
783 772
5134 3181
237 278
4504 4322
2799 2606
1585 1502
6372 6160
670 652
1802 1683
1904 1795
4206 1879
1189 1132
5191 5955
4456 4257
7381 7187
5888 5653
5225 3353
5280 3442
1559 3695
861 838
5309 5037
234 123
7578 7249
4640 2435
2205 2093
2628 2485
4518 4346
2362 2249
3450 3224
5856 6406
6775 6554
2794 2612
6380 6158
3396 3083
3699 1085
3619 5044
3716 3488
917 690
190 225
7294 7104
615 3093
4159 3966
5820 5595
3495 3358
2524 2339
3356 4868
7010 6796
6000 6516
3394 4873
2260 2132
3595 5017
5887 5675
7696 7485
1302 1145
2445 4353
6416 6721
4962 4768
3517 3355
5123 5898
7059 6846
6683 6918
6880 7041
4177 5406
6262 6026
7703 7492
3944 3771
2167 2066
5170 4951
2230 2117
4624 4467
4548 4355
1027 942
2256 2142
486 292
7262 6716
6703 6483
1894 1778
6136 5931
6187 6585
2582 2391
6517 6304
2814 2646
3643 3503
982 3426
3952 1524
7518 7312
2904 2702
6142 5888
245 142
3242 2988
4061 3873
612 399
1094 3429
4707 5744
7130 6916
7377 7180
4690 4512
4537 2319
6826 6610
632 583
3105 2917
7406 7210
3835 5207
7401 7202
2779 4554
1762 1608
5758 6346
4550 4380
5973 5755
2544 2352
6817 6614
3836 3645
1073 911
1582 1496
3742 3549
7656 7448
6892 5195
6796 6582
5447 5185
2781 4568
5480 5257
4829 4652
3237 501
400 344
148 156
5023 5887
6996 6783
3529 832
4785 4563
2239 2136
3679 5084
1758 1647
5546 6193
2013 4021
1092 1035
3580 3446
3901 3693
1001 916
867 786
4943 4741
5632 5407
2692 2497
6159 5924
2859 2630
4492 4307
5418 5163
629 431
4527 2301
6512 6301
136 164
5640 5416
4505 4321
5727 4146
626 572
2254 2149
5368 5134
6164 5909
2193 4156
3603 3364
7080 6883
7054 6836
1977 1859
1551 1457
3807 5159
589 3030
2852 2668
1403 1327
4487 5599
5785 5571
1289 1183
395 389
6531 5513
4560 4362
3188 2902
7061 6851
2321 2190
1467 1386
1268 1191
1505 1425
3810 3641
5552 5318
3645 3499
1129 979
1652 1569
3889 3665
1319 1271
918 689
5432 5171
652 541
2109 1995
6453 6237
6456 6240
4602 4413
61 37
453 409
5723 5506
5933 4459
5149 5914
4269 4067
3834 3609
3908 3718
739 546
3313 4861
4171 3993
4960 4703
6223 6012
7680 7474
6969 6743
4998 4800
1793 1685
5415 5190
637 411
5761 5556
3040 2846
367 286
5577 5353
3367 4866
5412 5145
6580 6372
893 844
6608 6873
3345 3195
4574 4382
6506 5448
5334 3515
4200 4002
317 313
5705 6313
5181 3271
7097 6891
3061 2893
7348 6896
5883 5669
1309 1244
1375 1281
3379 3234
2891 2695
7179 6969
2248 2144
747 485
7055 6837
5179 3280
323 321
6542 6337
1568 3703
1039 887
2162 2052
1397 1321
5786 5572
3213 3046
4858 4653
1211 1064
1909 3940
7261 7072
4485 4314
7621 7401
1964 1858
7149 6955
3466 3322
4498 4304
1378 1214
3164 3018
4947 4743
4066 3867
6948 7077
1241 1179
3755 3558
6898 6135
3947 5258
7613 7402
4754 4553
1948 1824
7647 7435
1861 1752
6690 6481
2705 2465
1945 1826
5512 5283
269 298
6114 6547
29 61
6080 5821
3501 3375
996 902
550 324
5131 4824
5251 5980
3584 3418
5362 5104
3638 3431
6445 6226
1281 3540
3369 3108
1546 1463
5615 5390
581 362
176 184
6776 6967
1823 1713
7265 6737
1706 1613
3714 1149
7758 7554
1388 1229
5777 5546
7355 7316
7366 7324
3930 5247
2218 2085
1916 1769
5356 6068
5935 6484
4460 4260
3221 475
4275 4074
583 376
3307 478
6717 6946
4366 4159
3083 171
2156 2047
6799 6590
6248 6010
1829 1692
1681 1546
3482 3228
7660 7491
1814 3862
205 182
1674 1544
7272 7266
605 380
1810 1702
782 741
3216 3054
1456 1375
4803 4586
5686 5467
7361 7157
4999 4807
2605 2454
7416 7220
2421 2293
5506 3767
3959 3766
3225 3097
152 196
4815 4587
1054 927
890 852
7233 6683
1058 937
5561 3849
4296 4091
5276 5033
4227 4033
2780 2531
4403 4191
6619 6414
3150 2951
1637 1533
4668 4476
7256 7253
710 3069
2023 1905
4225 1907
6557 6354
2284 2161
3359 3251
6982 6764
4719 4523
7484 7380
6798 6578
649 427
1659 3781
7346 7150
6875 6667
5843 5612
1262 1219
2471 2307
3159 2840
1093 1050
4144 3957
1777 1638
2396 2244
349 2885
3490 3254
4493 2250
3966 3783
6065 5855
7458 7251
168 153
5077 4899
38 24
4069 3886
3374 4865
5915 5701
6316 6097
279 279
5254 5992
1003 871
7290 7102
2830 2619
2296 2178
5880 4392
3525 3407
3080 2886
1098 959
6859 6651
5295 5060
4016 3817
1968 1846
726 487
116 103
6857 6655
1905 3932
2140 2025
4019 3827
6870 6096
5999 5769
781 554
2635 2489
4152 1818
7465 7260
414 3033
4362 2102
5402 6090
2464 2309
2158 2057
6654 6446
6436 6212
5970 6499
4331 4135
5952 5713
1520 1416
3522 5029
2767 2555
2812 2634
641 390
6488 6264
6594 6857
1068 3422
3636 3497
7422 7225
5911 6462
4287 1979
2684 2499
5741 5526
4989 4780
1025 977
5960 4535
7448 7246
5017 3028
1938 1831
3614 3473
2773 2570
7710 7498
3024 2803
3228 3060
1095 1017
760 742
1355 1193
6963 6740
4697 4527
394 372
784 773
1186 1165
7214 7019
3161 290
5879 5659
7191 7215
5021 4756
4115 3919
5223 5007
2678 2446
927 873
4340 4124
914 833
5997 6515
7244 7059
201 221
6258 6623
6633 5649
851 3204
5442 5219
7409 7212
6417 6726
361 340
2217 2101
4095 3892
7467 7262
1264 1209
1447 1350
1748 1623
2947 2744
616 3094
7228 7030
1300 1252
4160 3967
226 186
397 359
5792 5566
97 56
5573 5334
1663 1517
2066 4058
1005 934
5928 5684
5671 6287
6952 6728
4300 4094
5258 4992
1108 3502
3634 3420
5895 5682
6765 6570
1608 1488
6700 6477
7704 7493
5271 5032
2330 2200
358 364
6403 6179
6300 6071
4030 3843
81 116
5618 3950
3361 4888
24 7
5028 4823
2380 2273
1221 3505
3902 3704
2459 4359
2724 2543
978 899
3418 3253
4445 4240
3955 1530
2143 2028
286 213
4887 4676
1649 1500
7663 7453
118 147
3372 4856
6399 6196
5428 5178
1702 1571
549 480
7408 7207
5622 5388
7221 7014
1981 3996
7326 7123
6696 6932
6305 6092
3088 2738
6343 5202
6778 6965
4657 5691
657 624
12 23
4702 4534
6949 6200
875 698
6280 6050
5403 5139
2293 2176
604 412
6012 5799
6545 6333
4590 4426
3587 3349
5491 5266
1416 1318
7673 7466
3129 2776
7694 7519
4934 4744
2017 1892
2435 2305
4093 3902
6855 7012
7085 7146
5359 5100
1978 1862
4628 5694
3157 336
7389 7195
3240 2946
4804 4585
4401 4220
4681 4506
2872 2689
4801 4583
601 562
5540 5303
6648 6445
5073 4882
3710 3530
3067 2751
1209 1184
1187 1150
2699 2461
2115 1999
7533 7169
2429 2277
3928 1484
2648 2424
4324 4113
2431 2283
5663 4041
421 437
7310 7110
1321 1259
7393 7197
4136 5374
3631 3419
5523 5276
6879 6113
5572 5346
5683 5459
4165 1835
3840 3670
1114 1057
3312 387
4530 4364
3845 5198
5112 4834
4933 4729
3365 3211
3335 3188
56 63
6213 5964
1164 1014
7599 7385
6664 6458
4952 2884
2690 4487
1834 1725
2669 2434
5015 5856
2324 2206
2392 2240
3590 3441
4661 4484
3046 144
5863 5627
5102 4864
7330 7125
225 93
1912 1770
3573 5051
3624 5089
5822 6382
809 798
4725 4489
6358 6129
1688 1588
4980 4763
5143 3198
2820 2611
5762 5557
3937 1501
4109 3928
6274 5072
3566 3444
3123 2811
5825 5596
3241 2977
1851 1737
687 664
2817 4626
1310 1245
2442 4349
913 748
3927 1481
7549 7193
2795 2588
2179 2065
5194 5972
5661 5438
1531 1439
1040 888
4585 2379
1197 1074
5478 5238
3426 3123
3572 3367
6167 6573
2745 5742
7316 7116
1443 1359
3717 5093
5782 5567
6228 6604
6130 5876
2866 2678
4764 4555
1788 3847
5337 5103
1421 3610
6290 5122
4473 4290
1141 3510
5404 5138
2553 4408
4951 4726
1340 1261
2865 2643
5346 5114
4609 4417
3513 3373
6247 5997
7520 7311
6583 6361
3171 4789
5502 5254
3502 3376
3198 3034
6573 6358
3194 3007
5633 6252
7551 7344
6812 6603
2739 2572
3141 2964
5739 4165
1045 901
70 44
3728 3576
4468 4301
1437 3651
4994 4757
5481 6141
1389 1230
5290 5056
7606 7393
6736 6532
7354 7155
6867 6659
5833 5624
2308 4218
6503 6291
1887 1771
6635 6438
4410 4217
4007 3835
4276 4075
1583 1408
4696 4541
5837 5607
5065 4884
7695 7484
6804 6592
4927 4738
3886 3699
281 2794
7333 7303
3545 3316
7043 6826
5664 5440
3364 3154
1455 3632
1750 1594
1304 1250
1811 1703
1171 1104
5312 6039
930 751
7617 7464
2383 2274
1970 1864
5926 5716
5553 5315
846 672
3864 5222
264 166
32 17
7721 7516
6637 6436
7365 7165
7628 7412
6782 6595
4249 5446
5349 5076
5246 6018
3849 3667
1835 3881
2925 2730
7446 7245
7324 7121
5272 5031
6813 5990
7548 7343
7684 7476
528 513
3651 5068
3388 3249
5236 5034
7543 7341
6657 6448
3373 3258
5189 3178
7152 6959
5141 4937
2071 1957
7604 7389
4229 1914
5399 5182
90 115
2220 2118
7177 6987
955 3309
2892 2710
6078 4752
2213 2084
1915 1799
4942 2808
4926 4732
2973 2775
5443 5186
7037 6321
7459 7252
6998 6785
2944 2737
4194 4008
3381 3067
3792 3577
6630 5643
659 444
6056 5828
1839 1693
7382 7188
3571 794
4076 3896
4653 4460
4884 4682
5505 5262
3670 1059
4318 2045
4688 2518
31 14
1297 1246
7726 7535
7603 7392
7615 7400
7493 7294
5006 4814
1666 1583
6978 6762
2521 2336
1311 1142
6348 6131
3779 1277
6473 6253
570 560
6174 5953
5056 4774
1573 1490
5016 3021
4881 5810
992 919
406 2912
4588 4399
5677 5450
1771 1663
1902 1788
4153 1816
3844 1378
2269 4193
289 237
1385 1289
7237 7044
7050 6833
5463 5233
6378 6174
7119 6912
3969 3764
579 2997
6692 6926
5930 5715
6427 5330
1982 3997
2161 2059
4611 2417
4788 4623
3043 2873
5703 5486
2480 2350
3756 1216
7748 7545
370 2814
2463 4360
1899 1747
1498 1388
5205 4967
905 732
3276 3133
820 651
231 111
6935 6705
2693 4447
1772 1633
6244 5995
6906 7051
3474 3244
6309 6657
885 854
3323 4863
7403 7199
796 617
6486 5418
2774 2571
3436 725
3299 566
6040 5811
5722 5498
2182 2076
4833 4642
1603 1432
3122 4725
6732 6526
6599 6862
2570 4422
7411 6997
6107 5900
6088 5857
7737 7532
6354 6134
7189 6993
5696 5478
3787 1305
4577 4415
694 440
2550 2413
3826 3643
5074 4883
3581 3339
3257 3117
5877 5661
5099 4835
928 874
3414 3277
2010 4016
4402 5551
177 222
4204 1882
5401 6111
2246 2145
1717 1619
5827 6385
1457 1317
5098 3163
1806 3859
5704 4106
551 2996
3479 3232
1572 1483
925 883
2532 2340
3054 178
6057 4733
1944 1825
334 328
2785 2593
4638 4442
2191 4154
1193 1155
6026 6525
1633 1491
3319 3016
617 612
5345 6055
4065 3882
6079 5820
3617 3471
2258 2157
4459 4293
119 150
4198 5417
3569 3368
1364 1272
1961 3987
596 443
4916 4717
4031 3844
1106 1049
774 649
4508 4339
525 334
3400 728
7278 7091
3140 95
1240 1087
304 88
4515 4324
2624 2471
5817 5590
2592 2404
6667 6464
956 913
5941 5738
2821 2618
2432 4344
4873 4657
4148 3964
353 2787
4453 4254
1373 1203
4378 5536
360 311
1776 3831
2786 2552
6255 5065
6537 6331
4283 4080
3798 3581
1657 1565
4350 2088
5662 5439
1798 1658
478 2904
4890 4684
6762 6545
5166 4877
293 2914
103 134
1218 1162
4612 2416
187 194
6154 5937
1487 1344
2547 2405
1805 1701
1869 1728
3585 3459
5937 6482
5965 5748
6821 6619
5353 6058
3152 2940
1819 1696
3766 3592
235 260
2607 2415
2189 2099
6829 6629
6023 5801
1966 1850
4506 2265
3743 1200
5950 5745
383 191
6809 6600
5360 5101
1347 3564
5612 5377
3893 3708
5239 5030
5788 5573
3063 2860
4419 4235
1954 3980
5067 4895
3925 3731
3518 3362
182 168
502 429
6194 5960
6289 6647
3784 3598
2183 2075
1032 970
5372 6070
582 3008
4599 4405
5513 5275
1411 1301
7478 7377
6314 6083
4440 4239
3905 3707
5748 5528
6029 5808
6432 6220
1051 893
4117 3915
248 244
3254 3139
7488 7286
5126 3150
5451 5213
3589 3437
4945 2883
883 828
5383 5147
6890 6679
2199 2078
2114 2002
1956 1844
1673 1536
4830 4635
7561 7354
2901 2706
2490 4377
4461 4297
2645 2478
3236 2916
3842 1364
938 730
4220 4032
2188 2080
5456 3683
5794 5585
6283 6048
4746 2541
1433 1274
6623 6395
1165 1015
273 2750
2413 2286
2540 2401
4582 4419
1445 1351
2823 2613
1308 1166
5781 5554
5728 4145
1202 1024
4023 3825
6508 6297
6211 6601
3202 3013
921 836
5529 5300
1080 876
559 351
5986 4592
6682 6478
5167 5935
510 499
5103 4802
1778 1669
3968 3762
5249 5013
5444 5193
2511 2367
1949 3971
2168 2060
7474 7267
3060 2859
1967 1860
69 104
4303 2008
7052 6842
2499 4391
6002 5780
5713 6314
1013 3325
6947 7078
7513 7141
2210 2110
1351 1220
1920 1775
3555 3404
6204 4971
7763 7563
232 112
6962 6219
3876 3662
798 3176
7178 6988
5923 5677
5807 5581
3009 2831
979 904
6763 6557
4068 3878
1156 1113
3203 2863
6225 5020
6900 6689
4606 4444
1439 1299
2618 4445
3417 703
4355 4150
499 232
3852 5196
3148 2947
2933 29
3416 4959
3253 496
5676 5452
5227 4957
5607 5378
2226 2112
3262 489
3393 720
4922 4720
2180 2074
4214 4031
4774 4562
3192 2828
2026 1912
1419 1258
5802 5587
3865 3644
2366 2236
2541 2402
3029 2841
5366 5111
2896 4663
3526 3292
6281 6057
3442 3301
7756 7557
7091 6889
7105 6893
4480 4300
5772 5547
5550 5320
1521 1426
459 413
468 307
3763 3546
983 792
3689 3476
3658 1039
3428 3290
4665 4486
8 42
7664 7458
2613 2475
2847 2658
7566 7356
5568 6216
3204 4769
4956 4700
7383 7190
2512 2368
5092 4910
3006 2815
1331 1170
5815 5598
7468 7264
3941 5252
7172 6972
1334 1278
1324 1171
5698 5482
3625 3396
5471 5225
3949 3755
682 627
1598 1510
2565 2374
7491 7293
6191 5969
2797 2625
356 348
1888 1772
5233 6005
588 561
2065 4057
6328 6102
2884 2692
3980 5298
638 3071
3475 3245
5876 5639
1184 997
7386 7192
1292 1181
2060 1933
1813 1672
7539 7335
5453 3676
4819 4624
4158 5394
3478 4949
429 425
858 793
6404 6183
1276 1221
3362 3101
174 207
7475 7270
3113 2753
2743 2557
1137 3482
1626 1531
3163 2991
254 203
6670 6459
1859 1749
5091 4897
4852 4640
6133 4836
6089 5858
5771 5542
856 3221
6986 6772
1260 1154
5333 5109
833 3227
6846 6642
5108 4892
3471 3340
6310 6085
1133 3432
1704 1600
217 249
7024 6808
2390 2242
4192 1868
2751 4528
6452 6752
6823 6609
3244 3116
5905 5665
7223 7233
6299 6084
2081 4078
1549 1462
791 3202
4205 1883
7568 7362
529 514
4241 4045
1882 1756
4404 4199
2837 2651
3687 5073
3700 3475
7494 7384
5303 6030
2033 1920
1123 3445
6357 5243
663 3085
6381 6165
6668 6463
5710 6315
2734 2580
4027 3821
5182 4972
1647 1550
1100 1060
156 202
3793 3578
5919 5676
518 2984
3320 3017
3932 3753
106 84
5089 4909
6042 5813
5398 3603
6412 5319
2363 2225
3570 3369
2410 2297
3914 3724
3659 3500
2727 2561
4281 5468
6977 6755
3434 3162
456 432
4814 4584
7235 7040
53 81
460 463
926 3287
683 635
6022 5802
5489 3739
1470 3637
1019 3342
4832 4628
2890 2697
1496 1395
1128 969
6532 5510
4256 4061
5461 5204
6561 6353
425 273
3735 3575
6009 5782
3128 2955
788 568
3688 5074
5896 5657
1267 1120
3342 3066
5707 5489
5687 5463
4390 4190
1226 1192
7594 7381
6155 5938
2681 2440
5304 5041
2673 2506
4087 5348
73 65
2422 4334
2508 2360
4012 1642
6379 5277
6124 5897
236 261
7323 7118
7199 6994
1895 1763
3462 3185
5885 5672
3324 3143
1453 1373
2804 2615
5636 6260
3850 3679
1337 3559
1348 3565
4433 2218
2057 1934
7619 7462
1800 1691
6663 6908
4371 4169
4304 2015
5391 6086
7497 7295
828 785
5381 5125
380 282
7357 6898
3229 2894
6516 6303
6344 5218
3975 3760
3415 3278
3130 2823
5749 5529
2961 2743
4479 4276
7049 6830
6208 5946
1354 1283
2897 2700
7113 6906
1442 1358
7675 7469
5051 4782
5473 3716
470 2927
4854 2673
1930 1823
6950 6727
7180 6977
4211 1895
3464 3319
7339 7137
3019 2824
5974 5750
3120 2906
3817 3601
1883 1755
3483 3238
3780 1294
6662 6452
2522 2384
7041 7122
7211 7010
2959 2756
7650 7436
7094 6884
5759 5531
7298 7284
5861 5646
3809 3629
5003 4785
6005 5788
1700 3811
6087 5816
331 304
4187 3994
7034 6812
598 503
4260 4063
4659 5708
4274 4071
5971 5759
6092 4766
6828 6612
5775 5552
1756 1644
2771 2568
4748 2539
3454 3300
2954 2767
7325 7124
3950 3778
4869 4662
526 335
2501 2364
6661 6455
1751 1652
5975 6508
1191 1052
3674 1111
4978 4767
1744 1649
4579 4385
7466 7368
6423 6208
4277 5464
3665 3434
451 451
2411 2255
7364 7323
1200 1065
1738 1650
98 69
668 3160
5598 5357
357 350
3577 5002
2682 2447
6750 5819
689 620
1590 1507
1566 1400
1965 1847
5800 4268
1194 1137
6375 6168
4855 4651
591 2982
5645 6270
6270 6060
1148 996
1729 1577
2456 2300
1824 3875
215 192
5608 5379
4700 4503
4787 5763
2843 2665
546 468
1312 1144
3870 3656
2367 2237
3011 119
4372 4181
3142 2981
6298 6074
3676 3450
3170 378
6117 5884
4839 4633
6185 6584
995 846
6030 6527
5035 4751
3051 188
6564 6350
3503 3289
508 295
4826 4631
6724 6517
7447 7248
5569 6217
3076 2878
7538 7337
1291 1146
6810 6607
1332 1197
5465 5216
6276 6046
5557 3858
1335 1279
7752 7552
3575 3332
3635 3478
1741 1601
2577 2390
2074 1961
402 367
52 47
5208 4939
5287 5009
5384 5148
7597 7456
4278 4073
5689 4082
1679 1578
4790 5758
404 3024
5151 4862
597 552
566 2983
4632 5696
4536 4343
373 254
242 129
7288 7100
2807 4612
2594 2448
2744 2558
7733 7542
1752 1659
6679 6471
1601 1508
6514 6799
2079 1965
1279 3588
2790 4580
1195 1108
1876 1734
1648 1549
3524 770
1203 1025
4010 3839
7553 7349
5351 3533
4172 3982
6467 6256
3260 2978
877 629
6546 6336
766 3170
5052 4848
3988 3798
1838 3879
4203 4018
6093 4765
479 2908
7558 7351
2349 2232
4255 4060
4974 4715
2609 2450
5766 5560
920 819
6522 6814
5798 6367
5211 4987
964 882
7125 6921
1960 3989
2299 2201
1210 1041
3427 3282
4891 4686
4497 2271
7087 6400
3568 3323
3646 3417
6336 6118
2893 2708
472 469
5024 4826
1514 1367
3628 1038
4836 4632
7507 7306
54 33
6568 6351
191 58
2006 1875
4694 4514
288 236
2470 2311
3939 3742
6209 5996
4184 4000
1271 1188
6697 5720
7563 7224
1759 1651
251 151
5902 5664
3368 3061
333 337
2311 2209
3206 2925
4771 5754
3121 2806
1249 1089
6577 6368
4722 4524
7556 7348
3505 3389
675 4917
1558 1476
3294 3078
327 94
3527 3293
1875 1729
452 404
3607 3386
6934 6703
6992 6278
1584 1498
5599 6233
1975 1849
2082 1967
265 217
396 2876
2516 2335
5085 5881
530 308
3998 1605
4502 2258
2758 4531
280 289
2848 2655
6113 5839
2732 4536
1745 1611
7000 6786
973 749
7042 6827
3746 1205
3760 3591
6550 6839
757 559
6548 6342
6177 5944
2557 2411
4001 1618
7620 7461
3153 4739
7338 7133
845 718
6758 5859
2022 1902
3439 3197
2063 1939
3984 3805
4272 5462
1326 1248
1401 3593
1298 1251
3695 3495
6734 6534
1473 1355
5113 4891
515 498
3266 3128
522 2957
3306 4849
6102 5875
6397 6192
2912 2725
3992 1579
5431 3633
1691 3809
5678 5453
5090 5915
6621 6410
110 90
1890 3922
6077 5848
7184 6593
5081 4830
2633 2494
6178 5934
3812 5167
1987 1873
2170 2071
6783 6564
4543 4375
1645 1543
4641 4440
2623 2470
5872 4378
450 448
7302 7291
3062 2796
5597 5355
6988 6777
3230 2999
752 727
4135 3951
686 614
7586 7450
5066 4905
485 408
800 774
2741 2545
1486 3655
4024 3851
720 650
865 3239
4874 4661
2219 2128
3599 3391
5380 5150
7569 7363
4242 4046
5027 5852
5900 5663
3281 544
6476 5413
3885 3678
3543 3384
2192 2087
924 746
2700 2516
359 317
2502 4387
6967 6744
363 179
6868 7033
5210 4947
3492 823
2289 4223
3919 1461
4098 3895
