1599 1198
1091 749
4832 2375
1555 1161
4438 3631
1038 820
1622 1196
5154 886
3841 4480
4149 3374
5133 4285
5073 4176
5212 4350
3918 3120
401 111
7289 6361
6099 4342
1228 897
7007 6082
5095 5170
2049 3339
2980 282
5704 4813
3465 2622
1924 1428
1000 2630
3290 593
2011 1495
4257 3449
2991 2294
4712 2093
1315 983
6131 5260
6760 5836
3503 833
4691 3867
2762 2074
3854 1239
6528 5630
7259 6332
2399 1810
7093 5835
1484 1107
6582 5674
4305 1693
2676 3828
6207 5810
6878 5948
1670 1252
7184 6264
3649 2851
5397 4556
4694 3871
3122 4004
1819 1343
2292 1725
6758 6169
6260 5365
2483 1849
1317 2828
931 2547
3409 687
1903 1410
5174 4306
7466 6480
966 658
3589 4300
5864 5020
5045 4197
5349 3101
5248 4410
5986 5697
6319 5894
7255 6434
4663 2025
6922 6246
7506 6590
3899 3102
4576 3727
4271 1668
1041 2661
3011 2186
5757 4898
2624 1959
4862 3952
4926 4029
867 2634
5038 5114
5738 5590
2425 1794
1371 978
449 222
827 640
477 249
817 635
1728 3117
5170 5202
1551 1106
3151 2427
2801 2164
987 636
3450 2618
6491 5589
2656 3824
2441 3634
2706 2035
2026 1506
4144 3370
6472 5548
6361 5462
4743 3904
5857 3951
1114 860
5437 3246
815 616
3915 3119
3370 675
2931 2246
1065 2685
6355 5463
1598 3029
6759 6170
1605 1216
2694 2038
6254 5364
2501 1873
1840 1368
1896 1404
1345 963
6356 5920
2185 1622
672 402
2249 3511
4342 3513
3103 2374
3799 1167
7453 6560
5662 4793
3248 544
3046 2349
3861 3069
5527 4690
3348 4109
6677 5766
974 629
3054 2354
6895 5958
112 22
6706 5797
6530 4951
3906 3106
2698 2020
3801 1182
5066 4249
4107 4642
925 4164
4916 5017
2511 3683
2081 3363
4918 2465
6007 5703
2575 1919
759 597
5727 5583
3890 3103
6488 4856
6262 5377
1167 2745
972 666
1163 783
1965 1461
1307 922
2071 3366
2782 43
4752 3958
1584 1162
2491 1850
2648 1967
3784 2997
5827 4963
6493 5573
4043 1425
405 223
1217 2780
6042 5141
2299 3538
6420 5534
5717 4838
7317 6386
2068 1525
5191 4360
5125 4254
3422 2591
5533 4706
5682 5564
4810 3999
397 114
3613 4357
6816 6197
7087 5818
2956 2286
5745 4878
1904 1409
1843 1369
1506 1100
3149 2337
6711 5795
294 263
5983 5074
6438 5977
2899 2213
2403 3610
2498 1877
728 582
3240 515
4559 3710
3526 2789
7180 6409
4405 1774
7431 6498
5584 3482
4168 3396
3321 2568
3171 2347
93 8
782 617
1643 1222
3972 3185
4617 3797
534 384
3567 4274
4904 2455
2582 1951
7299 6210
4732 3912
3555 4266
3094 325
1242 2803
2917 2223
2079 3372
1417 1048
6766 5841
5875 5036
486 410
939 729
576 2368
2304 3557
2232 3479
3460 2729
5419 3221
547 331
5707 4826
3774 1150
3292 2462
7529 6591
6174 4452
564 453
5756 4892
6442 5523
2178 1631
2365 1791
3237 563
6779 6180
4039 4596
6063 5168
1781 3148
1416 2951
3829 1226
5382 4544
5340 5325
6352 5464
5143 5205
5255 4411
7513 6571
7434 6545
5032 4182
590 486
6638 5169
404 339
1638 1201
2996 2161
2362 1799
5912 5647
446 253
2003 1491
6777 5856
7480 6569
4865 4990
4160 3383
7351 6419
7037 6115
4483 4837
507 396
6428 5543
4274 3500
1668 3058
7557 6625
5137 2815
1676 1245
5242 4402
3796 4454
4871 4008
6164 5284
4413 1783
4659 3829
637 2348
2571 1915
2021 1504
6764 5839
1562 1143
1927 3261
6757 5837
2725 2050
3194 2379
6169 5295
4863 3968
4183 3424
3402 4141
535 269
3434 4161
4229 1657
5583 4732
3633 4365
1640 1186
4595 3742
1808 1353
3645 987
3564 2758
6443 5524
7264 6161
671 2404
2915 2230
2720 2045
3909 4514
4958 4052
2577 1955
1358 1021
6541 4971
5721 3661
7191 6270
248 74
2482 1815
3510 2765
3901 4515
4407 3622
117 2
3377 2607
3091 2423
493 358
2266 3524
2629 1994
906 2555
1130 778
6731 5812
427 2209
2238 1672
3561 4271
3747 2948
2382 3594
4642 3805
3730 1090
4644 3809
1407 2899
105 17
2194 1642
2631 3812
4785 5018
747 483
1076 750
5946 5672
1395 1036
4484 1851
1007 706
5368 3130
3859 3056
7078 6149
19 5
1754 1299
1996 3302
3443 2628
2329 3568
3605 954
2072 1539
6487 5582
1835 1364
6166 5287
7013 6295
2494 1874
6797 5872
2593 1939
6456 5987
6444 5980
818 496
3797 2986
5046 4198
4541 4880
6290 5404
3485 4231
4812 4013
1192 905
1610 1213
6373 5469
3491 2759
6475 5559
4269 3466
6378 5478
2821 2144
4867 4994
902 694
1258 870
6935 6261
4294 3516
7211 6058
377 333
6394 5512
783 2506
3721 4393
4980 4084
4549 4877
3209 494
5430 4590
5445 4600
7035 6312
6459 5992
3294 2488
450 381
5102 2770
5768 4899
6470 5571
3049 2216
7525 6583
6524 6033
273 83
1837 3195
7361 6307
5275 4434
1159 881
889 702
7271 6347
7122 6209
7436 6503
5335 4507
569 481
3584 911
6915 6245
1507 1130
4464 3646
5984 5097
2745 2085
7208 6418
6283 4597
689 2380
5355 5332
7341 6417
682 450
3015 2117
3881 3077
7427 6543
5317 3020
5218 4383
548 457
2628 1969
2633 3808
5969 5101
7454 6518
5888 4995
4313 3499
5752 5594
6043 5140
1055 2716
3165 2334
111 21
554 2301
442 232
4960 4140
6739 5826
4910 2443
4310 3531
7166 6247
7537 6600
6847 5451
6321 5433
6840 5913
5230 4386
1210 858
4985 4103
2496 3669
6671 5767
7171 6253
1418 1063
3391 4144
3583 2786
2040 1509
6572 5676
6522 5622
7088 6339
3417 4142
2581 1950
3527 831
4186 3421
247 45
6573 5636
4592 1909
517 440
3449 2600
4097 3314
978 748
6631 5714
3714 2907
4281 3476
3480 2643
1755 1314
3451 4205
6440 5521
3114 2225
1785 3145
4220 4716
634 503
7497 6586
5395 4558
1314 989
5504 5430
3871 3063
2942 2235
4474 3676
954 620
692 2409
1921 1422
2374 1766
964 661
4248 4730
4400 4788
3528 2687
3023 2329
706 569
791 530
234 221
4389 3600
7420 6490
2768 3862
4801 3892
1082 818
5691 3635
4014 3230
1629 3022
4499 3693
1396 1004
5537 4708
6857 5935
3669 2890
5121 5175
3176 2333
6188 4475
985 2640
4903 2447
6996 6055
2490 1863
3876 3094
655 391
4396 3596
3713 2955
6213 5318
7391 6464
772 608
4488 4834
4532 3731
3478 2741
1560 1141
5948 4091
359 288
76 72
5213 5245
497 234
418 162
6018 5153
241 63
78 2120
5955 5058
4547 3705
6012 5151
5067 5136
7357 6425
5119 2790
6467 5553
2076 3358
583 474
383 120
5136 4295
3183 4051
593 349
5336 4495
4966 4114
580 356
3419 2567
4058 4613
6819 6201
4657 3827
5209 4376
7089 6164
5524 4682
1850 1372
6625 5724
7377 6450
6513 5607
1940 1442
5766 4897
4567 3712
7276 6453
1673 1251
7094 6176
1612 1189
899 704
2721 2044
2004 1492
4979 4094
7308 6375
4680 3851
5083 4206
3511 2764
810 594
3096 400
6230 5341
5318 4474
3381 689
6913 6243
3739 2971
6121 5239
4923 4090
4625 3803
6481 6000
3380 4134
2387 1769
6931 5572
1101 751
3922 3105
4606 4894
6558 5666
4397 3597
1820 1355
2435 1804
5485 3311
3802 3006
3943 3160
4119 3346
5099 4223
3227 2408
1797 3156
4872 5022
2599 1902
4893 4042
5392 4548
3146 2435
6060 5184
5052 4235
2029 1497
7174 6252
4967 4115
6090 5195
2932 2059
2417 1785
1410 1035
4131 3344
351 118
7235 6426
6297 4607
1340 2853
6184 5297
1185 801
1662 3061
39 51
3252 2517
5945 5078
3925 1307
5231 2941
2602 3751
5854 3921
271 2153
7318 6485
4678 3849
5978 5118
209 173
7067 6136
3005 294
4519 3684
3768 2995
2376 4786
729 413
1427 1049
7156 6244
3779 3004
122 32
549 2283
7239 6316
3766 4435
381 341
3529 2739
1994 1480
5384 3151
5795 4929
5797 4933
1746 1277
6336 4686
7000 5715
1656 3042
6154 5277
3594 2799
3293 2463
1740 1278
1438 1031
431 2252
4990 4099
4733 3922
3905 3104
3717 2943
5333 4506
4287 1678
127 142
3357 2617
2018 1489
5506 5435
4450 3658
2727 2048
5078 2656
2967 2291
108 94
7414 6389
5051 5162
7450 6513
3342 2512
2439 1803
3315 2592
7435 6546
6484 5580
3065 2250
3396 4132
5477 5417
4536 3735
6158 5282
756 577
6284 5393
875 2525
5905 5053
2278 1722
6802 5878
6705 5787
6846 5907
3840 4479
6986 6052
2216 1655
2485 3671
2669 1980
3322 595
6581 5673
7258 6329
4950 4073
528 408
3040 3934
6325 5437
7262 6340
2891 2217
454 2229
2016 3313
2315 1723
3824 1206
6952 6268
4264 3474
293 201
1489 2964
4611 3793
3820 1207
6721 5798
3124 2384
2175 1619
4623 4913
1441 1024
1745 1273
6183 5298
5238 4406
1987 3300
1739 1272
7001 6071
335 132
5989 5119
386 2367
3452 4204
2665 2002
1811 1356
1359 1022
3379 2528
4151 3357
2541 1853
7157 6241
6110 5209
4881 5012
5037 5113
2215 1667
2013 1485
179 16
4259 4726
2241 1709
1350 1002
3869 4496
485 2207
6070 5739
2095 3376
7429 6544
1306 918
3598 2835
7369 6439
1147 855
470 392
4597 3765
283 225
5689 4811
2632 3813
4675 2047
4030 3243
4156 3382
7261 6442
1804 1331
3403 4143
4602 3779
5043 4229
1388 2910
2025 1496
6291 4601
5142 5201
3414 2663
3119 447
4381 3561
6248 5358
6621 5144
942 2647
7203 6056
6103 5229
1518 2969
5943 5076
4983 4153
1998 1479
5860 5016
5788 4919
3288 4081
769 2469
1229 2793
820 615
5944 4065
6800 5877
5076 4196
6654 5747
3356 2603
4493 4842
1389 1044
5225 4375
2940 2220
6402 5510
4883 4054
109 105
762 473
794 2467
3184 488
3074 3939
4044 3254
2639 1987
4957 5071
3420 2566
6686 5780
3365 2522
4813 4025
7217 6289
1917 1414
5916 5667
951 662
3885 1269
5273 4441
7340 6415
5808 4943
4215 3438
4345 3558
1103 821
5103 2771
4143 3361
3698 2891
6159 5281
6767 5843
5072 4217
6646 6078
5671 4797
2246 1679
6719 5806
1763 1317
3214 2424
5966 5063
5475 4631
6085 5183
4667 3838
6826 5899
1772 1328
3081 2281
5134 4312
5376 4535
5379 4539
1711 1284
5985 5098
1344 2848
5919 5668
2077 1532
603 491
4830 3969
3418 2614
147 191
5286 4448
1474 1105
6490 5581
2165 1603
4063 3281
995 2605
5329 5822
6144 5250
2562 3739
5525 4683
264 224
6567 6042
849 517
6435 5539
4782 3901
5055 5121
5760 5604
1604 3023
2998 2119
6344 4697
3104 3964
4035 3250
7015 6091
1596 1178
2553 1913
2958 2090
1171 2766
4636 1979
755 433
5625 4755
230 2077
2615 1957
2886 2189
5482 5422
4251 4724
778 557
6531 4948
4548 4883
2043 1519
1572 1159
3815 3028
440 2200
1825 1344
6987 6062
3318 592
7406 6482
2739 23
18 3
1798 3157
7548 6614
137 60
7285 6358
5343 3089
4081 4627
2138 1602
5849 4989
3910 3116
736 420
2815 96
5806 4939
1922 1423
5961 5085
1681 1227
3530 2738
1008 709
1918 1420
5092 4276
4083 3295
7482 6548
3045 2201
6412 5535
4473 3659
5585 5471
4765 3967
848 514
3858 3084
5553 4705
718 479
3016 3884
1687 1258
7108 6362
7422 6492
3408 700
4873 4997
6117 5763
290 235
2893 241
996 676
3919 3123
3385 4137
3757 2954
5959 5051
1247 936
2372 3607
5793 4924
304 267
1944 1443
5068 4189
779 558
6908 5985
1561 1142
7522 6579
1836 3186
3835 3059
735 2421
3287 2450
1659 1242
3188 485
132 107
3207 2491
167 134
4824 3910
3751 2961
4513 3677
7309 6377
5315 4465
3221 2389
4587 1912
2805 2107
2214 1666
3568 901
5970 5059
5502 4652
4949 4050
6842 6212
1493 1051
2325 1765
7470 6567
7234 6300
130 54
244 242
3228 4049
6708 5300
2497 1825
4640 3791
6589 5690
4418 4795
2305 3551
5491 5426
2015 1488
1624 1191
3401 686
4421 3592
472 272
7378 6451
5446 4602
1955 1450
3956 1337
4079 3294
5776 4905
5563 5459
1302 914
1399 2887
6272 4576
393 211
1893 3237
297 281
2142 1596
1980 3298
2113 1555
6163 4430
6200 5314
1016 781
3133 409
5145 5197
5390 4546
7412 6390
3785 3011
2689 2033
2540 1933
3427 4178
3187 2364
3789 2976
1742 1293
4798 3928
3689 2922
5124 4261
1706 3099
4711 3893
2649 3819
6109 5219
7027 6092
6452 5984
5562 4711
4461 1830
3793 2987
1719 3097
1803 3165
5530 5446
695 405
7106 6193
2146 1581
6979 6275
3966 3169
3080 3944
6392 5506
2578 4876
3916 3122
7405 6483
6249 5357
3726 4399
1161 866
1090 2686
2062 3354
6246 5359
3749 2965
4337 4756
336 309
2966 2103
246 246
1847 1370
4512 4851
1212 846
3084 2352
3 10
4104 3316
6608 5111
5462 4617
4763 3948
7319 6486
4887 2272
4542 3721
4524 3681
1364 1020
803 2479
5630 4771
5048 4155
5401 4559
2060 1516
5063 4245
68 89
265 2062
1492 1118
1499 1056
307 102
5633 5511
1256 915
1031 2653
5810 4954
204 178
4412 3581
2288 3533
1385 992
2861 124
2059 1524
2316 3555
123 33
4816 4982
4551 3692
4818 4985
5385 3152
3889 3086
7237 6314
7163 6236
2709 2036
5070 5158
7177 6250
395 215
1135 785
4489 1831
2613 1941
7535 6599
3373 2625
2484 3632
3470 4226
4398 3566
4288 3508
5734 4853
5056 4218
1170 2761
3791 3013
4369 4775
3297 2480
1985 1467
5650 5528
5605 5490
1512 1138
51 75
3617 4320
5593 5481
3003 3936
5716 4850
1682 1234
2463 1841
5906 5054
7091 6346
2708 2037
2260 1688
1141 2722
69 47
4231 3428
2514 1845
3479 2642
1874 3222
828 653
993 2610
3185 4005
6948 6024
475 406
5930 4063
4041 3253
6329 5442
713 560
2892 220
1490 1117
7205 6278
898 696
301 2080
1517 1073
1856 1374
5044 4159
5298 4463
2209 1665
2298 1733
2083 3367
2910 188
3926 3139
2999 3957
2622 1966
5409 4572
5165 4305
7100 6351
2459 3649
7169 5998
2635 3810
4343 3523
4372 1767
59 56
2666 2003
269 256
1688 1260
7528 6610
6990 5683
5386 4540
4201 3442
2149 3409
6122 5241
3204 2327
2351 1745
2044 3336
6923 5563
6239 5354
2343 1742
2905 2060
4023 3242
7483 6547
432 364
5999 5093
1023 793
5613 4746
1554 1131
4766 3966
965 2602
3994 3200
4094 3306
1422 2909
4825 3927
1910 3247
3579 4286
3375 674
439 377
881 691
1949 3278
1536 2967
6391 5499
4726 3875
3904 1294
152 122
6988 6063
7020 6097
841 648
4208 3420
6098 5220
5257 4431
3622 981
506 2231
1857 1375
5601 5488
13 27
945 612
5539 4688
2173 3435
6975 6043
3269 2454
5651 5537
7101 6352
5962 5086
5655 3578
6271 5849
2796 2072
303 244
3413 2572
4135 3360
6508 5605
1488 1079
7233 6100
3549 2768
3314 2504
110 106
3675 4374
5706 4828
6959 6031
91 87
3825 4473
1535 1077
1318 971
103 109
4520 3687
1120 2742
2579 1964
5480 3308
1118 2692
3220 2366
4804 2321
5305 4469
1104 822
3585 2824
3428 723
7469 6539
1871 1388
3580 2825
4155 3368
5193 5226
4329 3536
6280 5390
5967 5064
3894 1283
5748 5592
5476 4632
540 2312
257 34
3108 2279
7144 6226
153 123
2198 1648
6566 5662
3007 2290
6096 5218
2611 1940
7046 6123
3666 4355
1630 3026
5931 4062
4831 3970
846 606
5129 4262
3608 953
5287 4449
4528 3697
3814 3017
5598 5486
1083 2684
2210 1664
4210 1608
2177 1615
5714 4848
7485 6549
7090 6165
1191 898
5920 5014
1946 1445
5140 2821
1885 1402
4462 3675
3337 2595
4577 1899
1970 1469
6066 4282
5942 5079
4297 4738
287 205
1457 1080
6936 6012
4523 3680
1503 1122
4339 3548
4992 5092
5344 4498
3383 2533
4899 2418
830 660
4443 4807
543 444
3818 3039
4634 3783
1370 1015
4654 3830
6416 5969
2314 3554
2012 1487
3686 4394
5632 4762
3343 2609
447 2198
276 255
4072 3290
4561 4886
2870 2149
6358 5454
6775 5851
1818 1358
6676 5233
1632 1221
423 337
1550 1156
345 279
1642 1233
7384 6462
3718 2944
331 313
816 535
1094 759
2576 1934
4423 3627
5665 4778
2186 3445
5253 5263
5879 5639
4195 3413
6028 5713
2067 1529
2151 3418
3812 3014
5327 4485
2295 1707
4005 4575
3712 2956
6268 5381
6994 6054
6460 5989
6127 5254
444 227
1848 1371
6714 5794
3160 385
7223 6421
6783 5861
5786 4921
5517 4679
2609 1981
3069 3930
1981 1474
6726 5305
1870 3215
6535 4956
4874 4998
7527 6604
2345 1775
4503 1866
6203 5807
4944 4104
398 151
6622 5710
1634 1210
5284 4428
802 549
6969 6273
3837 3052
5575 4728
7397 6525
5261 5271
3386 4138
3425 2593
5402 4560
2584 3749
6335 5447
715 2398
5599 4750
7084 6156
1260 942
2627 1990
3969 4553
3957 3174
3836 3060
6388 5487
3002 2187
2515 1844
3556 2769
7164 6237
133 108
686 414
5139 5190
4302 3521
6805 5885
969 2613
3960 1346
1621 1195
1655 3045
609 355
1272 941
2712 2042
3519 2688
6942 6021
5618 5498
4571 3725
80 80
3971 3176
6704 6145
6120 5240
955 665
5112 4247
5027 4170
3442 739
710 501
2702 2028
2002 3307
4426 4799
1539 1093
208 137
877 707
3498 819
1328 970
309 58
4157 3373
6053 4201
3536 2695
6593 5700
2970 3891
1816 1357
3476 2660
1971 1468
4225 3453
1257 930
3612 2836
864 679
1236 852
1528 1097
1181 854
399 177
4496 3689
2587 1968
2397 1809
7040 6117
5674 5552
5417 4571
6610 5096
1725 1295
746 2464
7118 5895
2054 3341
6956 5608
717 425
5016 4187
7447 6440
2074 1535
3116 422
6217 5317
6526 5623
673 421
4935 4100
4095 3305
6501 6018
3191 2489
4129 3351
6843 5903
7353 6497
5151 4332
6177 5293
4314 4747
723 435
4553 3701
2911 189
7028 6093
5283 4457
3577 4287
2418 1818
5910 5651
6902 5531
6129 5771
3027 2168
4882 4053
1807 3170
5322 5313
3067 2182
2458 1811
6210 5326
7260 6335
2147 1582
6980 6276
7120 6204
4909 2445
6703 6142
3618 2846
3070 3938
3970 3173
4956 5070
4579 3753
118 26
4877 5009
5075 5146
2282 1694
6852 5926
2775 2106
6780 6182
4753 2224
4756 2101
2756 2076
1381 1025
4117 4646
1919 1417
6620 5142
365 305
1035 802
3481 2757
4907 4017
4447 3615
6242 4550
3993 1377
3309 2492
4087 1473
5684 3621
4554 3723
2005 1486
5805 5626
3325 2457
6928 6004
5179 4314
1762 1316
3123 2232
5474 4630
5990 5123
7358 6305
4125 3335
2041 3328
7277 6350
5138 5191
5064 4246
5894 5035
5372 4528
7392 6471
4565 3722
1404 2900
1201 917
4182 1599
5708 4833
3113 415
3838 3051
928 598
7073 6144
5710 4840
3306 2431
5371 4537
2427 1796
2297 3542
2117 1567
6303 5875
5514 4673
1881 1395
7370 6441
5600 5489
6523 5625
6788 5865
6261 4570
2137 1571
6519 4941
166 95
317 265
2920 2259
2296 3537
2672 3821
6005 5717
5122 4299
2736 2073
6328 5439
1199 803
5724 5577
3691 2935
7518 6574
1058 740
5294 4458
5603 5491
4366 3570
1119 2693
3696 2908
4510 3711
203 160
4806 4026
3041 2358
4232 3429
4408 3611
5790 4926
12 11
1618 1215
1208 916
5991 5124
6770 5847
6273 4581
4638 3804
6949 6025
529 2278
6106 5758
4273 1669
6009 4183
2955 2271
1880 3233
7495 6584
5405 4563
958 669
3477 2724
5974 5090
765 571
3364 4125
4616 3795
1214 2782
1964 1454
3092 404
5147 4323
2837 92
6034 5120
3254 4068
7444 6510
1695 1255
5607 4739
1544 1094
5262 4419
2871 2148
6514 5609
469 393
1925 1431
6295 5867
6037 5129
4432 3628
2118 1573
2253 3493
6735 5821
587 2302
1357 982
5251 4414
6097 4336
5387 4541
2268 1719
598 347
3845 1230
940 2590
515 2260
7139 6221
6793 5413
915 611
4055 4604
1084 753
932 710
4146 4660
2352 1746
2120 1568
6934 6258
7165 6401
2564 3732
2307 1717
5908 5052
5295 4459
7514 6572
82 71
944 2682
7491 6554
4126 3349
3908 3125
615 352
4018 1396
3700 2929
4317 4749
7051 6120
5566 3430
1049 806
588 2353
3244 4076
4253 1649
2561 3745
1794 1341
6521 4946
492 273
4932 5045
6941 6016
5398 3182
5207 4369
1684 3065
4500 1867
7540 6603
6943 6023
1520 1112
2123 3391
7143 6228
7266 6342
3128 2425
5669 5544
1779 1313
7442 6509
2036 3326
4609 3789
3130 3990
2370 1762
3522 4234
3085 2266
947 663
1089 2696
6038 5130
980 670
6893 5513
1585 1184
4880 3953
6269 5382
4348 3529
796 600
3676 2918
3499 2774
3524 2694
6864 5933
2829 2157
1961 1453
5183 4353
3647 2868
4805 2322
2328 1737
2109 1565
3270 2554
7070 6151
3857 3080
7486 6550
7124 6368
2971 3890
4600 3764
2023 1501
1931 1434
1869 1391
2954 2123
1653 1235
4316 3532
1556 1165
2341 1749
1218 2791
1694 1264
2982 2082
3437 2664
4368 4768
4580 3733
5645 4783
1190 904
7400 6529
4056 3271
936 649
2957 2091
780 588
7173 6255
4795 3873
6327 5443
4815 3935
1421 2905
7135 6373
4370 3575
5980 5685
1926 3256
1834 3181
2923 2254
5921 5015
7460 6526
488 239
6013 5109
66 77
3759 1111
813 632
6463 5994
1715 1275
6067 4283
7026 6304
6533 4950
6275 5852
5457 4615
2619 1946
5433 5388
6479 4810
4574 3747
5688 4794
687 562
1540 2973
6232 5340
7272 6171
366 304
7439 6504
3179 2470
4234 3473
7471 6568
406 136
5505 4658
3203 500
6204 5311
1753 3109
6889 5965
868 634
1341 999
6413 5538
3736 1089
5199 5232
6786 5863
2543 3696
792 510
6165 5286
319 259
346 280
1537 1098
7052 6119
3578 4288
3591 2837
332 314
979 677
7049 6121
6398 5507
2248 1710
1188 887
1764 1326
6693 5785
6590 5066
5053 5127
3632 2838
306 62
1352 980
1790 1323
3305 4108
6495 6013
417 145
3283 2562
4938 2482
4508 3704
142 68
6747 6163
2531 1833
2965 277
3195 487
4895 4079
5084 4227
4006 3212
2086 1551
1264 2858
2287 1730
1982 1475
2252 3514
0 1
921 609
5659 4789
2897 213
7407 6481
3681 2906
2445 3643
3458 4188
1014 2655
3844 4488
2517 1881
4330 3544
2032 3322
1073 717
5403 4561
2558 1921
5614 5495
394 199
4962 2530
6841 6213
870 627
886 556
4781 3980
4073 4619
388 200
949 619
328 301
509 445
3445 4194
4687 2070
7240 6315
3961 3179
638 418
7339 6416
6886 5963
3304 2461
3923 3140
2874 161
4802 4972
6471 6002
5558 5461
4537 3715
4550 4862
2486 1846
1501 1123
163 182
6196 5312
5267 4412
4936 4096
5636 5517
2467 1861
3497 2778
6116 5214
6045 5128
6247 5355
4533 3698
1067 733
1523 1102
1969 1464
3571 4278
6742 6159
571 340
4772 3971
3895 3087
2545 1895
6859 5939
7086 6338
5220 4387
157 115
3259 2406
3619 2872
1099 2705
6173 5290
1265 955
6795 5870
2099 4672
1884 1400
7176 6010
5765 5606
6745 5342
4575 3746
2259 1690
5896 4981
4695 2087
6211 5329
3642 2844
6920 6009
3473 2749
4363 4767
6699 5793
2714 3844
6844 5916
5060 4224
1175 2767
7048 5782
7252 6331
2872 2172
2203 1656
3225 537
5927 5652
3483 2633
1071 837
3192 2490
5081 4243
6084 5196
5471 5415
2820 2133
5152 4333
6178 5294
6430 5525
3504 2717
4661 3831
1669 1246
6723 5805
6288 5403
1986 1477
5692 3652
1698 3073
631 499
2981 2318
823 625
581 354
2271 1703
4641 3806
1526 1144
2790 2113
6781 6183
1866 1379
4454 4817
7441 6508
4346 3556
2699 2024
4468 3655
628 2336
5407 4568
5444 4599
3475 4209
5732 4865
1737 1315
1047 2704
2488 1824
4670 3834
2507 1859
3792 2980
7079 6334
3978 3197
3610 2829
6606 5693
787 509
6306 5420
7279 6353
3033 2338
500 427
1131 787
5235 5266
6539 5635
5653 4769
5303 4455
839 536
4011 3232
313 285
3234 2514
811 645
2684 2010
3134 2287
6670 5756
6860 5937
3672 2892
897 2569
3310 2561
1390 2913
6591 5670
2105 3384
342 113
567 471
211 2083
6457 5555
6817 6200
5589 5484
3996 3206
2763 2068
6354 5921
7474 6495
2950 247
4978 4160
5415 3217
1353 1012
6499 5599
3496 2763
6938 6015
6678 6112
874 688
2066 1543
5467 4624
1769 3135
3057 2173
5698 4818
4102 3318
641 524
7403 6478
640 374
4270 3467
3312 4113
712 561
7440 6506
3813 3035
7291 6192
7179 6262
4307 3506
2732 3855
3141 2267
6111 4361
591 351
5426 4587
2948 2269
216 172
3388 2645
3276 2540
3602 2822
7464 6530
3535 2720
5010 5099
918 2542
481 419
1581 2999
3896 3111
3038 2361
2567 1918
5595 4737
7362 6429
3446 2697
4573 3724
3230 2507
5240 5256
1232 2805
6035 5737
1021 2670
4991 5080
2330 1738
3848 3049
1079 2680
4740 3895
47 39
5522 4675
6585 5661
1125 735
4860 3961
6881 6227
4749 2206
2924 2255
1937 1439
3213 2511
360 289
3953 3147
5033 4184
4885 3960
6235 4529
5777 4911
7383 6461
3999 3209
3701 2932
1948 3279
3760 4423
2620 1947
7356 6423
4779 4962
6153 5285
4479 4835
6240 5352
4947 5062
3331 4101
1139 797
1626 1183
5176 2856
6095 5755
3886 1266
6017 5161
2479 1843
2523 1871
3952 3166
2092 1546
3077 2258
4430 4803
2992 2178
6466 5562
1577 2993
321 297
5935 5026
169 206
6191 5304
5845 3914
3803 2992
1015 2654
1366 968
6185 5302
6382 4752
6974 6037
2668 1988
4588 3761
6334 5445
1933 3270
1274 885
233 112
1189 888
240 48
243 103
4827 3919
518 451
1575 1126
6263 5371
4033 4593
1791 1324
1651 1228
5837 4960
4672 3837
2172 1636
2424 1795
3877 4501
1398 1028
4643 1992
6015 5139
3936 4524
2612 3767
1446 1030
7076 6333
797 601
6872 6224
5447 4608
6999 5692
4628 3771
5725 4868
2854 2197
6785 6184
2653 1971
3273 2549
5381 4534
194 185
3719 2945
1289 958
4177 3401
4599 3775
4051 3264
2830 2158
4291 3487
653 516
6385 5496
1801 1330
6644 5734
6559 6035
5227 4367
5270 4425
2024 1502
5150 4331
5006 4185
6276 5385
1095 2676
1932 1435
1033 2641
627 513
1941 1441
838 682
508 300
6806 5883
3347 2599
4649 3816
6072 5194
2919 226
7221 6422
4283 3503
2650 1993
5497 4644
4854 3941
970 747
3734 1071
2945 2061
83 101
4796 3874
5572 5456
6587 5686
7136 6374
415 357
2902 3880
3934 3142
4776 3883
805 622
318 97
2674 1999
814 633
4409 3614
607 2371
6673 6110
3439 4166
4552 3726
5428 3236
6477 4809
5499 4664
1541 2974
4925 3994
5012 2619
5750 4872
7286 6356
2559 1897
7281 6355
3777 4436
4721 2111
4534 4857
2858 99
1878 1385
3101 3992
3217 2363
4864 3998
4325 1708
4545 3759
3474 2750
7316 6387
2106 3380
1729 3112
3199 2436
5924 5039
2378 1768
4482 3664
1500 1060
1204 2808
7080 6152
5784 4945
5412 4573
385 2222
5141 4284
6104 4310
6862 5940
988 678
2522 1901
322 296
4555 3699
6489 5586
1538 1099
2502 1837
4665 3836
1039 794
1815 3171
4293 4736
6834 5904
6311 5887
6318 5428
7050 6122
356 157
5498 4645
302 268
5918 5004
3166 2335
3311 2486
5278 5280
4311 3507
2850 2175
4773 4961
3164 456
1527 1145
3737 2933
4598 3748
3231 2515
7415 6391
1006 684
2436 3642
4965 5065
3366 2526
1237 863
3574 2819
2001 1482
743 429
4469 3636
1298 967
770 2497
6462 5561
4358 3573
2056 1508
4193 3426
5007 4192
3743 1101
707 566
6171 4446
5567 4718
6052 5152
4679 3850
7066 6323
2034 3319
7505 6588
6326 5441
4491 3645
6133 5247
2695 2018
6882 5953
4004 3225
1402 1027
3654 2857
2129 1598
5544 3403
5696 4827
402 2159
1132 847
6910 5991
181 141
5899 3932
1001 2631
3569 2823
6194 5306
5981 5072
3198 2502
5968 4119
195 230
106 2135
3426 730
5440 5396
4683 3852
1156 760
7389 6467
5680 4805
5004 2587
5753 4847
1707 3088
784 550
7301 6477
3514 2689
1338 2842
4138 3342
177 155
7385 6521
3708 2930
5677 3613
4843 4035
3603 950
1894 1399
465 219
6225 5324
2456 3639
3110 2296
3545 4257
806 621
676 2422
6998 6061
2350 1788
976 763
6285 5395
541 372
5451 4610
3018 336
3563 2816
5420 3220
4383 4779
6474 5554
3247 2519
3371 2520
7178 6410
1495 1115
4490 3638
1627 1180
4735 3905
1700 1268
7363 6430
2713 2043
3341 4110
3156 2304
5907 5050
5528 4678
6619 5143
2401 3620
4964 2534
1400 2882
3014 2307
5367 4530
1473 1042
3411 711
7501 6564
1916 1419
1299 912
5853 4959
1373 1026
6002 5704
4247 3444
4914 2471
2240 1677
5291 5289
1281 947
1890 3235
3100 2400
4212 3446
2551 1883
6854 5924
6958 5629
519 2243
3301 584
1270 879
7551 6616
1268 923
1468 2927
1319 2869
2438 1802
3656 4348
1979 1465
135 116
1263 948
1403 1033
2022 1500
3937 4523
192 149
1254 2807
375 319
5224 4388
327 2138
3000 2332
1044 824
4757 4986
2167 1614
4161 3379
424 367
1800 3162
6692 6131
7056 6126
5568 4717
425 370
2503 1864
4046 1429
5074 4177
5846 3915
7352 6420
3506 4258
6640 5743
1177 895
1839 1362
6088 5189
7158 6396
3490 2743
5473 1476
1543 1135
5216 5235
6309 4634
4436 1800
2470 3667
2408 1780
3954 3168
2617 1982
4061 3280
7199 6277
1155 865
5774 3799
7324 6402
3368 2560
3291 2453
4034 1412
5369 4520
7437 6427
1588 1190
5416 3218
3218 2382
1420 1016
6502 5602
6529 5631
592 327
5468 4625
6700 6140
6765 5844
3035 2179
4476 3650
4706 3877
7044 5773
5288 4432
3279 511
7280 6354
553 452
840 599
2927 2071
288 86
7315 6385
6964 5645
275 245
3983 3192
6877 5952
2449 3657
5939 4078
5804 5621
1052 728
1453 2924
4475 3660
4380 3585
5771 4901
6125 5251
6875 5955
3238 4064
2973 2248
3454 2726
7202 6287
2009 1494
6656 5754
2053 1526
3744 2946
4884 2403
3243 564
1582 3009
6534 5632
1956 3283
7072 6143
1510 1129
6238 5347
31 73
3658 2897
1368 2867
2471 3668
3105 2340
2450 1828
3878 3092
338 91
3761 1128
1080 2681
5058 4175
141 67
521 2309
3697 2921
6517 5611
2317 1724
4652 4932
6071 5742
3517 2703
413 345
2657 3825
7462 6528
4930 4105
6447 5546
5778 4912
6679 5765
2662 1974
5702 5574
5330 4499
2659 1978
6201 5803
4892 4041
6115 5230
441 233
4266 3464
6228 5336
4821 3909
4105 3321
3215 507
2437 3641
4194 3437
4003 3219
739 463
533 274
6252 5362
1759 3134
3464 764
6157 5268
836 651
3250 2537
5746 4852
1513 1120
6396 5954
4838 2351
526 2285
2366 1760
1093 811
1957 1451
7498 6561
5483 5423
5059 5145
6574 6044
2637 2001
4794 3995
64 61
4767 3950
1127 742
3055 2355
5987 5696
151 84
3463 2735
6790 6187
738 411
3144 2430
1239 919
2291 1736
7541 6620
1482 1057
6850 5923
7063 6324
1284 891
5204 5224
1143 754
6138 5784
5361 4508
3662 4347
2590 1927
4382 3560
4919 2466
1415 2895
3911 3118
7416 6392
7219 6073
124 37
259 257
4344 3559
5892 4966
6616 5695
6349 5466
6823 5893
6086 5180
6829 5901
6707 5789
2444 1834
5008 4193
1548 1108
3991 3205
7423 6493
7215 6294
7388 6366
462 398
3913 4513
1557 1169
1225 867
4203 3417
5635 5516
5764 4910
7333 6403
5109 2787
1244 929
3626 2875
5903 5047
2442 1808
2696 2019
4130 3348
6603 5100
2819 2132
5500 4653
1226 835
5252 4390
5982 5689
6561 5643
1053 727
4205 3433
3423 4149
3088 2219
7224 6299
1522 1084
3963 4554
199 164
7032 5759
3455 2725
7538 6580
887 2573
1628 1179
860 523
5441 5397
7055 6129
7432 6499
7311 6381
7542 6606
4845 5003
4166 3394
7150 6383
6453 5565
7550 6615
4312 3510
5098 4273
866 668
352 207
4997 5103
3257 2539
7033 6113
1644 1223
4501 4858
6112 5237
2273 3528
2528 1922
2803 2110
1351 1005
2929 2195
4322 3527
6300 5868
251 79
3127 2284
7465 6535
29 59
956 2671
4437 3630
4471 3663
3935 3150
911 2564
154 88
1796 1322
1276 960
3132 3987
6921 6006
7253 6147
5452 4611
2995 2191
3678 4378
4080 1458
7552 6618
7288 6360
3265 2545
5479 3301
2859 100
1714 1287
5149 5200
3892 1253
1730 1298
4603 3781
3200 2437
2703 2030
3509 2668
3566 2810
430 187
5413 4574
3782 2988
4374 1744
6636 5732
6564 6039
2573 1944
938 2648
3412 712
2935 3866
1566 2990
2928 2262
920 581
2953 287
1316 984
4626 3820
2900 2212
343 167
3843 1209
376 153
4167 3395
6050 5723
4176 1576
364 334
2912 2096
7021 6101
905 716
3193 2343
2968 2128
408 332
6044 5721
7059 6134
7238 6309
2760 2099
2921 2066
2293 1726
510 295
407 278
5126 5186
4968 4048
1913 1416
4945 4027
5034 2649
4359 3574
3516 2683
6717 5799
3867 3066
1862 1383
2472 1848
1812 1352
96 13
2838 2079
2822 126
6651 6085
3167 3991
6977 6040
6226 5824
463 397
2286 1713
6386 5493
3762 1076
6107 5208
5672 5549
826 639
683 541
1504 2958
7321 6394
5217 5236
3107 2237
7366 6435
6637 5733
2530 1904
512 426
2705 2034
7457 6520
196 231
5612 5480
6612 5698
5521 4685
5541 3415
4164 3385
3022 2303
6978 6274
1337 935
3177 2372
2605 1937
856 683
2075 1534
1805 1335
4115 4643
2228 1654
5178 5206
2810 2140
6814 6196
5432 4588
2716 2041
4613 4904
537 299
5114 4302
6136 5259
6798 5873
2645 1953
2925 2095
6497 5595
5526 4689
6577 5637
2406 1814
4000 3214
6520 6028
4272 1684
5166 4308
742 591
384 158
6476 5560
3634 4364
952 721
3390 2535
916 699
4121 1512
5065 4248
2037 3323
3456 741
1542 2978
262 209
992 698
6371 5477
2813 2143
1705 1257
3865 1254
1456 1047
5715 5575
6179 5791
2357 3588
5339 5322
7036 6313
6406 5529
7502 6565
4419 4796
1920 1424
5569 3451
4084 3299
3340 2615
2748 24
6821 5892
6046 5137
2610 3763
6527 6034
3635 2830
1571 1158
5994 5126
6496 4849
3900 4525
6957 6030
6431 5972
5380 4533
3637 2834
722 2415
255 217
4008 3224
1445 2928
2603 1929
914 568
6092 5213
5481 4636
20 35
2987 2115
2746 2086
4601 3780
690 2381
5177 5203
2000 3304
6891 5967
3808 4472
740 464
1552 1173
6390 5946
119 166
2988 3924
2527 1903
3020 2341
2279 1718
4120 3345
6445 5979
4620 3814
3260 2413
6139 5777
3795 4445
7398 6476
4697 3869
6838 5910
6374 5468
6629 5735
3461 757
5565 4720
7273 6448
7140 6223
3590 938
4928 4089
3163 2487
7484 6577
5011 4203
3118 366
6687 5253
2693 2017
907 587
4338 3550
4492 3714
1166 4280
2193 1653
3180 2383
2574 1916
3093 324
5792 4923
5434 4594
4233 3427
1732 1311
6293 5864
1595 3005
3817 3027
6451 5556
5749 5587
4074 3291
5469 4622
2734 18
5547 4702
1844 1376
5743 5588
6441 5522
5726 4867
3075 2218
4477 3651
7410 6537
6389 5497
4009 3227
2853 2199
2135 1595
4286 3485
7047 6317
1587 1200
3655 2859
4420 4792
5897 5041
3984 3193
2301 1715
2048 3338
2124 1574
1660 1237
2166 1638
461 368
1074 2707
6984 6051
3893 3090
5047 4222
3745 2947
1437 1067
7009 6079
5362 3096
162 93
888 2574
3582 2813
5309 3030
5050 5125
2272 1727
5243 4420
4401 1773
6981 6280
5120 5172
6967 6038
6506 6020
6189 4476
6193 5802
3031 2210
1636 1218
3685 2878
3959 3175
2936 3865
5116 4238
2570 1914
5701 5568
7375 6447
808 520
1724 1265
3733 2937
1045 2652
3826 3032
6709 5792
5265 4409
483 2330
4768 3975
1286 964
3405 2639
1333 943
5464 4620
3226 4040
6024 5122
2170 1620
691 2397
6229 5337
1741 1279
6727 5813
7060 6133
2122 1588
2767 42
2961 2275
2180 1632
2922 2065
6410 5960
3308 2579
2989 2276
1751 1318
3846 3043
3872 3062
698 412
2623 1958
1914 1415
3129 432
2262 1704
4517 3716
2638 3807
1115 807
5272 4442
4411 4791
373 335
7097 6175
5400 4566
6434 5530
2267 3525
1075 2708
3831 4471
3707 2917
1855 1382
3778 1151
3588 2831
5952 5069
666 387
645 4036
4618 4893
3024 307
6639 6077
2542 1852
6565 5660
750 448
6079 5181
4290 3488
6316 5431
1505 2957
7077 6148
6937 6259
459 2263
4321 4744
6315 4657
1372 2873
7242 6318
2475 1868
1608 3015
4455 3665
4142 1531
5486 3312
963 610
3944 3161
551 399
7395 6468
6286 5398
236 196
4673 3846
189 202
4385 1755
4036 3245
4163 3386
6061 5185
825 543
3595 2849
4866 4993
577 468
2474 1820
1409 1011
4681 4955
2536 3703
2320 1758
6212 5815
2289 1700
3975 3180
5308 3031
341 40
2355 1750
2793 2098
1590 1181
6755 6167
362 2160
121 169
3860 4492
2360 3591
804 497
733 2434
895 697
4029 1403
1514 1075
2432 1821
6600 5681
6299 5408
3459 768
419 2238
7555 6629
646 4037
1072 2658
7119 6203
550 2295
6075 4297
2306 1732
6454 5566
4170 4684
218 208
3520 2777
6395 4757
3328 4129
1180 789
5157 4289
1558 2979
1606 1202
372 320
6627 5727
2428 3629
3581 4291
2580 3768
5742 5591
126 117
2094 1538
3505 2674
4911 2444
7293 6365
5271 4422
5175 4326
2667 2013
2994 2124
1241 2795
2510 3640
3355 2601
7494 6557
6245 5361
1243 937
5901 4975
7371 6443
5111 2723
5247 4391
1126 769
1152 770
4410 3612
6701 5279
4822 5044
4178 3389
6803 5879
6907 5983
1249 872
2569 1942
4731 3911
3554 4265
6020 4208
452 302
546 330
6143 5783
1128 746
2642 1991
4282 3477
1017 780
7022 6102
2913 2097
7546 6612
6253 5363
487 2236
3359 2575
84 2136
3285 4093
2887 2188
3638 2885
3929 3137
5803 5620
3541 4272
6515 5610
5035 2650
3704 2915
3868 3067
4470 3679
2964 2270
3338 2493
5299 4466
2704 2031
2726 2051
5031 4181
2179 1628
982 2620
5496 4661
3958 1347
3030 2196
703 2524
4516 4864
5602 4745
6387 5494
7153 6388
2162 1594
4262 3490
5586 4735
2554 1892
7041 6118
2285 3530
1367 2866
3358 2616
6083 5745
2588 3702
3917 3121
6236 5351
2363 3595
4236 3448
5049 2662
7556 6624
6634 5164
5391 3158
1148 856
260 260
1105 829
6845 5906
7082 6157
1934 1437
2489 3672
6014 5112
6657 6088
4593 3734
2647 2009
3939 3128
4668 3841
1266 893
4289 3505
5198 4338
4627 3776
1405 1043
1826 1345
5219 2904
6019 5154
1362 986
4276 3471
4841 3908
4403 3616
7175 6406
2211 1660
1806 1336
6746 6162
4745 3943
6663 5746
4057 4612
7204 6057
4984 4154
4017 4582
5693 4824
5200 4371
4319 4748
5789 4920
1951 1447
857 693
5779 4930
6725 5801
4993 5106
5300 4467
1394 1023
4639 3794
7031 6311
6768 5842
2127 1559
5276 4433
7380 6455
2812 2151
971 667
98 14
5237 4407
4038 1418
4448 3644
4252 3478
3651 2884
6146 4418
5658 3586
3017 3885
570 480
4720 3886
807 637
4777 3920
7161 6239
2130 1593
2952 2264
5206 5225
2681 2021
6912 6242
3987 3189
3062 382
6384 5492
4682 3853
2700 2023
1312 972
6341 5452
3740 2972
5301 4437
3106 2433
7367 6436
4181 4695
4052 3266
4216 3439
2454 3662
5591 5476
1106 756
299 2102
6047 5138
2969 2088
1036 2752
6976 6048
1864 1387
6689 5267
904 708
1037 737
4526 1905
6437 5978
5761 4879
7016 6089
7300 6473
4045 1430
3965 3167
2078 1533
7011 6090
2030 1498
7172 6404
2369 3599
2152 3416
5559 4721
4861 3973
4446 1807
566 462
173 197
6405 5501
2234 1661
2196 3461
3021 2342
3525 2706
1413 1039
4999 4122
3624 4327
4778 3937
4435 3608
1882 1398
585 2324
7379 6452
7475 6496
7523 6581
2493 3674
6277 5853
6669 5223
3731 1065
2213 3480
5687 4790
6145 5270
4529 4874
3329 4163
6403 5509
1172 799
2682 2022
3767 2994
310 82
7121 6208
5535 4700
14 4
3775 2963
1401 1029
3990 4565
5435 4595
7332 6411
1958 1452
1609 3016
1928 3262
2560 1932
6924 6001
7095 6174
3593 2798
6658 6087
4669 3840
7002 5719
2783 69
5885 4001
625 538
1111 861
201 190
1360 2862
1789 1321
5623 4766
170 12
4124 1517
4689 3868
6363 5467
5488 4640
3863 3082
6140 4398
4060 3273
5507 5436
2218 1645
3806 3008
2572 3743
4360 3567
4996 5087
3398 2627
2654 2012
5744 4881
6824 6205
5592 5485
1313 927
2661 1975
4730 3898
2020 1505
6763 5840
800 467
1086 736
6732 5823
5883 4973
1280 928
7305 6370
3623 977
4684 4957
6865 5941
559 329
5915 5029
2546 1887
821 2499
7062 6137
4635 3787
4265 3475
1906 1413
2882 2067
2055 1522
5115 4303
4676 3848
1738 1271
2131 1587
5172 4307
3125 2393
6498 5597
6301 5412
5014 4171
1283 965
7023 6098
4622 3766
5532 4699
7313 6382
7151 6234
5144 4319
2774 2105
3663 4372
2019 1490
642 534
4219 1634
3169 465
2201 3454
7244 6321
1677 1224
1435 2950
3232 4058
4387 3593
5185 4317
7390 6463
3447 2594
1637 1203
159 90
7145 6222
2844 104
1024 2636
1787 1332
5690 4812
1953 3282
6750 5832
5146 5198
6583 5675
1721 1288
3949 3154
115 156
6001 5110
3468 2747
3614 2845
6011 5150
3599 2809
5604 4754
2303 3547
3616 2865
2220 3469
7329 6400
941 2646
4969 4070
2476 1869
822 2500
1846 1367
2377 1781
3659 2903
6825 6207
1935 1436
4859 3976
6135 5258
4244 3463
4847 4043
3190 4044
7515 6575
5334 5315
434 195
6233 5331
596 2311
2261 1686
4674 3847
3940 3131
809 2473
6718 5800
4901 5043
5009 4118
1720 3098
4386 4780
6576 6045
5319 4490
5759 5603
5516 3369
1611 1188
1830 1348
7107 6194
3175 4020
578 469
2051 1510
6650 5192
1440 2911
49 49
4906 3985
3438 2598
4875 5005
3727 4400
7270 6348
4136 3350
2618 1952
4116 4649
1692 3078
3931 1304
1455 1046
7092 6168
2834 2075
4612 3796
2433 1822
1137 849
3307 2570
3897 1282
5449 4603
3688 2886
1342 1003
4525 3682
3839 1225
217 181
3001 3879
3032 2317
5741 5585
5013 4172
1303 944
1267 894
7131 6215
6091 5212
1722 1289
3780 1160
6094 5215
5105 4256
1069 832
4560 3772
7155 6395
1227 853
3145 2331
3884 4505
6580 5657
1124 857
5158 4290
5259 4395
6108 4335
5825 4974
3099 2407
2930 2202
3750 2952
5869 4970
2595 3740
5456 5410
2951 2251
6448 5550
6985 6053
325 147
6617 5701
5856 3859
3636 979
667 489
1102 830
1109 765
4624 3770
2308 1748
5695 5567
3431 4190
6932 6011
206 36
270 2152
3086 2411
3374 2626
5735 4854
2140 1605
611 371
3372 2523
4487 4845
5155 4330
1619 1219
1485 1109
7327 6399
4509 1875
4062 3276
4799 4009
52 76
2119 3393
1213 908
85 110
6863 5945
4067 3287
1475 1085
3673 4368
6259 5372
2860 2147
5194 5227
1591 1148
5678 5547
1066 2651
3170 2359
994 2611
3783 2996
6774 5855
7547 6613
960 2583
4064 1448
790 531
3042 2350
5232 4380
2125 1589
5957 5042
5132 4311
3344 2608
3930 3138
4507 4866
560 482
3142 2399
6661 5750
926 605
2852 2190
7170 5999
5389 4531
6659 6086
4222 1644
2395 1798
7117 6367
3537 2732
2258 1689
7019 5752
693 2378
1761 3126
324 2142
2150 3410
1206 899
3604 2811
6605 5702
4279 1676
5325 4481
2879 2094
4792 2299
150 194
2294 3540
5911 5641
6421 5975
3683 2931
382 121
5135 4296
6861 5938
6609 5707
4584 3695
3856 3057
7083 6158
4327 3534
7232 6302
6550 5000
1945 1444
1142 2721
70 46
6614 5718
511 303
1060 839
482 2273
5472 4629
2939 2221
6635 5720
4566 3713
7275 6454
6022 5160
6224 5338
168 135
1810 1338
6411 5964
129 53
1776 1310
2416 1784
3078 2310
6250 5360
4150 3356
2625 1986
4514 3708
3223 2396
4179 1584
3547 2754
5490 5425
5694 4825
3776 3003
6586 6046
4994 5107
3153 4016
5021 4169
2538 1840
7468 6536
1158 2737
6562 5649
1054 731
3006 2193
7443 6432
7133 5925
927 638
4664 2026
1845 3199
7162 6240
5346 4512
5631 4773
2983 3888
3275 4059
7116 5890
144 159
3756 1124
1463 1092
880 703
4771 3899
5964 5067
6073 5177
1436 2949
3920 3124
1686 1232
1187 823
7519 6573
2226 1680
2192 3452
2918 2055
601 344
4202 4709
2537 1910
572 455
6065 4277
6281 5391
5040 4219
4817 4012
3376 673
4445 3637
267 229
5713 3647
1524 1136
6516 4940
3809 3024
2116 1577
6492 4871
3282 2552
3034 2344
5775 4916
5576 4725
4646 4915
148 70
1892 1397
6182 5292
6367 5473
1004 4210
2281 1697
1947 1446
4388 4776
3295 2456
5538 4693
7189 6413
6198 5308
6632 5712
4049 3257
1363 1019
5796 4934
2585 1888
6313 5891
1782 3144
6911 5996
6682 5776
4769 3889
1545 1157
3715 1050
3974 3178
27 29
1365 973
4504 4859
2557 1920
843 631
5378 4538
753 475
4521 3686
5972 5091
5891 4987
205 179
5564 4704
7243 6320
2800 2162
2824 2163
2949 2108
4082 3296
2227 1683
5307 3012
2367 3601
2132 1563
3333 2584
5107 4292
6876 6225
4876 5021
3173 4038
7511 6592
1735 1297
4154 3375
1443 1034
1602 1163
4367 4770
4647 3817
2997 2118
4632 1972
2885 2081
6736 5827
4196 3414
3488 4213
6404 5951
3206 2376
298 290
5712 4815
4890 4072
5374 5345
2204 1659
7368 6438
4834 5001
5423 4580
7074 6153
7226 6297
3208 4010
6461 5990
171 129
5787 4922
7194 6272
2464 1842
7229 6301
6749 5346
532 323
6473 4806
3758 4424
3115 2256
6887 5950
334 133
5880 4976
6989 6065
5241 4397
1460 2938
1532 1078
3695 2881
1521 1146
7265 6343
3769 2959
3201 2346
7071 5796
3967 4552
2655 3790
7206 6279
3575 2820
1434 1017
6557 5008
5596 4733
6883 5962
5510 4666
4758 3962
2974 2277
228 184
5628 4765
6433 4777
7417 6487
4076 1455
326 148
4570 3719
7064 6322
2195 1640
5996 5133
329 251
3345 2624
3267 2544
4585 1930
65 66
2148 3408
1469 1095
4518 3685
2722 2046
2141 1606
2342 1741
5069 2700
6683 5781
4833 4991
3148 2440
5302 4438
4427 4800
1013 2669
6633 5729
5515 4670
2728 3854
3709 2896
7245 6327
5196 4328
1134 2711
3334 2510
6831 5897
1823 1361
4165 3381
3807 3018
3938 3127
6342 5908
1025 2637
4093 3310
1597 3019
989 738
568 2314
6055 5148
3562 2814
3948 1334
3630 2870
7481 6500
613 2357
6947 6022
5995 5081
1220 864
5893 5055
3515 2788
2221 3470
6503 6017
3073 3940
6357 5465
2944 2261
2031 3324
6648 5738
2383 3609
1202 2773
7017 6103
2334 3571
7487 6551
5438 4598
4002 3208
5001 4126
72 81
1096 815
3266 555
4066 3286
1068 2728
410 175
3945 3136
7030 6107
1186 809
4535 3688
6724 5809
4303 3520
6953 6027
4315 1699
6853 5927
3914 1308
610 506
861 664
5928 4988
4835 3955
7477 6541
6917 6248
5326 4482
2161 1597
7473 6540
5079 4216
6422 5976
4814 4032
2098 3378
422 250
3323 4098
1308 921
4920 4003
4361 1739
6832 5898
6279 5389
4328 3535
5937 5075
3097 416
3531 4250
5029 2629
5342 4511
3587 2800
7284 6357
1508 2991
2506 1872
697 551
5350 4518
6026 5711
3010 2298
4886 3972
6186 4470
369 326
630 395
1157 792
7451 6516
6588 5671
4631 3786
5933 5049
2087 1547
4332 3539
6449 5551
5164 4301
5767 4918
6292 5399
6059 5149
4230 3458
2174 1621
5057 4237
3087 2412
6132 5261
4515 3678
764 493
2202 1623
6401 5514
5042 4230
6339 5448
4324 3517
6056 5156
3152 3983
751 2474
1393 997
4174 4687
5890 4984
2975 2265
412 240
3158 2451
5359 4522
1726 1303
3397 2577
5868 5634
4159 1545
6377 5932
4377 3583
5548 4698
3066 2227
210 214
1631 1220
7382 6459
1549 1155
174 138
5770 4907
4650 3811
6214 5816
1383 1006
4422 3626
766 572
1182 788
390 2169
1331 2839
4242 3483
3051 3925
520 2306
5508 5440
3981 3191
1696 1256
6888 5959
1477 1061
3083 2204
5254 5264
1207 817
6480 5576
3834 3055
2934 2125
3393 2621
3268 4066
885 713
4710 3896
4986 4117
445 228
3111 2247
2710 2039
2717 2049
4790 4000
5458 4616
4402 1770
6751 5348
6057 5157
7544 6607
3466 2666
5487 4639
4793 2300
5123 4298
5375 5344
799 492
855 552
2089 1542
3508 2713
3523 4232
3058 2297
292 2116
3161 2459
5895 4023
5730 4860
589 2323
616 353
3469 2755
5221 5246
5465 4618
471 379
557 298
5791 4925
1666 1247
3043 3907
6804 5884
361 310
6716 5804
5887 5024
7421 6491
2121 1562
4123 1513
6192 5309
221 212
7029 6106
4192 3436
5812 4953
6168 4453
7193 6271
3732 2966
5670 5545
7148 6232
632 359
5494 4651
3326 2576
3048 2150
4583 3720
2323 3562
7075 6154
5450 4606
545 459
3677 2919
7042 6114
4263 3486
6972 6049
1657 1240
2847 2167
5453 5409
1480 1104
2884 2203
2205 3455
4658 3835
6940 6260
2601 3784
1183 859
5543 4710
618 315
4506 4863
5965 5068
5881 4977
3028 2369
858 642
5859 5007
4180 3406
961 2596
4729 2131
3539 2746
3770 2960
3189 2339
5531 3397
1412 1040
3874 3091
1838 1366
2933 2126
6282 5392
2275 1721
1018 798
5113 5182
3262 575
1908 3249
1675 1250
3395 2632
3640 2840
4718 3882
6808 5886
7228 6095
1519 1110
6175 5301
1064 726
1833 1351
775 498
1827 1350
1203 2772
6241 4549
1568 1119
4173 3402
3982 3190
5100 4241
2478 3654
1288 974
1253 873
4908 4018
1136 848
116 170
4615 3802
523 2292
6675 5234
4963 4055
6769 5846
6080 5176
1326 994
6343 5909
4605 3774
4784 3861
6776 5854
3219 2501
5997 5083
2516 1854
4948 4107
7411 6488
6040 5173
4572 3728
6830 5444
3887 4503
5229 4382
2715 3845
3665 4354
5640 5518
5061 4225
6963 5646
6995 6050
3883 4504
1322 926
3296 2481
4431 4802
1116 2714
1679 1229
213 144
2368 3602
6813 6195
5108 4293
4852 4045
4209 1607
5418 4579
5427 4585
4788 3900
4485 4830
1693 1243
7104 5869
4187 3425
5181 2812
2405 1813
476 318
254 125
2231 1695
3039 3931
286 204
5352 4516
3182 2328
6419 4772
6880 5949
2084 1537
491 258
4207 3422
2663 3823
2144 1610
3753 2989
1809 1339
6867 5943
2189 1624
3693 2901
2773 30
4633 3782
1454 2940
2658 1985
3534 2715
7489 6552
1646 1208
172 130
4896 4080
3302 4086
4007 3213
5976 5688
7230 6424
6147 5269
4106 3317
2535 1838
2284 1728
2673 1983
4184 3398
7282 6457
2621 1948
3898 3100
6380 5479
6983 6284
3320 2460
681 443
4198 3441
1861 1373
6114 5761
6041 5174
3394 695
3211 2494
3263 2546
7496 6585
5277 4440
5117 4251
859 641
5878 5638
296 180
300 252
5550 4694
6294 5866
892 565
5758 5593
5608 4740
4610 1961
730 2414
4226 3447
6267 5380
5306 4447
720 574
3235 2362
1129 779
33 19
4015 3223
629 2345
3313 2503
6436 5540
1929 3265
2607 1907
6730 5814
6743 5828
3790 3007
4586 1931
2255 1687
2878 2166
1248 924
1003 786
5268 4413
4032 3244
3140 311
4502 1865
1765 1325
496 403
3652 2871
139 64
7396 6524
4054 3269
4988 2558
2153 1618
1339 2847
7326 6249
7490 6553
6596 5677
5197 4329
734 580
654 2388
6778 5386
884 2541
1667 1248
4390 3576
1466 2936
4713 3903
1689 1244
1703 1267
414 275
2962 286
3245 4077
7113 6199
5086 2733
1273 962
7263 6341
3168 461
3471 767
3521 4233
2197 1658
6270 5374
391 2170
2337 3577
2188 1625
754 478
4594 3755
3138 3984
3964 3183
3416 654
1196 2775
1428 1018
1654 3036
1727 1285
4807 4030
411 176
5590 3498
1863 1384
6039 5131
6100 5211
308 57
5188 5222
6772 5850
1349 956
6305 5416
6873 5957
831 2548
3668 2860
5208 4344
558 283
2868 2104
7054 6319
4530 3690
664 547
4897 4071
5182 4352
819 604
392 146
7478 6542
1029 791
3467 2667
604 342
2598 1935
6221 5319
7246 6326
3723 2920
5015 4186
5077 5159
4384 3589
1533 1132
6216 5316
136 186
5184 4315
2110 1566
3131 2288
5160 4316
2978 3894
3513 4253
725 554
2508 1860
2168 1609
4558 3729
1563 1168
6630 5135
2855 2058
2164 1611
6512 5614
5282 4456
5054 2675
6518 4942
1290 957
829 652
6264 5848
3072 2377
5909 5650
7269 6446
5410 5370
7539 6601
1406 1009
5638 4781
6544 5642
2412 1779
6756 6166
4145 3353
937 650
2469 3670
6181 4443
4059 3275
212 2084
3317 2516
2364 4782
4449 3617
6368 5929
5800 5619
1570 1149
2257 3515
7461 6527
3063 2385
4090 1478
6752 5833
6289 5402
3004 2308
6464 5995
1325 990
7364 6428
200 168
1747 3115
7110 6198
1780 3143
1057 813
3492 2638
3973 3177
4666 2027
4111 3330
2679 3832
752 2475
7304 6372
7312 6384
2895 3857
2985 3876
2100 1552
5101 4240
5281 4444
2898 2057
5000 4123
1121 810
5709 4839
5871 4996
7061 6139
2678 2008
6302 5874
608 2370
5404 4569
4995 4173
6274 5383
6553 5664
5798 4935
7376 6517
175 139
1950 3277
5587 5482
3462 2734
311 254
7128 6214
3576 2827
6307 5419
5913 4999
2583 3769
1020 714
1174 782
5377 4536
7553 6621
5925 5038
6568 5031
3280 2556
5088 4220
1767 1329
1077 2677
1516 2962
5357 5333
694 394
6874 5947
5561 3468
6849 5458
6601 5679
1973 1470
2711 2040
1959 3285
6298 5407
4267 3459
7010 6083
6681 5770
7187 6414
2102 1544
3009 2316
4787 4969
2754 31
1494 1116
6105 5757
6668 5764
4738 2184
4913 4082
3924 1296
5685 4816
4213 4715
542 2325
998 657
662 373
871 628
5022 5102
5731 4861
4543 1954
3870 4497
3851 3070
6256 5368
5429 4591
3670 2914
4031 1407
2269 3526
3316 2496
5936 5027
2701 2029
6478 6007
2744 2056
5028 4202
4204 3432
4879 3954
1098 725
5289 4439
7099 6178
3212 2395
3741 2942
3560 5193
5256 5283
6851 5918
3197 4057
7325 6489
4569 3718
4770 2241
347 143
3557 2776
6323 4677
4589 3762
2832 2154
3810 3001
6128 5244
1169 775
3430 2589
4152 3377
2941 2233
633 360
3186 4033
842 2518
4762 2244
4971 4139
2468 1862
5855 5002
2390 1772
3233 2405
6482 5578
5036 2623
6604 6060
4481 4822
3572 4279
6156 5278
6897 5974
4434 3605
744 430
7014 6296
5189 4325
2640 2007
3457 2699
5448 4609
3489 2753
3436 2665
6054 5147
3988 3202
6660 6096
7053 6124
6137 5775
5751 4887
1056 734
6919 6008
7534 6596
3472 2748
6205 5321
6820 5429
4169 1570
6901 5532
5644 4784
5320 4493
5495 4648
2154 1617
6665 6108
7251 6330
4162 3392
4404 1776
6366 5474
1070 836
3349 4120
6653 5740
3117 2419
197 243
7334 6407
4239 1651
2344 3580
561 466
495 2226
6607 5108
3500 800
1589 3002
6150 5257
3542 2756
2492 1847
191 2078
659 533
1699 1249
1658 3044
6525 4947
5660 3587
7274 6349
5728 4869
1821 1340
5884 5025
1461 1088
5266 2975
1865 1378
7438 6505
7146 6231
2556 1893
2402 3619
5024 4212
3690 2934
2423 1789
7188 6269
4175 3399
7337 6412
1576 1125
6346 5455
3029 2156
433 365
2818 65
178 210
3551 869
6155 5273
7098 6177
4564 4889
621 504
1665 3048
6151 5276
5718 5557
3147 2315
4021 3228
6563 5654
6796 6190
3694 4385
6000 5132
1623 1197
1731 1292
6641 6081
1559 1127
5973 5089
4557 3736
4010 3231
2677 2004
5641 5519
624 521
1671 1238
2145 1613
946 613
3210 505
4685 2063
1397 1007
4761 2245
5979 5684
4853 4046
767 579
4556 3700
7374 6445
6123 4349
6903 5981
1873 1394
3997 3207
6807 5882
1567 1175
6835 5905
2139 1575
1553 1113
4974 4156
1361 966
4040 3251
1743 1305
5951 5057
1967 3293
3392 2563
4527 3709
7545 6609
3162 4011
4942 2498
7290 6191
2675 2015
3236 2442
3629 2874
6698 6141
4224 3465
2290 1701
5244 4379
1009 2659
5071 4207
602 2426
5292 4460
3674 2912
3399 2604
908 589
1895 1406
6376 5931
4851 4019
2866 2194
6332 5896
7213 6288
4653 4914
967 659
6362 5928
3037 2360
7283 6458
4927 2392
3109 2280
3823 4468
4108 3331
4581 3730
6134 5248
2896 3856
7503 6587
2513 1855
5711 4836
6077 5179
5041 5116
4128 1518
1197 851
3661 2898
7159 6397
3646 4343
1547 2983
5245 4384
663 532
6399 4760
7449 6514
5785 4944
6172 5291
531 321
4723 3864
3586 2832
1664 1241
7085 5820
1063 2673
474 348
2857 2092
3644 2843
6753 5834
5611 4751
2028 3315
1481 1103
1223 825
4139 3343
3061 3929
1034 795
2670 1989
5882 4980
2386 1805
4590 3741
5310 3034
4578 3785
3660 4356
7433 6502
3533 2785
6258 5366
4961 2529
2338 1777
2984 2171
4780 3979
5578 4719
5424 4583
7185 6408
6599 5680
6761 5838
4955 2532
1234 843
2091 1556
5799 4936
3249 545
3631 4341
6973 6036
2960 2268
6222 5817
6220 5330
922 2551
3816 4464
5811 4952
6839 5915
3137 436
1113 845
3979 3184
3181 2495
5938 4074
4147 3355
844 671
5929 5061
1872 1381
3880 3071
4211 3404
3847 3046
1975 1463
3552 2736
3902 3113
6414 5971
5087 2744
3875 3068
1301 949
4070 3288
3550 2802
4808 4031
6360 4727
182 140
1486 1052
2544 1894
4915 2472
5304 5296
6149 5274
3159 2438
2664 2000
6340 4691
4686 3860
3052 3917
4671 3843
2591 3778
6345 5914
2509 3656
7393 6469
4791 276
3794 3010
4414 3624
2519 1857
4531 3691
4353 4764
2183 1639
6642 5163
6647 5730
605 343
1603 1212
3216 508
4922 2439
5754 4882
1988 1472
7493 6555
5323 4486
214 20
1122 838
538 369
3855 3054
5573 4712
4898 5037
7452 6558
3951 1333
5872 3986
3363 2635
6643 5741
2063 1536
100 98
4364 3579
6148 4417
268 236
6966 5669
4284 3504
4630 4906
709 439
7154 6235
5646 5526
4836 4022
1773 3141
1195 910
6322 5438
3653 2854
5624 5503
6058 5726
1448 1081
403 163
6945 6266
4941 4014
6030 5115
5331 4494
368 308
6423 5520
4701 3881
1999 1481
5186 5216
7209 6283
2356 3590
651 407
1379 2888
5019 4165
6162 5786
6728 5808
4608 1963
2487 1823
3482 2691
4341 3545
4954 4135
6674 6111
3440 4167
1092 752
6571 5659
6649 5748
2045 3329
3609 4318
2596 1925
5201 4345
6645 5728
4538 3694
460 362
2606 1936
5733 5584
5234 5265
5484 4637
4172 3400
6720 5307
968 2597
4320 3522
2157 3419
6925 6251
5030 4221
3102 3993
1972 1462
456 363
2771 2109
3543 2781
1923 1427
6278 5387
950 647
3592 2833
5588 5483
2524 1906
4953 2509
156 165
237 198
2448 1835
3429 2585
5877 4965
3540 2709
3493 2710
5626 3543
6197 3041
763 2449
3281 2557
1145 761
1078 2678
5366 3129
5606 3509
6662 5744
3026 2127
7043 6125
6243 5356
4333 4753
1909 1411
3050 2181
2504 1879
665 559
7123 6369
2532 1908
2212 3472
4463 3673
5425 4586
3369 2559
2512 1885
215 171
5263 4405
4001 3210
1347 2879
5863 5019
7524 6582
6848 5912
930 614
2826 2176
4299 3512
428 2192
7278 6456
5091 4242
536 270
6892 5956
6680 5772
4759 3949
3255 2531
7530 6611
929 2580
4037 3252
6997 6070
2914 183
5311 4462
2115 1558
1875 3226
4118 1511
1146 777
5239 5255
6102 5204
1633 1194
6257 5369
6208 5819
2990 2282
4826 4021
7499 6562
5772 4900
2548 1898
2646 2006
6818 5889
3763 2981
7003 6291
4191 1600
6738 5825
2833 2155
3387 705
1144 755
2851 131
5414 5375
7287 6359
748 484
684 540
4217 1633
7322 6393
6397 5508
3239 2402
5039 5117
2133 1578
6365 5470
2381 3606
4546 4873
330 119
539 423
3989 3196
1305 985
7386 6522
3076 2257
5512 4668
3518 2702
3664 4363
1748 1301
3089 2249
7018 6298
4900 4083
1983 1471
5118 4260
4972 4147
5700 5570
7520 6578
3798 1166
5847 4979
6930 5579
595 495
6031 4162
6003 5105
3728 4392
4568 3744
3435 5134
4256 1652
7310 6479
2660 1977
5697 4820
3828 3021
4894 2420
2104 1557
6971 6041
4921 5046
5501 4654
4951 4124
5941 5033
5089 4268
5161 4340
7005 6069
4218 3440
3424 4150
2865 150
6909 5988
4246 3443
943 624
2730 2054
1179 890
5466 4623
1889 3234
5729 4870
1710 1276
699 567
5954 4102
7220 6068
4275 4731
3968 1359
1224 826
3494 2690
6180 5790
149 2069
2347 1743
3415 2536
499 428
38 28
3950 3159
716 389
2230 3489
198 15
2219 1675
5780 4908
5554 4703
2276 1720
6740 5335
626 512
719 553
5159 5199
2126 1583
1853 3203
2943 2253
4648 3815
677 2390
3068 2208
7057 6127
3833 3050
4391 3604
5131 4264
3507 4259
4022 3240
1005 685
2692 2016
1377 988
4693 3872
2156 3423
1382 2883
4902 2448
4300 3501
1 0
3771 1137
7207 6281
1936 1438
4803 4968
1911 3248
6904 5982
1586 1185
466 306
6379 4742
40 50
3680 2880
4071 3289
3962 1342
649 477
4975 4157
1580 3000
6141 5779
1100 745
5365 4521
1645 3037
3053 3918
7303 6371
2963 2146
617 380
231 55
2947 2234
4241 3481
1733 3110
5699 4829
3241 522
4604 4888
597 338
2979 266
3298 2505
4053 3267
3360 2578
4946 4028
6510 5601
3362 2606
6552 5663
5809 3842
263 216
4662 3833
4185 1591
1868 1386
5874 5032
1652 1231
1431 1055
1376 975
353 322
6615 5694
7102 6181
2505 1890
2597 1924
1193 2779
2199 1643
5949 5030
1691 1261
4959 2513
3679 2923
1087 2701
6004 5104
6317 5427
2789 2114
4020 3238
2784 2089
6427 5542
6314 5432
1783 3155
4820 4983
834 643
3882 1263
5489 4647
6400 4761
2451 1832
5324 4487
501 437
21 41
6010 5708
1323 931
1110 834
1530 1134
2563 1938
1734 1291
314 2100
134 192
5520 4681
2680 2014
6613 5699
4797 3906
760 490
5364 4519
4304 3496
7294 6363
5822 3878
3178 2373
913 719
380 2183
4705 4964
5370 4527
4355 1731
2101 1554
6161 5299
1046 722
2191 1626
3008 2137
869 656
2263 3519
832 2588
4562 3706
6509 5600
1235 844
1151 883
2244 1674
2586 1956
6741 5334
4227 3431
6234 5339
3888 4517
768 590
2651 1996
2592 1923
4467 4823
2324 1759
2550 1884
3202 2391
3139 2458
3172 2365
1240 920
224 2134
7183 6265
4042 1426
3748 1114
3272 2550
3224 2432
2069 1527
3600 2855
3136 3997
5274 2982
5128 4309
5328 4483
6068 5171
4544 3760
4158 3364
2134 1601
7218 6072
3903 3114
3998 1380
2389 1771
1255 896
4354 3564
4934 4097
4480 4821
2749 25
125 38
464 218
1238 2817
4112 3340
323 262
4092 3303
1832 1363
7306 6217
6885 5966
5085 4228
1164 784
22 7
6455 5986
701 546
1467 1062
7394 6470
5511 4676
2520 1858
3597 2806
5106 2783
850 548
5719 4846
3382 4136
4103 4638
1704 3093
3627 2876
4238 1650
5914 5644
1336 959
1824 3172
5904 5048
5571 5457
1472 1041
527 2320
6569 5678
3277 578
5848 4978
5518 4680
1601 1176
872 2527
6450 4804
2568 1917
4755 3870
4379 4774
7231 6306
2729 2053
1717 1281
2046 1521
305 2121
584 472
3764 2968
295 52
6048 5722
2817 2145
3256 2538
2555 1891
1022 720
6511 5598
6946 6267
5889 5034
1107 774
7297 6202
2327 1734
5332 3085
5552 4701
5513 4669
6429 5527
4075 3292
