5486 2068
3399 380
1210 499
1183 506
3651 587
2579 1138
2515 1012
6933 3960
1637 698
4618 3333
4218 2168
6752 3778
142 69
5600 3910
5806 2414
695 1365
906 1468
715 1311
1693 1904
1684 1902
6087 2849
2910 128
2934 1195
1350 588
1937 2057
7238 4726
6270 4248
3595 564
3956 1963
4520 1036
5124 3607
7367 4733
3640 1696
3156 1273
4833 3424
5754 3315
6274 4249
6083 4124
2527 2363
5196 2866
5916 4053
6515 4015
1781 1956
2588 1030
6790 4507
5197 2867
6260 3798
1157 1628
4827 2505
4289 3220
2951 157
5490 3852
2924 182
2972 2513
3588 555
6241 1953
3320 2644
3462 473
3841 2997
405 75
2074 876
3688 1738
7557 4888
5350 1922
6420 3930
3654 1706
7014 4611
6373 3879
5081 2821
937 364
6011 2799
5853 3408
7099 4749
6090 4140
5775 3374
6552 3489
5376 3056
7094 4494
992 374
5364 3045
5766 3342
3447 2746
243 72
6529 3395
2364 2301
4864 1327
5662 3272
803 195
6764 4234
6259 3078
6203 4202
1089 1591
1241 1656
5283 1855
1214 2826
2961 1368
3783 1850
3666 3652
2279 982
6431 4345
6063 4125
2589 2444
3747 2947
531 139
890 1447
3328 2728
6444 4555
5024 2809
1145 410
1759 3058
418 1189
7162 4350
4180 2173
3238 2622
3531 3587
7526 4800
3966 3070
4806 1415
7076 4644
888 1497
4962 1522
5669 3947
5476 3837
7495 4848
4272 960
6293 4262
7357 4623
3741 2946
3481 1665
4150 869
1815 1974
4183 3194
3713 625
3500 493
5543 3189
5375 3777
5561 3203
3312 2699
5586 3216
6281 3811
2510 1004
4899 1454
6447 3943
7350 4781
1873 794
4021 2022
6741 3034
5306 3723
4384 2283
5051 3600
5879 4037
1308 516
716 1323
6265 3803
4357 3250
6128 3672
393 71
5584 2157
5326 3737
3125 229
6702 4190
5770 3989
6704 4477
2459 2328
5095 3589
2429 2330
4387 2289
1874 3103
3199 1442
6040 2837
6043 3561
4329 2233
3606 1674
6513 4018
1409 585
1861 2015
5585 3893
3200 1443
1714 732
4990 2665
2736 1232
1929 3117
1863 793
4027 3098
2728 2481
892 1446
3010 197
4810 2646
5738 4011
1166 458
928 311
356 50
7071 4193
5256 1820
2708 1144
6122 3673
5109 1683
6221 4215
7224 4445
3262 367
4468 2298
7171 4577
7245 4468
1580 1844
587 1226
4814 1423
949 323
7120 4288
3949 1959
1532 1803
3543 485
3341 2658
6284 4256
2192 2212
6025 3599
4194 3200
1128 392
5340 3750
1520 641
549 1224
5060 2800
6824 4526
2602 2383
1986 859
2887 1303
5741 4375
1347 581
2493 2382
191 1171
5134 1700
3830 2991
948 1465
1005 1529
3471 476
4369 3264
3633 2917
4485 3314
1135 444
3394 431
7090 4488
3188 298
3011 1213
6921 4370
4991 3487
1917 2039
2329 3255
1567 678
3113 273
2713 1157
3973 1978
6348 3178
441 59
2470 2362
5659 2302
6795 4274
2557 1059
3218 2607
1996 2081
3567 2815
2931 166
1171 1630
2491 1050
4821 3414
305 1176
2657 2478
4599 2412
1909 818
979 1538
2553 1057
2091 893
4139 863
4825 2515
4344 3247
7240 4728
1345 561
7165 4699
6772 4243
6207 4208
1707 1915
2577 2437
3794 1862
3993 787
5269 1834
4838 1421
568 1263
2284 2248
1266 508
3940 1943
6055 3560
709 216
6156 3708
5559 3887
5697 3956
4552 1068
4673 1147
3767 1848
1609 1860
821 2670
588 1315
1189 528
5471 3836
2790 1260
4886 2539
4716 2535
5384 1948
2027 2091
3768 1849
3598 551
3380 2700
7314 4681
4935 1479
4035 807
4515 1020
1679 710
6365 3892
2925 10
4749 1332
2236 955
4957 3477
5385 1949
288 21
5731 3327
849 1418
971 350
4556 1027
7123 4522
6085 4133
4046 815
4686 1222
7451 4826
2638 2450
940 1503
6381 4306
3936 3053
1468 1761
3055 227
3986 1984
1481 640
4525 2316
4388 3256
6935 4582
5440 2033
2273 3231
5732 3975
7377 4747
6397 3932
3611 2883
6676 2914
1029 486
3430 330
5210 3647
5118 2819
2356 2294
6963 4064
7136 4675
3619 584
148 70
5889 2636
3133 263
268 155
6402 3922
1449 1759
2337 2284
5339 4218
1770 758
4339 3245
4926 2598
6714 4187
3612 1702
945 316
2268 991
6900 4558
6059 4106
2326 2276
4196 906
1720 1921
1238 521
4450 3299
6979 4597
4081 3135
4259 3198
3024 213
4193 2184
6647 4114
2911 127
488 1215
3983 785
5417 3810
6705 4473
3820 1886
5890 3419
7115 4513
2046 2130
4281 935
5403 3801
5354 3760
2401 2319
2574 1040
3004 204
686 209
2214 961
3234 335
884 1463
6307 4276
5477 3845
4283 3225
6314 3859
1064 1581
6151 3712
5229 2931
2634 2447
6562 4058
3895 1917
722 1355
762 1399
5647 3938
5181 2856
5058 2750
2564 2411
6091 2890
7073 4476
1810 776
3020 232
4117 3149
3014 1376
6913 4560
5931 2704
5114 1685
7075 4481
5218 2945
5999 3516
440 2504
4697 1229
6343 4301
5362 725
6621 2793
2197 974
3170 1326
5598 3903
3402 2725
6058 4105
2514 1013
6448 4355
2920 187
5276 2966
920 272
872 1436
4813 1414
2071 2147
7101 4653
93 14
6728 3734
6877 4331
3302 2640
6584 4405
2970 2487
5370 1935
6683 3686
597 119
5324 3001
179 4
6721 4192
1547 1836
6379 3208
7428 4715
5589 3906
1333 541
6819 4519
6568 2642
3870 3014
3579 3611
6387 3911
5137 535
5921 3455
4731 1295
5123 2861
4015 3101
4090 842
4386 3269
4964 1527
5098 2848
5489 3140
7050 4633
6851 3874
6793 3821
5102 495
3721 2937
7439 4789
4880 3421
6166 3718
5071 2773
251 32
4934 1477
7124 4523
2813 112
6821 3848
7524 4843
4174 3175
3627 1750
7452 4827
6660 4443
2952 185
5386 3060
5328 3739
1875 2020
1443 1766
4720 1241
5106 1678
7035 4624
3324 2679
2563 2413
5506 3861
7188 4593
6316 3849
2739 90
5680 3286
4605 2384
1021 1573
4635 1096
5234 3701
3126 2526
6519 3381
2232 2191
2503 1058
7185 4695
1576 1832
7352 4609
3201 1289
3425 1505
5965 4075
1152 422
5942 3539
3029 1174
7261 4736
4893 2675
3644 2873
5052 2828
6826 4294
6766 3790
1595 1845
3922 3048
3880 3019
5242 2948
7523 4798
7403 4772
5322 3741
1597 1869
5120 3578
7158 4696
3887 3029
2053 2132
2437 2347
630 207
6535 2480
6917 4573
5331 3010
2591 3375
2760 1258
4320 2224
3347 386
848 1407
2562 2426
3883 3030
2478 2333
2196 2216
6396 4344
6707 4474
4135 2146
3358 402
5583 3192
2783 104
338 9
615 129
3165 1301
646 2567
3793 1831
3893 3036
5751 3987
1249 496
4067 2049
2689 1155
2576 1076
529 2547
1553 1827
2989 1358
6936 4376
2507 1055
2048 2123
3542 1648
4516 3341
4257 2144
4285 3223
4794 1377
6411 4339
5695 3962
3506 2824
7121 4521
2288 3237
1894 2029
6362 4316
4126 2109
6591 4041
5069 1654
5933 3488
2782 84
3507 2825
1658 1883
5993 4073
1845 2004
384 30
6862 4333
3046 224
813 393
3904 742
442 58
4978 1551
1561 654
2081 2112
2988 2529
5520 3164
1933 838
5425 2012
6561 3444
2956 205
4396 3265
292 2491
580 167
2118 903
3869 3013
6313 4290
3597 1676
224 1220
4431 3300
5285 1859
2948 199
4790 1389
4519 1031
3249 341
5672 3954
6138 3691
6109 3655
419 1235
3974 3079
1360 1709
7028 4613
4410 3261
4241 2215
331 226
3115 1219
3996 2008
3066 1221
850 258
6104 3634
3777 2969
1337 1693
376 35
2450 1029
4212 2199
6036 4104
5462 3125
6046 4107
6172 3722
1818 774
7175 4701
1704 1918
4616 2443
3485 1555
1785 3063
1825 781
1760 1942
6068 3591
125 49
1131 452
1187 1653
5954 2745
5725 3994
3790 674
5185 2859
7213 4607
7556 4887
2703 1132
3739 638
5678 3283
1500 1800
1274 1670
1843 786
3888 3040
3210 328
2567 1046
4232 904
4044 2023
3252 337
1577 1835
5089 2845
7221 4720
6842 4525
708 1325
4181 3188
6053 2769
1352 570
1349 544
3091 281
6480 3963
4762 1359
2164 911
598 131
508 1308
3944 762
6982 4598
2727 1158
5764 4022
3539 1635
2298 2236
7159 4697
206 13
5282 1854
6214 4216
7400 4770
7110 4663
6530 3400
7100 4654
655 191
5563 3888
2083 2116
7309 4775
3415 2697
6389 4329
7000 3573
3130 2551
6865 4326
3403 2731
2992 1211
663 338
3649 2881
6709 4475
1052 396
7410 4814
4815 2528
6507 4395
6717 4194
6823 3843
7234 4723
3534 1598
3342 2694
1253 1671
5767 4030
6937 4566
7411 4815
960 1473
3038 1426
4766 1346
4510 2401
1417 614
1204 522
5499 3868
3617 2858
7397 4805
3810 2975
4546 3334
1823 777
1083 1575
1848 1997
870 369
1540 1815
1406 1744
5418 1995
6693 4465
7469 4691
4767 1310
5985 3543
5105 1620
3382 2708
5878 4036
1421 1754
3438 1507
6915 4563
1098 372
4740 2557
1910 2034
5125 3598
5415 1996
5365 1928
5450 3829
3700 1788
6774 3809
1665 1887
5075 4110
2345 1001
5698 2337
3821 2989
2639 1122
4332 2237
4647 2424
5644 3278
4665 2460
6644 4121
3587 1664
392 1190
550 1245
7034 4170
5164 2835
3529 1643
6503 4383
6328 3148
2517 1065
4397 3266
4904 301
3198 322
7146 4685
5614 3923
1604 1874
1368 1724
7484 4840
5800 4010
1807 1967
2654 1161
571 146
3153 3468
6944 4592
2062 2122
994 1489
4054 2031
4065 3832
5906 2677
3838 1890
1146 433
2063 897
6670 4148
3561 2816
7490 4844
2974 189
2471 3310
4293 3218
7129 4672
4653 2422
477 67
6640 3618
520 1284
2824 117
4003 2005
1798 1965
5437 805
1077 1566
5139 3609
2134 946
6076 2865
7107 4662
4207 2150
5239 3674
3868 3015
5726 3985
5759 4026
2601 3385
7019 3630
6139 4174
6332 3866
746 1403
5336 3748
1969 2074
1436 612
7327 4689
4927 1388
1331 2874
1783 1961
3136 2566
3556 2834
1004 1508
7393 4670
2673 1089
3733 1779
1921 830
5076 2758
4108 2087
4041 812
3323 2649
6377 4324
7444 4795
1827 782
4565 1054
149 1175
4482 1019
3463 474
963 292
3180 1357
6912 4561
7023 4618
4033 3818
4307 3202
7215 4430
5420 2000
2125 937
6290 3107
5869 4032
6257 3073
7016 4444
730 1340
5142 3620
7059 4467
3232 2614
4303 2240
2037 2102
6404 4332
558 77
3545 2796
476 177
2365 1008
2624 1084
2705 1139
273 24
6839 4527
3509 2775
1611 688
4792 1382
1719 1920
4663 1126
2844 109
654 2601
5492 3138
357 96
2249 2245
4793 1383
1606 701
2656 2477
797 368
985 1549
3422 1506
4138 862
2294 2255
4884 256
6943 4594
2642 1129
5038 3524
4580 1066
4947 3482
4643 1109
7231 4452
3363 430
3239 1345
3366 2709
3970 3075
739 221
6086 4129
2183 941
4032 804
4055 3828
791 288
5997 3492
4908 2596
2561 2428
6054 3559
7449 4739
3313 2701
1394 596
2477 2359
7138 4532
5854 1302
1514 620
4879 3422
4995 1578
2681 1159
118 37
3111 2527
6596 4059
3293 2674
1746 743
2501 1079
5317 682
4921 3466
1731 746
1691 723
4267 917
4956 3476
342 1203
4555 1026
7301 4811
4606 3366
5706 3306
3513 2807
4019 800
5532 3878
5935 3452
3148 277
212 1170
4506 3361
1957 845
5207 3677
4684 3407
5352 3041
1941 826
4911 1470
1925 2048
6057 3570
1299 1690
4251 3209
1575 1833
3760 2954
4202 3196
4028 2019
4321 3213
4237 3201
3065 1243
3929 749
6100 3646
5255 2956
4597 2389
1163 1608
4409 2291
5444 2024
6414 4353
4738 1316
3117 270
2831 133
3147 2588
7273 4745
1509 657
783 1444
7497 4849
3662 2891
6857 4319
1322 1694
4572 2342
5456 4269
5918 3434
1878 808
1668 1894
3413 1483
1340 1705
7253 4479
4590 2356
366 211
4143 2127
938 417
5482 4282
6497 4387
5475 3839
2540 2427
4604 3355
5278 3707
5504 3147
1956 2063
3124 1409
3357 403
6773 4499
4368 3926
7391 4667
3237 357
5348 3757
5517 3177
980 352
7520 4841
5717 3955
3656 2892
3128 1462
5760 4027
7313 4542
3994 3088
3429 1494
554 2561
673 217
5136 2844
4941 3458
6759 4492
3679 608
5952 3500
5055 3523
4681 2479
3937 3052
3346 2686
3698 1740
4950 2650
7211 4081
5631 3928
6384 3915
382 1181
3114 1193
6669 2905
7202 4422
2677 1114
4896 1458
5017 3504
2581 1120
3121 2537
4475 1017
7021 4149
6380 3891
4111 2089
6907 4556
6635 4427
4328 2235
388 64
6042 3563
3449 2747
5126 3605
362 1185
5112 3588
4137 2115
2593 1074
3169 291
2568 1045
3099 259
5867 3418
1393 1734
4149 2124
6150 4177
4250 3210
6325 2104
2572 2425
497 34
557 1272
1727 737
2558 1060
3525 2803
6867 4328
5150 1715
2267 3234
7482 4839
5259 3683
4144 3168
6319 4295
3792 1825
3796 2978
6508 4025
6708 2977
6817 4517
1936 2058
1126 437
4866 3413
7283 4756
794 1369
6781 4501
7489 4845
908 304
1412 604
6940 4569
3855 3004
4007 3097
6971 4596
5059 3564
7284 4757
4603 3356
4070 2050
4641 2407
5458 3830
6149 2958
5138 3610
6451 3952
6612 4084
3560 3616
4845 3440
6200 3005
5996 2786
602 1431
5054 456
1063 1556
2628 1100
5226 1748
3227 1366
7206 4600
7232 4617
447 1186
5063 1649
5464 3131
2178 930
7478 4782
1669 717
4284 3226
1538 1818
1317 1681
7242 4635
6952 4591
7153 4688
5691 2280
2263 2246
5143 3639
5959 3457
3939 1938
6488 3303
6750 3774
5822 1253
5535 3880
1396 1739
6230 3038
2635 2456
7380 4751
36 7
2971 2486
3023 1390
6844 4302
2428 2334
4106 2069
6504 4382
5525 2129
2710 1145
2059 875
3193 1285
343 66
1965 849
6226 4221
3140 1309
736 1351
6528 3396
2578 3362
3581 2829
3583 1650
2612 2391
1982 2075
3614 1707
2324 2273
3259 2617
1692 1906
2399 2311
3431 1512
723 203
1463 637
3157 2575
6585 4042
5100 3585
969 1518
2950 165
869 387
3269 1408
4966 2738
7332 4780
966 345
3749 632
743 1363
6567 4403
7276 4652
406 1178
7535 4876
4372 992
3987 3083
3037 1427
4650 1113
3063 246
4765 1347
4544 2432
907 1476
6123 2904
4798 3441
2449 2357
6876 4676
3518 2806
6031 2749
3686 1781
5804 4004
2532 2368
3305 2695
4609 2439
4419 3296
3041 236
6242 1954
4621 4028
3712 626
7219 4431
5744 3363
3383 1452
521 1291
4317 3242
3145 137
1769 1950
5984 3544
5271 2957
1573 665
1856 2006
5327 3740
4671 2466
3306 2619
4116 3162
5398 1969
3424 2713
7204 4424
3515 1684
1563 676
247 11
7565 4897
4379 3251
2314 2258
7470 4857
4726 2530
4832 254
3344 405
4056 822
6925 4571
2912 1182
6080 3582
6853 4536
6084 3627
6910 3942
2472 1064
5636 3941
5040 1602
2286 973
3177 163
6107 4158
5424 3090
1623 694
2915 160
4128 857
2099 2136
6724 4210
2573 1119
653 327
6850 4533
5366 738
1031 1541
1522 1813
4334 2244
3080 2501
2045 868
4169 887
6116 4162
7179 4586
7505 4854
7558 4893
897 1484
4946 3459
1115 478
5903 3496
2944 175
3388 434
3331 2648
3434 2729
1068 445
6254 4238
4830 2581
2619 1069
5904 3497
3248 340
3040 2512
3191 310
3879 3021
3744 2949
2054 2121
3867 3016
7285 4758
3267 1544
4831 2582
6192 2999
925 2743
6849 3871
4304 2195
6487 3984
5077 3574
3652 572
1435 613
1185 441
6755 4489
2005 2076
825 269
5801 4001
1181 502
750 1375
3186 2593
6478 4572
4001 3093
3585 547
4424 3302
3636 575
4872 2576
1958 836
6197 702
1228 524
1801 769
7032 3649
3195 300
6471 4567
4535 2321
1407 1745
547 140
855 262
7547 4877
1741 741
4095 847
5788 3339
178 169
4705 2550
7351 4716
3370 427
4932 3456
6818 4286
7173 4702
926 318
4843 1420
3555 3603
6007 4082
4534 2352
7255 4732
4443 3307
7189 4700
6761 4233
5243 1809
4049 2045
5696 3972
2817 1280
3479 1535
930 1504
1086 1590
5702 3978
3754 2952
1699 1907
2011 877
3365 1440
5533 3884
1057 500
2796 2523
7502 4806
710 295
1551 631
444 51
4733 1314
4633 1081
5427 3099
3033 1396
1779 763
2706 1142
1372 1729
2397 1024
6627 3583
2820 95
6144 4175
5733 3991
4967 2739
5133 2838
6285 4257
1572 659
1865 802
4477 1010
2754 89
4651 2409
3002 1216
1745 1933
1226 1644
1705 724
6173 3721
5274 1840
6239 3784
6506 4394
1466 1772
4659 2415
4861 2564
7235 4725
3205 2553
6797 3825
4341 2254
6778 3808
1006 1530
2003 2096
2485 2372
2383 2307
6746 4484
6520 4396
2049 2120
4252 2205
7066 4731
4461 1009
1730 747
7396 4804
122 46
1892 2025
7042 4454
7056 4460
1857 2007
5457 3831
6416 4343
5700 3966
3991 1988
3600 567
6461 4364
1796 766
1161 518
2166 2206
4551 1025
4173 3181
1761 1946
2138 2165
1602 1846
6020 2808
6106 4153
3285 2669
6114 4159
4444 2320
347 45
5005 3498
487 1212
527 121
6730 4213
4824 2492
2032 2119
6044 4100
5592 3901
6539 3462
5087 475
6517 4008
1493 1784
4107 3858
5512 3151
5805 4019
6946 4595
2933 1196
1504 1796
3468 482
4260 923
6082 4122
3847 1884
1581 1843
1536 1807
2885 1179
1505 1797
5774 1107
4427 3298
3107 2522
6948 4400
1824 1977
2746 87
4507 3993
240 12
755 1350
1056 409
4615 3388
3288 2625
6243 3787
4687 76
5186 3641
397 6
6509 4002
5983 3485
526 1240
5978 2777
5863 2654
3144 271
1339 2879
1237 492
3975 3080
6378 3211
1079 1568
6141 4461
3584 545
7106 4661
3338 2661
318 22
6571 4057
2674 1118
6756 4491
4969 2620
5716 3980
2832 1287
4862 3431
4626 3403
6010 3518
398 17
6581 4063
4363 3257
4119 3159
410 27
5645 3939
954 1491
3457 1647
1070 511
7325 4778
2582 2430
2942 1320
2967 208
2631 3398
3081 1281
6376 4323
3530 1642
2679 3406
6326 3870
4462 3328
3673 2911
5149 3619
4266 919
4625 2434
1428 1749
1101 424
6861 4539
3256 361
6872 4545
591 1324
6828 3857
6634 3606
385 82
5768 3343
7340 4584
1653 714
4541 3370
2717 1162
4375 2268
3049 1223
1242 487
7408 4774
6335 4299
5573 2158
2949 1177
3176 1277
4706 1237
4850 2591
1361 553
6541 2565
4557 2377
2773 74
4710 1294
3162 2577
6994 4412
5765 4023
6482 3973
1935 2059
1830 1979
4536 2417
4644 1111
1465 1769
7288 4761
6427 4347
1301 566
6780 4502
6147 3704
6657 4437
2009 880
2215 959
2226 967
7264 4224
6881 4547
1053 397
7289 4762
5428 3105
815 383
5245 3681
6205 3012
5145 3612
1922 829
3417 3519
7362 4629
6678 4627
3568 540
2444 1063
4258 2228
1893 2026
1587 699
3231 336
3450 1513
7178 4706
3445 1510
5068 2756
3226 2590
2964 193
7518 4859
4999 2710
5039 3538
7498 4833
4294 2247
4354 3252
5022 4086
536 56
211 1169
6449 4356
970 466
3816 2987
1313 527
4979 3501
3028 251
6768 4237
6346 4305
6763 4235
6616 4418
3031 1225
6182 3717
6438 4351
2469 2367
6467 3258
3190 2627
4172 2164
5848 2554
12 54
1596 680
4963 3470
666 180
6271 4247
1124 517
6327 4296
5674 3957
6177 3719
1212 1662
2024 2084
5990 2778
4112 2111
3308 1565
4167 926
3782 1838
279 186
5030 2817
1973 2072
543 284
6178 3720
4980 2628
5624 3934
3905 1925
6248 4236
7491 4846
3750 1786
1387 592
5129 3596
7542 4885
6217 3746
5976 4062
4642 1110
7436 4791
6572 3495
7390 4666
7218 4432
6111 2919
6720 2994
6099 2906
7180 4704
6499 4391
3999 2011
2494 2387
6446 3945
2979 170
5593 3898
2826 124
5247 2928
4600 1093
7455 4830
270 60
6092 2889
5507 3862
3655 1708
2432 2331
5128 1699
1207 1634
3295 2656
5544 894
5468 3134
4895 1457
5296 677
1186 1641
5140 546
5155 1714
5193 3656
3411 449
2002 874
1946 844
1931 2052
3727 2936
6345 4307
2649 2469
3943 760
2150 2180
2771 97
7530 4873
3642 2875
6213 4214
96 15
1993 2083
3989 1994
2098 2140
4589 2406
5496 3174
3073 2498
6815 4516
403 1201
1179 532
3119 299
3465 2760
728 371
859 385
1994 872
5300 1867
1608 1858
5927 4038
7471 4835
2023 2086
4198 3206
2587 2446
7047 4628
6922 4553
2712 1153
6262 3796
3901 3042
465 40
2530 1080
4930 315
3732 634
5286 2979
3455 469
1229 1661
2360 2287
4006 3096
2448 2340
7271 4650
2456 2322
2584 2423
4474 2365
632 1313
1193 1645
5224 2942
6186 681
3723 2940
7519 4860
2386 2313
5043 1636
6129 4456
3085 1267
7026 4620
3349 3511
4493 3329
3385 3530
1477 617
3446 462
2767 93
510 1306
1397 576
1404 2923
6825 4671
459 1252
6001 3557
3386 3531
3981 1987
576 1338
7157 4562
141 68
3104 2516
4235 2200
3524 2797
5377 3057
4161 891
5451 3112
5939 2718
6110 4156
2543 2345
2861 115
1677 1893
2629 2457
7483 4838
2220 2202
607 136
7321 4690
1013 1570
6229 3037
3564 2814
1554 649
2221 2203
6550 2608
6615 4417
4867 3412
5991 2779
5305 1873
2641 2470
6363 3877
5982 4061
1001 1517
394 57
3083 2503
6558 3481
4971 1528
5478 2061
4261 922
3577 2831
309 1
2536 2400
3945 1947
6294 4263
6523 3373
233 83
4073 3133
4900 2730
6656 3633
7275 4651
6157 3690
1170 1617
1037 429
6210 3752
173 159
6527 4402
6047 4108
6796 4512
5785 3382
2140 2161
7177 3951
5656 3949
1106 1616
5591 3894
5803 4003
1431 621
2034 2095
2241 988
1743 751
3664 2900
6247 3792
4667 2455
1951 841
2636 2451
6303 4277
532 148
674 218
3088 2517
2203 956
3795 2970
523 1261
495 1200
827 388
4693 1239
2990 1360
5034 1631
5390 3062
1535 618
7251 4642
5724 4363
4263 3215
7203 4423
3116 279
2667 1164
2271 966
7426 4817
590 305
692 178
6586 4406
3139 308
6932 4580
1480 642
4776 2484
3665 3651
6194 2993
6852 4535
1821 1973
2506 1061
7089 4225
5694 3970
6234 3770
2154 951
5541 2142
1129 447
1371 1727
5101 3584
6899 4557
3327 2664
5919 4051
4262 3222
364 234
6930 3295
4666 1128
3244 1371
1367 1725
3396 2688
4432 3279
6785 4504
1800 1966
6268 3085
4936 1472
6481 3948
3245 1372
993 1490
6278 3092
804 1416
1696 721
4203 915
3228 2603
4487 3336
4601 3353
7011 4446
7315 4543
4574 2374
2838 29
6495 4386
5291 3714
4024 798
5016 1571
1403 599
6103 2912
4165 889
3062 266
1686 712
3352 1606
4071 2051
4514 2380
6745 3039
1598 690
629 1257
3676 607
604 1297
829 398
1307 520
4225 2189
3209 309
3798 675
964 347
7386 4801
3697 602
6056 3569
5433 3814
605 1298
2291 2259
592 108
3802 1857
4531 1032
875 2693
6731 4211
5699 3969
5981 4066
6171 2976
3505 2782
6052 3571
1645 1878
3035 2502
2454 2353
2655 1104
452 168
4919 1478
4527 2349
1528 633
5501 3139
1127 1580
5961 2720
6455 4367
4316 3230
3862 3006
5685 3964
5907 1380
5849 3473
1076 438
5189 3638
6456 4368
5199 2903
6926 4579
4286 945
297 212
3660 2894
2984 1208
5749 3977
5895 1413
3860 3008
4906 2536
1078 1567
4560 3367
5332 1910
5056 2794
4620 3392
5825 2583
1884 797
4863 3450
5495 2085
5261 3693
1112 1596
4380 2279
1762 757
2119 2160
6636 4128
6788 3815
645 2568
7217 4712
1610 706
2276 987
3856 1891
3917 1936
3418 1559
2511 2404
1385 571
5638 3267
3108 1265
2768 3433
2662 1078
3590 565
6602 4419
2625 2441
6039 3556
2124 899
581 1335
4467 3324
1624 687
5594 3897
4184 888
4470 3331
5874 2647
5992 4070
6198 3733
2170 928
244 172
4630 2440
3638 1758
3206 2612
2451 2327
7388 4515
4104 850
763 1370
4778 1274
1227 477
6947 4390
3326 1550
6908 4559
1927 823
3758 2955
3255 1523
3537 1614
6105 4152
3364 2684
691 2602
4076 833
276 179
7070 4191
5847 2555
2186 2201
4894 1464
7002 4119
263 143
7097 4232
3709 2921
6885 4342
6617 4420
6341 4304
1143 1589
4430 3301
1629 1871
7503 4851
1542 1828
4066 832
7496 4850
1846 791
3540 1577
6238 3779
4658 2465
7555 4892
5711 2358
6301 3822
5320 1895
1499 1792
4314 3235
6765 3793
5940 4049
3551 525
3990 3084
5704 3268
3864 1911
3268 2609
5692 2295
1544 1814
2640 2471
5951 3475
4426 3297
2745 86
1519 639
5811 2474
4338 2267
7431 4786
3101 2579
2774 92
2620 1070
1516 1802
6606 4077
7057 4459
1837 1993
3851 1903
3168 286
2198 949
7406 4677
1896 806
40 98
3892 1913
3803 2973
5491 3854
6886 3933
988 358
3138 2531
2609 2448
3003 2533
4554 1062
2269 2243
3297 1419
3051 2494
4040 824
6909 4358
3311 1404
5752 3995
3451 2763
6697 4185
6359 3184
1805 771
1844 788
217 125
4768 1361
4859 2571
4860 2534
7339 4705
6401 3936
3514 1594
5333 3032
5518 3165
3930 750
2403 2286
5989 2774
2866 153
6298 3110
3982 1986
5206 3648
5452 3111
5554 3167
782 391
4062 825
7356 4724
3759 644
4403 2312
5252 3680
3580 550
5047 1609
5151 1716
1911 3114
5709 3319
6195 2995
4996 4076
2405 2317
3797 1829
1738 733
3695 2910
5265 2932
7053 4631
5689 3281
5225 3678
3458 2744
325 62
6258 4240
5019 1525
1987 2065
1022 394
4418 3292
5682 3967
7305 4773
5568 3183
2872 110
7063 4636
6225 3749
6501 4392
3077 81
6875 4341
1626 685
2694 1156
4400 3284
1834 1991
115 147
6663 4441
4234 2214
417 8
6146 1806
7494 4825
1908 821
705 356
6736 3756
4954 1521
2195 936
4807 1424
2632 3397
4037 809
5084 1558
5044 2742
5237 2951
3207 1480
1118 2784
352 100
7457 4832
5936 3451
1366 552
7013 4610
430 26
3257 360
7316 4684
5487 3853
7207 4711
5009 2681
6510 3990
3632 1698
3086 268
5179 2857
5178 4150
4951 1502
4168 3179
4573 2336
5628 3914
5319 1892
748 242
2492 1048
535 55
6904 4361
3427 2757
427 1209
5220 1780
1092 432
231 1191
866 407
5407 3081
1445 1770
2055 2113
3938 1939
4885 3420
6094 2897
5569 2154
3322 366
5472 2056
1571 1851
3187 2604
4685 1227
2479 1039
7108 4659
830 404
1090 1574
4148 3169
6392 3919
787 261
1267 509
5404 1980
915 339
2528 1116
7392 4768
5488 3154
1284 1669
351 23
601 1307
3685 2907
5410 3806
6891 3913
2700 1123
6807 4270
3858 718
3884 3031
5412 1989
6652 4433
241 19
3215 324
2004 2092
6216 3745
1763 759
1258 484
5784 3383
1903 820
3204 1233
7009 4118
1914 813
3691 1799
1740 740
1755 756
1399 1735
2316 2256
732 1400
6723 4201
1141 1582
4852 1435
3122 2594
5208 2880
6985 4072
1822 778
1733 1934
3516 2790
4110 860
2135 924
3512 2767
6352 3886
7143 4546
7454 4829
5419 2001
6874 4322
1698 1905
2569 1117
1033 1520
6813 4665
7465 4812
2231 2229
1312 573
690 2586
6066 2851
1055 1621
5515 2105
3604 2855
3701 1793
4125 856
5885 1381
4201 3199
3787 2967
5048 3549
431 2558
2213 3214
3788 1837
5201 2884
6299 3817
5693 3971
4809 3409
1562 655
2153 952
6067 2852
3317 294
4974 1552
3343 406
6919 4576
5244 3670
672 1373
3289 2696
5893 2685
946 317
3158 289
7191 4707
2902 2496
3726 2935
3613 1733
2021 2100
3837 1889
4975 1553
3791 679
1473 1774
3969 3072
4115 3155
4588 2405
6360 2174
7079 4645
7187 4708
5161 1723
5587 3907
2044 2114
1395 605
1382 1736
6524 4590
3304 1392
4771 2519
1797 1964
2145 954
5588 3908
4274 3228
1007 373
1196 1640
6661 4143
1413 603
4020 795
4799 2672
7256 4195
5355 3761
7279 4655
7287 4658
1351 589
1655 700
1348 595
968 1493
7481 4721
5630 3927
464 39
5253 3687
5113 3604
7257 4196
5925 3480
1537 1817
6613 4083
2142 909
537 1279
1306 1691
6747 4486
1438 1762
3645 580
3332 2678
4481 3309
3391 2733
1574 666
5254 3688
952 446
2158 2198
5575 3212
3535 1603
6834 4293
5912 4040
3482 436
3294 1434
2463 1042
3127 2560
3778 661
4517 2386
7417 4687
3325 2630
1928 3115
4530 1033
6629 3602
3233 1354
3435 2740
936 363
4780 2629
3618 543
6261 3077
3979 1985
1627 1864
6544 3467
6614 3572
6897 3929
2375 2314
2101 886
2305 2257
6816 4514
6030 4097
5177 3621
3576 1713
2205 2192
5945 2727
4576 2338
5430 3100
4291 2197
4215 2171
4275 3204
7506 4856
3167 3443
4851 2645
1236 1659
3780 670
3592 554
7161 4349
5715 4371
4652 3390
1506 636
1833 1981
2505 2393
967 344
6317 3145
5675 3958
5121 3581
3877 3023
308 0
929 1487
1967 2070
3149 1319
633 1312
4479 3330
2977 2511
3374 413
3476 1564
753 1412
1156 401
5374 3776
6758 4493
5147 1703
380 1192
6794 4511
6196 3000
7005 4425
6534 3405
5986 4080
6245 3791
2775 91
137 65
6012 2798
6323 3864
1041 1540
4942 329
6514 4021
454 1217
6421 4551
2033 2094
3371 2698
1638 696
2524 1105
4769 2506
1400 1728
3354 2691
3030 47
729 1364
5974 2724
6841 4524
996 1526
2323 3249
4548 3371
2272 2250
6466 3282
4187 2190
2299 990
6460 4365
2181 2218
5534 3885
3052 2482
4064 828
482 1268
3337 384
1862 792
5270 2962
3779 669
445 52
2209 969
156 138
5670 3946
1839 789
4230 2181
2201 964
2610 2388
677 2597
943 333
5494 2098
3405 419
4164 2138
1866 803
842 1438
6437 4357
3103 1394
4120 3158
3846 1882
1087 1597
3460 467
4840 1402
6309 3122
2016 2099
4992 3513
6382 3902
2495 2376
5469 2043
6574 4404
2595 2373
2955 196
98 20
1377 568
4818 3415
4897 2703
3653 2886
5240 3675
4847 1433
6333 3867
770 2702
3890 1923
2715 3404
2285 3905
7389 4669
6145 3705
4694 1238
4208 921
492 101
1523 635
7562 4875
5359 1924
3070 3411
1646 703
472 105
760 243
6757 4228
5065 1651
5728 3349
1008 382
2175 914
4244 2159
982 2765
533 78
2411 1015
5219 1777
4327 2234
7061 4183
694 176
914 1439
5066 1652
6201 4199
1660 713
1336 557
5729 3350
2486 1044
6459 4366
6088 3613
6045 4101
2650 1130
4538 1037
1681 1896
3316 250
2106 2141
6601 4065
3395 1600
6155 3699
3480 1534
1948 3127
2212 2220
6137 4169
2496 2348
1045 1532
3647 1737
4877 3432
7086 4647
5057 1639
4069 3124
2930 122
751 1405
434 31
4786 1362
5809 2459
3828 1868
752 1406
2891 158
911 1475
3287 1384
4890 1450
6252 3795
3533 503
390 1173
808 260
1420 1752
386 1428
6665 4453
4297 3227
7546 4874
676 1379
1080 1569
3894 729
7300 4771
3420 1474
4619 3391
1489 1819
7105 4510
5257 1823
4248 3219
895 428
2663 2472
3771 658
2522 1097
1904 819
2651 2436
2180 929
461 245
4242 3217
2617 2438
1071 512
1676 716
1654 1877
3575 1704
6489 4384
2110 896
6097 1719
4186 2186
5730 3326
2141 2162
5640 3270
491 79
4611 2442
5310 695
5188 3650
6911 4360
3776 1856
1656 1880
989 459
1640 683
4080 834
6315 3156
6633 3579
3557 1658
3844 3003
7199 4602
2182 2219
6511 2390
7480 4836
7318 4776
6642 3590
3106 290
3409 418
6749 3773
589 1249
5358 1926
2623 1083
6903 4362
5092 2850
961 1500
5367 1931
3339 2667
1148 515
7319 4777
2586 1125
1960 2064
5855 3479
1272 563
7135 4674
5368 1932
6855 4313
4960 1536
5859 2618
306 5
2193 2210
2334 2281
2020 882
5074 3551
4550 3304
3668 2893
5671 3950
295 3
4370 2266
1136 510
6035 4131
5576 3207
3809 686
2325 2275
5288 3710
3763 645
3039 2509
6253 4239
1172 1638
559 126
2857 44
4826 1393
1344 1697
3428 454
1881 2016
5001 2726
5165 3623
5553 3173
511 132
2923 181
3965 1970
5272 1839
972 349
1380 1726
6249 3794
5268 3698
5779 3389
4220 3197
3840 2996
5402 3800
4484 1018
3112 1230
561 297
3084 1385
7272 4229
5483 3847
7067 4466
7552 4881
5778 3347
4668 2461
3197 2635
2129 2177
1872 2018
3958 768
3609 3637
2702 1131
4543 2435
1826 780
2954 1184
5211 1771
4366 2272
3423 3529
6385 4335
3166 1304
6502 4401
6831 3855
4791 198
5938 2712
3315 395
3624 4164
4594 2370
6095 4142
3680 2913
749 174
2367 2303
6028 4093
6966 3486
7475 4785
2829 1293
2219 971
2704 1135
6024 3553
3137 276
2126 905
3183 2632
6311 4284
5875 2653
3282 1543
4103 3146
2847 114
3935 755
2278 2239
3646 2878
4063 827
1000 1516
2252 2241
6034 4099
6102 4154
3360 1531
5174 3622
3637 2871
5994 2781
7048 3689
5972 2732
5962 2721
585 1254
6588 4410
2402 2318
7486 4842
4756 1187
3102 2578
4579 2402
1410 601
5050 3537
860 1417
6112 2915
2303 2261
3483 2754
7052 4630
3110 1299
921 326
2350 2296
4420 3273
6070 4117
609 141
5920 3454
5135 2843
7395 4668
3076 80
6783 3813
7049 4632
496 265
5325 3736
6394 4346
4680 1166
816 267
822 2671
2821 1278
2929 1290
1120 1625
6779 4656
1370 597
1319 1743
6698 4471
2395 996
4246 907
4529 3998
2854 156
7440 4794
662 1333
3064 2518
4596 3354
1959 3129
2433 2332
1047 1612
4887 1264
6938 4379
1158 1595
7062 4182
3129 283
7131 4529
3236 239
3109 1266
6191 3732
1254 1677
1549 667
4247 908
5714 3981
7209 4604
6522 3364
4812 1391
5041 2722
582 1336
5396 3071
1550 668
6185 3729
6305 4280
6220 3759
1065 1586
4772 1341
4346 2260
6003 4096
1932 2053
3504 1624
5231 1801
546 142
6518 3380
3310 359
6942 4589
5603 3912
5964 4074
747 241
1789 765
5175 2882
3492 2759
4124 858
1454 1778
324 1183
640 1349
3280 1546
5897 3490
4639 2397
4177 916
1630 1872
5131 3593
5846 2592
6975 4407
3414 442
3225 342
381 231
3281 1547
6462 3953
7172 4779
2509 1016
950 346
1558 1824
7228 4139
740 222
5957 3445
5745 3357
5599 3243
7183 4709
4854 3423
1199 435
6580 4043
2850 116
5287 2980
6703 4470
4829 1378
4788 3417
4319 3239
5474 3841
1433 1757
3953 3064
3823 3730
2369 2297
3842 2998
3906 1927
5119 514
5461 3126
7553 4868
6148 1805
3298 1461
6018 2801
3379 2705
3528 2792
6643 4136
5067 3554
2464 1038
6019 2802
6639 4428
4170 3176
4695 85
6832 3856
6671 3666
3553 2818
2357 2288
5392 3067
5329 4220
1890 2027
2664 1134
2978 2485
2627 2449
1376 556
5913 3425
4834 3435
4646 3376
6339 3876
7372 4799
922 1453
2498 2394
6989 4094
3089 2538
5221 3669
1947 843
1560 653
3484 2770
2256 2208
4713 118
831 319
689 2585
6002 3502
1961 2066
6349 4312
4654 2467
3599 1675
1803 1968
4438 2315
2172 2193
3291 2662
1934 2055
1621 693
3554 2805
6300 4266
5152 1717
2116 2153
5521 2152
7248 4472
5212 2895
4657 1115
4558 1073
5004 1560
5484 3840
4151 870
4533 1041
6386 4325
3672 1755
1472 1773
1174 415
3694 2930
6295 4264
5216 3661
108 103
634 320
4367 3253
2815 111
3971 3076
3075 43
2248 2231
6296 4265
6725 4200
1384 1753
326 63
775 1441
5357 3765
391 1172
3635 2872
6371 3896
754 228
2445 2339
1634 704
2672 2453
1695 722
3526 1686
7537 4879
6027 4089
6133 3671
6609 3541
4689 1234
2512 1091
2304 2269
5015 1572
6484 4380
4628 1067
1773 1951
5650 3940
2490 3313
6071 4123
3437 1613
7370 4737
5209 2938
3985 1983
4480 3308
7252 4643
3785 1866
6306 4281
2633 2454
4631 2381
1710 728
735 2626
1556 671
1218 2841
3134 1250
6470 4373
3473 479
5311 2981
486 274
4993 3526
7533 4862
3221 2606
7522 4865
1379 1746
3497 505
2122 2151
3774 662
4994 3527
4154 2128
6800 4279
2040 2106
1566 1830
4875 3429
608 135
2646 2468
1517 616
7156 4693
6727 4212
4229 950
2981 1397
1776 761
3241 332
6650 2854
6770 4241
1588 692
6329 4298
411 1205
5955 3474
843 381
1164 1611
4166 927
4508 3322
3189 1283
4634 1082
3881 3026
5479 2060
4846 1430
3416 376
4521 1035
6673 4621
2810 107
5756 3992
6981 4601
3812 1861
5007 1588
4914 1482
6883 4544
6391 3920
4025 799
2523 1023
1434 582
2036 2110
2108 2155
5570 2143
6653 4435
5379 1945
5502 2090
3373 412
5646 3937
4129 2126
3353 1607
1926 2044
359 194
3934 1944
5083 3562
2105 2156
4156 913
6924 3944
3831 2992
3247 1509
6997 4109
7151 4549
2363 2293
1100 408
530 2548
6354 4310
3340 1601
5719 3316
3775 1804
5888 2540
1628 1863
6760 4230
3163 314
1919 831
112 36
3390 2716
3833 707
7297 4518
147 162
4264 947
5033 1548
5372 3051
2812 120
5049 1627
7427 4816
4512 3317
3290 378
1009 1563
846 355
5170 4144
6050 4103
4265 948
1383 583
1046 1576
3213 334
3630 1742
3202 1356
6121 2918
7132 4673
2362 2305
4839 1422
998 1492
6445 4554
5301 2968
1074 1605
3889 3033
3769 1798
506 1197
1453 1763
5905 2676
1239 548
3283 375
4602 2421
5508 3872
682 244
3426 464
4471 2306
1748 748
119 154
5172 3624
1880 2017
1240 549
6700 4469
4752 1331
6983 4603
4965 4060
5227 3663
7281 4503
412 88
5987 4079
6357 3882
3401 420
2489 2371
3992 3086
2968 2493
4441 3294
6075 2864
6000 2785
6143 4179
2051 861
1338 1695
3616 579
6073 3594
1247 560
5117 3586
5042 1637
4389 3277
3677 606
5633 3931
7385 4802
2275 989
307 42
651 214
7359 4787
2123 920
3563 537
5742 4385
3412 448
1116 1584
3477 2836
6854 4311
2076 878
3050 2495
3734 630
7360 4788
5537 3195
5481 3141
5446 3826
6641 4436
6342 4303
6696 4186
449 1218
6620 2795
6022 2813
764 248
6516 4007
6004 4095
5037 3520
1388 598
1503 652
4445 2325
2000 2088
3586 1718
5564 2133
2711 1148
6956 3982
887 1498
6132 2944
7093 3781
2714 2475
733 1374
6264 4246
6168 2982
974 307
2148 2182
519 2514
2131 901
7111 4664
2406 2323
2149 2183
3132 2542
1754 753
5405 3802
4613 4016
4925 3446
1980 2080
5361 3763
6492 2355
5027 1533
3284 2683
3897 731
4907 2595
1067 400
2963 1204
738 1339
3454 468
5810 2476
6637 4126
5053 3545
4023 801
799 1395
84 102
4204 3191
2261 939
3292 2673
2941 149
7265 4648
3452 2764
4612 2445
7007 4132
7226 4614
3175 2574
5550 895
4972 1539
1806 772
3194 1343
3634 2916
1809 773
2041 2103
3182 2562
4711 1282
5000 2717
5204 3645
3519 1593
2151 3190
3626 1751
7010 4439
4233 902
5315 3728
6686 4178
5891 3427
6525 3384
6422 4552
5115 1689
4130 2097
4910 1469
304 184
6077 4134
2900 1318
82 94
3387 439
4816 3410
4448 2326
5498 2079
6498 4006
1486 609
6096 2898
1568 1826
4079 2071
538 220
5382 3061
1742 744
1518 629
1850 790
3536 2789
1682 1900
3909 3043
2188 910
4022 2013
105 25
3053 2483
717 200
1539 627
1739 734
4408 2290
422 99
4182 900
7527 4869
3578 2830
3839 709
2852 144
2210 970
3813 1879
2441 2324
4732 1296
5073 3550
1508 656
6505 3997
4701 1256
4224 2204
5344 3753
1020 1562
4674 1146
5812 2473
7286 4657
4938 1481
2302 2265
4923 1467
5079 2776
6599 4069
3874 1916
2162 890
2079 2134
2344 3262
6649 3626
4808 1425
5267 3697
886 1437
3742 1811
5334 3744
1302 1688
7317 4682
4745 1328
3631 2877
958 370
7036 4625
7140 4538
2991 201
5426 2010
311 161
4483 3335
3461 471
5369 3046
3957 767
1889 2028
1591 1842
271 61
7529 4853
6984 4415
4345 3246
257 2
5611 2227
1945 840
4358 3259
6079 4135
5798 3360
2230 2230
671 1348
6403 3921
4876 2569
1365 1721
3141 2541
6263 4244
5710 3318
5701 3959
4753 1352
1819 1975
2266 3233
3220 1292
5304 4189
4287 931
3074 2499
3276 348
3392 1488
6292 4261
1109 1632
1582 664
839 253
1015 1554
2996 1199
4559 1043
4322 2225
5413 1990
1206 534
1188 529
4835 2545
616 130
7054 4634
4282 934
6368 4314
2858 106
7282 4755
2483 2343
6159 4184
6204 3735
5008 1587
4105 2077
2560 1103
5346 1919
383 1180
2537 1086
5968 1496
2504 1085
7450 4822
2508 1056
4324 975
6211 3018
5748 3986
4679 1165
3254 2623
2257 2238
3120 2520
3475 2755
2682 1160
2680 1149
3972 1976
5973 2723
7205 4599
5949 3447
4770 164
7193 4703
4567 3290
401 1168
6291 3106
1054 399
3472 480
4881 4047
