4293 1889
7035 3265
630 185
818 163
5177 2748
5506 2462
5274 636
2270 1002
6044 2699
5492 846
7110 3208
5000 257
5468 1802
6484 2960
4289 1891
6922 3104
738 110
1539 603
6097 530
4297 2502
6253 2834
7393 3212
3703 2291
3392 297
6903 3115
763 152
5994 381
4799 252
4427 1987
6693 3019
5764 2641
732 199
5056 396
529 1261
5592 2503
3157 1283
3530 442
5211 584
849 180
6412 2932
5058 1453
7238 3260
3810 1658
2362 1077
1472 563
6092 1587
6602 2984
5428 1773
6145 2789
6669 1596
5208 2275
5060 1519
7057 3178
1415 1590
1684 688
925 275
7155 3307
6817 3214
4006 1766
477 40
6660 3162
3509 1475
4932 2660
2495 2009
1074 392
7180 3310
1372 527
5164 1520
673 194
7547 3379
5770 2582
3895 700
3132 1256
4541 2630
5311 1659
4611 1190
3244 174
5891 2653
4613 2638
6633 1504
6505 2600
7317 3093
3049 44
2591 2635
4194 1875
1299 485
5239 2299
1971 853
7319 3333
6028 2695
4298 1854
750 159
6043 2718
1956 832
1187 441
1313 496
5564 868
3564 368
2193 1869
1945 831
459 69
7034 2775
6214 2816
7533 3377
5853 1230
5291 2340
1699 694
6378 1870
6291 791
1597 661
4481 2565
1834 766
3901 1712
5315 2351
487 17
5759 2643
5586 1879
6875 2920
7386 3324
6941 2955
3395 430
6616 2981
4250 1884
4284 1901
5198 2272
4968 2093
3506 1529
890 223
1214 1514
5630 2528
3560 2247
5936 2095
4623 2974
5105 425
3841 1673
3632 1566
2485 2008
7314 3090
6054 2185
4137 872
549 30
5745 2612
2024 1806
2000 856
907 273
4244 900
5139 2228
5650 2926
3754 1624
4964 357
5333 1701
7207 3145
5604 2517
591 132
4288 1894
5748 2953
7497 3365
1935 828
5744 2622
2498 1165
7453 3366
5355 2378
4907 1323
6233 3040
5624 2537
4002 1765
5504 1813
961 290
2173 1882
326 54
3037 269
6487 2604
3521 2188
5474 2444
6313 2882
4548 2632
5159 3006
3787 2339
4827 1229
2505 1161
6237 1720
6765 2400
3742 613
694 146
1894 803
582 144
848 1369
4706 120
6629 2245
4653 1136
6459 3120
5709 2001
2436 1991
6785 3057
842 218
1707 699
5276 1652
6075 1568
6203 2805
1950 1798
3383 1413
2459 1075
5598 2508
4813 261
1781 1733
1284 462
1100 375
4950 1371
6861 3086
1645 1671
5669 2551
2033 859
5282 649
3655 505
6080 2730
5494 857
816 254
1890 1775
5331 2363
4534 1978
1399 528
6314 2456
1091 1517
3777 1656
6752 2389
6966 1387
6907 3108
6348 1836
7406 3219
7313 3085
1438 557
4474 1134
5131 1499
4212 961
6908 3117
1077 1488
1996 1809
6588 2975
4170 1841
5603 2911
3999 779
4375 1023
996 317
6144 2774
2817 153
1800 1745
6205 683
4646 1183
3403 1424
6640 1541
6086 2733
2564 2019
6225 2366
6204 2355
2299 991
1693 690
4658 1191
4911 311
4187 953
3488 2178
3593 2250
5727 3135
6342 3074
2172 954
2150 943
2511 2026
7108 3206
1064 353
5495 845
6935 3133
7450 3344
6513 2634
5252 2305
4665 1184
5301 1648
3212 1350
455 32
3512 2187
1224 389
1544 604
6816 3066
1366 507
6944 3140
7106 3209
3288 1324
1803 744
7215 2724
3830 2352
2610 1116
5037 2697
695 157
6937 3112
1826 750
5087 481
1856 770
4992 2153
928 281
5278 2787
4001 2412
1745 713
6764 3048
1789 735
6247 2401
7522 3378
3529 443
4193 933
5496 2466
3892 1702
5651 2936
1925 824
993 1439
6182 2792
1235 408
3828 659
3417 2146
3187 1325
2062 880
6381 2479
2004 862
6083 3002
929 288
3268 1305
1872 790
4485 2576
7339 3237
3741 1619
5537 1872
6580 2655
5057 453
6478 3129
1640 656
729 145
2249 1008
1172 409
3945 722
6096 1592
3609 2261
4790 243
1212 451
2044 1826
5071 1486
1302 484
1849 1759
5849 2134
4204 1860
5732 2574
7066 3270
6883 3097
4614 2056
1193 412
6943 3141
6489 2965
5749 2564
2267 1913
7483 3359
4448 1965
3662 1572
1086 362
4358 1944
4262 1898
3937 2392
6315 1821
5512 861
7076 3028
3812 645
5909 2651
4850 1338
3545 2208
3176 71
4290 929
1332 493
4377 1932
731 1376
5940 2658
755 124
1595 626
6746 3039
3969 2402
1547 628
1322 489
6495 3134
1079 344
6697 2793
930 302
1080 345
1397 539
3291 1372
4021 796
5992 2673
6839 3076
6853 3083
2469 1144
4483 2595
4316 1902
1025 1447
4387 1059
4546 2006
6881 3223
2573 1172
5186 2268
2344 1948
5594 2497
2032 886
4504 2628
3320 1347
395 60
5554 882
4073 2438
3232 1328
6773 3199
5847 1316
3702 2290
6488 1083
2638 1210
6647 2715
5458 2429
733 162
4058 2434
6073 1511
4625 1173
3881 1693
4668 1181
5334 2813
5165 2252
5499 2468
6091 1586
2273 1907
3147 1299
6416 2917
6606 2129
3221 1309
2272 2516
380 8
3635 1554
4241 971
4330 2523
3440 1418
604 81
7179 3246
7439 3339
1874 1770
5733 2619
7436 3258
6717 2798
5893 1434
4579 1142
5075 2712
911 271
7523 3275
987 256
7303 3302
3519 367
6234 1708
3366 233
654 1306
2494 1156
4557 1112
5640 1956
1156 350
5433 1772
3747 1618
2601 2055
3239 134
3234 335
3193 1286
6929 3248
1055 429
2020 869
6582 2677
7028 3159
6100 1574
4294 1010
3540 1490
6138 2785
662 126
6759 3197
3451 1469
5825 156
1380 514
7019 2269
7187 3249
1889 1776
2151 1862
3452 1470
7324 3308
1577 622
6343 3073
4999 1423
1099 359
5022 2681
6635 2989
6860 3095
3064 1237
4830 1313
6524 3131
6615 2982
4831 1314
4198 1877
3996 776
5741 2956
5033 364
1837 762
7498 3351
4578 2640
1928 1788
4338 1924
6470 2950
1937 825
3709 1595
6263 2840
7431 3314
7529 3373
6780 3202
4849 1271
3371 1393
7123 3070
6933 1972
3372 1396
3475 2183
7471 3353
1333 504
3880 1688
6202 2804
2405 1086
4826 239
6824 3216
4259 1861
2467 1163
5247 2316
7491 3363
2297 1921
6392 2520
5243 615
3311 188
2470 2004
3507 1528
5982 2978
4609 1186
5050 2161
2581 1176
4438 1068
2031 1832
3821 1662
5188 2283
4972 372
1141 337
6437 2940
1824 1750
1041 322
6534 1212
3165 93
1337 486
5633 2530
1062 331
6068 2218
6910 1928
6909 2933
5646 2542
7367 3273
6363 2472
674 195
6757 2823
2629 1217
4332 989
6859 3096
2248 990
7023 3169
3934 720
5691 1016
5693 2585
7282 3321
4843 260
2099 891
3940 1724
6917 3235
7257 2802
7321 3226
3796 2347
5518 1830
5521 903
4119 1835
6307 2864
521 94
5477 2875
6034 2704
430 12
6063 2734
2386 1969
2631 2066
6622 2992
6278 769
411 16
6122 2314
3354 1390
3382 1403
965 1455
1576 619
1000 1460
1420 542
6306 2874
7332 3336
5229 1617
5328 2358
2212 977
2356 1950
3379 1404
5905 2162
7101 3200
6111 548
2524 1155
708 109
7048 2331
7189 3234
4545 2047
2512 1139
4685 108
2641 1223
2026 1831
5766 2003
5067 2176
5912 2648
7480 3355
5785 2031
3793 1655
3688 536
1836 1757
6001 2191
918 1392
6851 2465
4252 949
6613 2985
3871 1682
7204 2991
3788 630
6042 2721
1089 1500
646 2087
5575 1887
3970 1751
2257 1001
3427 1472
2912 14
7469 3106
482 79
6139 2293
5959 2091
7465 3306
4979 2132
3884 1698
4168 1847
3587 467
7527 3382
2582 1177
6406 2934
3737 556
4180 931
5955 2115
5576 1871
5903 1405
6162 3020
2125 924
4588 1148
6261 746
2303 1025
3254 2119
4201 1874
5904 1406
2213 1890
6155 2784
1797 736
2316 1015
6039 2711
5158 2739
3130 2089
2231 992
6094 1591
7146 3305
4980 1330
5149 2249
4895 294
6018 1521
5388 2822
5535 2481
6527 2964
5302 2341
5068 301
2036 1825
4370 1021
6277 3053
6177 2344
5245 2307
2428 1101
4135 915
5427 1767
1746 715
6644 2731
3233 149
3339 1361
7135 3301
3323 1351
2350 1959
1226 400
4479 2588
3637 1553
6947 2623
3413 285
1001 1461
4117 2449
3973 752
1689 692
2402 1088
5659 1063
1759 1726
2181 982
4441 1098
3518 1510
6031 1463
6371 2495
6508 2972
4946 2092
7003 3252
4422 1976
1407 1601
5507 2463
7232 3167
7451 3347
5481 2447
5558 2898
1805 739
1083 1491
4798 1268
6932 3130
5401 2837
6377 3092
749 131
4544 1195
6904 3116
960 258
6248 2828
1665 675
1682 1687
6867 2905
5240 2302
5074 2167
5196 2260
1982 847
5662 1057
6106 3010
6421 3228
4070 816
3823 2349
7411 3334
4769 1244
4258 988
6601 2672
4275 1863
6781 3055
2061 1843
7281 3056
550 46
4969 1327
3760 1628
206 24
3672 559
4465 2602
5511 2476
6180 3024
4248 2500
4349 1937
6280 2419
5009 2138
1066 1452
5728 2028
5344 2369
3298 270
2633 1213
3112 43
5701 2557
783 242
3971 2403
4758 187
2079 893
1072 1458
2116 916
4480 2566
5752 2958
392 3
1893 800
1171 402
4379 1926
5152 529
7036 3264
1466 1616
5204 2765
7537 3387
1551 607
5255 1635
2153 948
4990 1370
4991 2671
4847 272
5647 2541
5179 1546
7178 3250
3121 1252
4202 2482
628 1255
6745 1709
6110 2757
6258 2831
6123 2292
5019 338
3101 1295
4691 117
6071 2732
6117 3011
3437 438
6940 3118
4115 2454
3721 1613
6103 1599
3075 20
3577 2237
6865 2903
526 50
3228 1307
1720 703
3175 1281
5106 497
6217 2362
645 2088
6450 1953
6795 3063
5175 506
4367 1930
7499 3369
6056 2192
6349 2899
508 115
5365 707
6141 3181
7211 2698
1092 405
2617 1188
4462 2013
886 207
6639 3153
1400 518
5888 1277
6793 1777
1227 458
2023 849
4363 1940
2637 2061
6530 1192
6284 2850
5685 2579
985 342
5848 1315
3011 36
2968 1227
4641 1125
7001 2722
940 300
2329 1939
1948 1799
5951 1337
576 150
6550 181
1368 517
1046 352
1361 511
7470 3375
7444 3316
6082 2729
7356 3257
3985 754
5925 1359
5077 2201
2325 1046
716 105
872 209
4603 2022
3859 1681
4711 158
5446 2425
4003 768
6523 2017
4543 1200
5587 2906
6367 2491
1575 620
1733 714
1591 625
2288 1914
7013 3155
963 249
1760 1725
5454 2862
3522 2189
6501 2967
1230 1535
1449 1608
2197 973
3223 1335
1536 1636
5178 2750
6326 1839
6807 2855
231 29
6911 2935
5259 2309
398 5
6129 3013
3599 1543
3328 1432
7540 3390
6760 2825
5517 1845
7457 3350
3295 1367
6723 2354
3227 166
585 48
1106 404
6076 1569
3539 433
1815 747
1986 848
5964 2125
2647 1226
6994 2979
6316 2872
6384 2522
3535 379
6649 2265
6379 1867
5369 2388
5142 2253
5361 2380
515 1241
7062 2786
7009 2197
7525 3380
6057 2193
5113 2234
2364 2546
1866 787
1568 616
4956 2111
5253 2320
1185 394
1128 343
2654 1225
2649 2062
2625 1193
6874 2499
7323 3309
753 202
5972 1449
6766 2399
4470 2018
5986 2685
1078 1489
1809 743
1422 550
2140 921
3040 1238
5405 2408
6634 447
4154 881
2543 1084
6480 2560
5907 232
4514 1126
4192 2488
2294 1916
5210 2274
6747 3042
6223 2365
6763 3049
6585 2649
4599 1153
2291 1026
5670 2550
3364 2135
7139 3089
5340 2367
4914 324
5112 2209
2902 1236
3870 1686
4418 2559
1440 1604
5846 171
6621 411
948 231
4174 908
7129 3218
3140 119
1382 533
2369 1067
7188 3139
4450 1982
3589 2235
3425 309
3324 1381
1163 369
3571 2221
3292 1383
860 178
5126 2231
5674 2941
3572 2222
3293 1384
5095 2219
4859 1297
4339 1923
1116 1492
3391 1430
488 22
4017 2417
5083 2184
6296 2853
2119 926
5138 2229
4346 1022
5101 2211
6201 2799
2043 902
4756 25
5989 366
4133 858
1500 590
4745 193
3922 1716
2632 2065
1782 1736
3162 1287
7475 3255
3578 2236
1540 608
1993 855
615 100
6455 2943
3887 1696
2627 1208
1556 652
5063 469
4630 1178
3167 2650
7255 3317
6553 2145
3883 1697
6678 3263
4304 925
5327 2359
1087 371
568 58
2230 1897
6696 2794
2338 1066
4181 1858
1421 546
5867 2076
6770 2830
3816 1661
5053 2168
6499 2966
2954 11
4815 1259
3156 67
7377 3284
1637 674
4926 1319
6703 3022
3611 2280
1973 839
5430 789
7380 3286
5206 2769
1961 836
7389 3211
6275 3052
3429 1450
2634 1203
6568 222
2448 1114
1681 681
4606 2035
5052 459
4602 2015
4852 279
2105 1849
3789 1647
6758 3196
4861 1289
6730 2817
751 196
1486 586
5978 378
4397 1947
954 283
4107 2460
4357 2532
752 197
5476 2442
3180 161
3664 1580
4443 2578
4512 2568
6982 3142
1878 792
3837 678
5714 2591
5885 237
3666 2278
6850 3080
5008 416
3201 76
3877 1695
7183 3251
5680 1955
596 21
2163 1876
4213 1883
5672 2939
2572 2032
1047 417
2005 837
3913 2386
2040 875
1656 671
3422 314
6102 2754
2578 2041
4414 1979
3171 1322
7205 3143
6354 2897
5913 2078
6376 3091
3647 540
4143 1827
6891 2504
4927 216
5073 2166
7440 3266
2048 1833
7544 3372
618 1251
5403 2407
6302 3064
3775 598
3449 1437
5027 348
736 129
6105 3009
3685 1589
6872 3224
4015 1768
1033 296
897 286
2472 1115
3353 439
691 1301
3656 1575
3088 1231
5325 2808
5475 2443
4423 1975
5614 2533
1125 323
5543 1853
605 82
2478 1080
6663 3004
1969 1804
2490 2005
7248 2788
689 1275
5410 2843
6617 2983
7279 3050
3259 1317
6818 3068
5197 2259
3728 2304
1164 374
3579 2233
6948 2968
692 148
1917 815
3613 1603
1169 358
5644 2547
6749 1714
1698 691
3386 2157
4488 1980
4299 1899
1443 562
5729 2027
4237 1866
4906 1246
7032 1584
6216 2361
6198 1670
4263 1888
5348 2372
1445 565
310 6
2406 1090
4833 2074
4353 2535
1865 788
3975 2404
5471 2441
3555 2223
722 139
6104 2258
6650 1560
2154 947
2192 972
4144 1840
6700 3021
3260 1344
1338 1556
3102 1294
7426 3337
4966 1456
5952 2147
454 31
3261 1345
6643 2744
5872 212
7191 3241
6385 2918
6220 2377
5030 448
3246 176
5638 2539
3723 1614
6397 2531
2504 1137
5117 2205
6249 2829
5001 1429
6919 3240
6009 406
995 262
6507 3138
2302 1028
775 244
1396 535
1493 573
6191 1668
3085 80
1367 516
979 333
2158 966
6011 1523
4409 1038
2583 2049
559 112
4071 817
1031 1480
6641 3003
6157 2781
1845 774
3889 1703
2471 2000
892 219
6027 2686
3846 1675
5997 2122
3149 138
5636 2930
2041 871
5457 1795
5696 2581
1126 410
7049 3175
6394 2924
4027 1762
6446 2545
2367 1963
5678 1954
4507 2624
2324 1033
1045 313
5682 2949
1360 503
7283 3322
1959 1801
7370 3191
7325 3335
2437 1124
2640 1224
3173 1342
6295 2854
1130 421
6271 2842
5533 2486
6254 2833
6670 2751
5534 2487
6077 2737
5100 2212
5716 2014
6128 1598
1409 543
4550 1082
3673 2294
7131 3077
2650 1174
6341 2891
5738 2637
5440 1780
4054 798
1504 583
5145 2239
4872 1300
4225 934
4618 1990
3795 2342
6069 2994
3109 72
3346 192
4257 877
6800 2871
7148 2921
3492 291
5484 2867
2569 1169
6683 2330
3465 1462
4337 2527
3110 106
3680 1593
7185 3121
3668 1573
7309 3304
3284 1391
7107 3210
3031 52
1926 820
3380 1395
6285 2852
6300 2857
1170 391
1218 1537
3872 1683
4765 205
1819 748
3189 75
2602 1109
6414 3107
671 140
1516 597
1773 724
4274 1906
3990 1756
2372 1977
554 1272
3606 471
4383 2549
4527 1092
2913 15
4049 1785
1365 515
3869 1685
5779 2046
5258 2301
6454 2590
3617 1545
5305 664
7272 2824
4574 1984
3981 759
5919 2662
1892 799
6222 3032
787 251
3694 2325
3396 1378
5993 2980
4148 1838
6114 2756
3727 2318
3402 1419
6952 3136
5916 2099
3280 383
6720 667
5591 2493
5987 2684
7445 3343
2454 1995
1537 611
4963 2106
537 85
1532 1634
5417 2844
6359 917
5423 2414
5212 2281
6007 2680
1608 1660
4893 238
5949 2656
2626 1197
1307 487
6761 2827
1207 1513
3297 1389
5270 2336
3325 1332
4626 2068
3450 308
2314 1017
5859 191
5306 2343
4426 1988
6445 3113
5081 446
5707 1097
4303 1904
1719 702
3341 2123
4431 2562
2636 1211
418 0
6661 2749
5694 2946
4684 2059
2275 998
4835 1278
6447 2540
1404 2306
6673 3171
5464 2436
6637 2225
4251 1881
304 208
3438 1466
6552 2144
4860 1257
6997 2203
5990 1507
3287 1373
5957 2079
7154 2928
7171 3236
2376 1974
2972 1248
5041 2159
1806 740
2320 1050
4536 2023
4896 293
6243 2396
3640 1561
5999 2160
6025 1524
2141 922
4086 2445
4812 240
2021 867
1724 704
431 63
3385 2158
1558 1649
3141 1254
7434 3358
7165 3245
5038 2152
988 327
4444 1069
6281 1763
3480 1479
900 1422
3513 385
3238 1336
6750 1715
7261 3276
7254 3318
5717 2548
5765 2971
6852 3082
7014 3156
7075 2803
3665 2277
7100 3201
5185 479
2196 1878
6084 1549
2241 1004
4467 2586
4708 1233
6653 3000
5920 2103
2148 945
5935 2096
6156 1640
571 128
3583 428
2149 946
7065 3269
5726 2611
1790 733
5921 2104
4103 1819
4863 1273
2360 1933
1223 390
5520 1828
1929 1789
7304 3303
1770 723
7318 3332
4321 1873
5482 2877
6620 423
4022 778
3185 2082
1065 365
2562 1175
4183 2483
5559 2485
3537 401
735 1326
4493 2007
2278 996
2496 1117
6544 1358
1134 1483
629 39
4510 1160
3767 640
2357 1056
5991 1508
1522 606
6085 2736
3768 641
2432 1094
5589 2513
4283 1900
2433 1095
3138 1243
4400 2553
7088 3277
6502 2973
4149 876
4506 2043
804 190
3531 2206
5357 2820
3581 1518
3435 1431
4093 1816
1005 320
7265 3035
3136 2098
5501 1807
3525 1503
4040 811
1006 321
6238 2391
5352 1710
2879 49
1428 541
6245 2397
3965 1746
1306 1555
3974 1752
3107 1235
4173 2473
403 13
3206 1334
1063 334
3554 2213
1127 339
6491 2625
3134 1276
6517 2606
2186 964
5225 2312
7340 3126
5588 2907
3332 1377
1371 520
6327 2884
4354 1051
1454 571
1933 829
6662 2999
3982 758
4845 2085
7161 1927
4317 1922
2483 1106
4081 2437
1317 480
3120 2069
1903 806
6652 2997
2123 901
1196 1516
968 282
6317 2446
6863 3100
3458 2172
2672 1205
5805 2627
6448 2929
4152 895
1242 465
3776 650
427 18
1020 346
998 1436
5129 2215
6503 2957
5855 1380
4834 2084
1796 737
875 1386
1931 822
4996 2676
7156 3233
2083 866
5695 2567
6506 3137
2334 1055
2152 1859
1604 663
3217 1285
6755 3194
4854 2071
7151 3102
3197 1368
1780 1732
5059 2194
6420 2521
5573 899
3909 1713
1143 347
4186 1857
1175 1515
6825 3217
5890 1234
6913 3109
4839 265
4407 1981
5254 2321
2444 1118
3989 763
3630 554
6048 2988
7503 3370
4612 2048
6471 3123
2540 1185
3855 1678
5326 2809
6047 2713
7086 3189
2365 1042
6709 3026
3783 638
5265 2315
5879 2647
7305 3299
2122 905
3103 234
6797 1781
3182 1267
6260 2835
6252 2832
4164 888
4322 968
6444 3114
6050 2705
1095 1471
1468 1607
3170 1343
510 113
3334 224
5628 2514
1274 468
4487 2020
4396 1946
5283 648
3415 1385
2066 1848
2049 887
4921 2666
2134 944
6975 2976
7007 2243
2252 1908
6329 2887
4910 310
3434 1409
5724 2554
7113 2870
6305 2873
7396 3328
7341 3242
4957 2110
1881 780
1861 786
3255 351
7231 3012
6514 2636
5981 2669
6095 2741
6451 2552
6596 2663
7228 2244
6352 2480
3802 646
7079 3187
4617 2050
7357 3174
2003 865
2934 27
4589 1149
6790 3205
5201 2279
4941 1280
3183 1364
3868 2375
6981 3147
4129 885
4710 164
4875 2077
6772 2405
6877 2908
3084 226
6815 3067
5918 2654
4985 2148
7203 2990
2054 883
5184 2256
4492 2040
5048 2173
5172 2251
1340 1576
6572 1407
6857 2901
6239 2395
6704 2796
1158 1495
3649 1567
3115 26
6520 2961
5968 330
1505 582
1936 827
3331 2121
1602 632
5874 1401
7071 2348
4062 802
3153 2108
4067 818
6365 2490
1960 1797
1692 693
1234 407
2308 1035
4028 785
6813 3213
7481 3164
1880 781
3840 1672
3726 2317
4621 2644
7157 3111
5224 1629
5690 1048
6599 2679
4079 843
730 118
6614 2210
4766 204
887 305
2285 2509
4762 214
6862 2914
6293 3060
2577 1202
5174 2248
6431 2919
4380 1037
1393 532
7153 3230
6854 2895
1630 658
2768 2101
2266 1912
799 179
3966 1747
2263 1005
2399 1079
4319 1915
6299 1771
1473 564
2589 2052
4877 2081
770 1420
3792 1650
1628 642
1465 560
3483 1446
5128 513
1967 844
4039 2424
5189 2263
5715 2948
6257 745
7390 3065
3281 382
6401 2925
7143 3098
2580 2051
5453 2863
3534 370
581 143
5508 2885
3893 1706
5193 2287
6714 2791
1254 1548
2375 1973
4788 2073
3686 588
6438 2923
4386 1957
7206 3144
1934 823
3235 1266
5055 2694
4810 1398
3597 478
7172 3311
4900 299
7284 3289
5392 1739
1910 1782
5084 349
6346 2894
6391 2912
1186 413
7083 3033
1112 363
4057 2433
3524 2214
6657 2998
4934 318
3479 1478
7054 3177
5671 2555
1433 549
6067 1557
6386 2510
5133 1536
6671 1600
6387 2511
2646 1222
7240 3267
6168 647
3842 1674
7005 3152
3439 1417
4686 96
7018 3256
6055 2186
6036 2177
6529 1189
2933 28
2963 34
3784 639
1677 677
6010 2701
7064 3268
6058 2707
601 91
3445 306
3003 1265
2612 1119
6107 2759
4886 1258
6088 2241
1157 403
5234 2334
4285 2498
6221 2815
794 135
2304 1030
4716 1296
754 211
6022 1531
1499 581
6840 3071
7094 3046
2561 1180
394 41
1013 354
1875 1769
5699 2580
2071 913
589 42
6046 2714
2418 1121
3205 2083
800 1329
5143 1562
2055 878
3218 1312
5170 2746
5585 2492
2037 870
1120 415
3245 173
1658 673
5631 2529
6899 3110
3126 2075
4220 1868
3484 1476
2337 1943
6873 3105
743 141
2053 904
6143 2782
5996 395
5483 2876
5778 1999
5044 1442
2363 1945
3342 1394
6422 3229
2108 923
5461 2430
693 1270
7285 3290
6150 2776
1911 1784
4369 2543
3701 595
4516 2592
5719 1129
4351 1935
2034 860
3267 376
6516 2605
3758 1631
7047 3173
2527 1123
4420 2536
5227 2284
2536 1159
2287 1006
1944 833
4616 1194
7050 3176
2182 981
3956 731
2609 2053
5404 749
6298 797
3302 1348
4771 38
6090 2740
2383 1078
3547 1525
1319 552
7410 3354
3349 2136
2129 1855
1517 594
7177 1941
5702 2593
1970 854
888 304
6264 2838
3700 593
3285 1379
5645 2544
587 1247
7256 2801
1791 734
5561 970
6207 2806
530 1260
6339 2886
2098 894
5424 771
5863 235
6963 2683
6012 1522
6509 2037
6382 2501
931 1388
3992 1758
5563 2892
4601 2016
6497 2962
1180 355
4573 1064
3111 1242
6303 2868
7486 3362
1166 434
4974 386
2274 1905
2988 1262
2728 1219
3194 147
4838 264
4975 387
3744 1622
5396 1748
3505 1487
3038 268
3879 2374
3447 1435
5261 2328
4419 2561
3745 1623
2635 1215
5593 2496
5822 137
6510 2010
6707 3025
744 142
5983 2674
4949 2112
5800 2594
974 263
1932 821
6915 2942
7518 3376
6834 2881
5878 2646
6079 2738
1167 1494
7552 3389
6921 2569
1453 551
2323 1931
6200 679
6137 2772
4620 2060
3831 2353
6059 2709
1830 756
4314 1910
497 7
1331 1559
3986 755
7482 3360
5757 2633
637 1263
994 1440
3936 2393
2232 928
6360 911
1627 643
616 101
5354 2379
5623 1951
6658 3157
3794 655
3653 1570
6692 3180
2401 1089
325 55
4755 1232
5743 2626
4388 1929
6636 2227
6226 3034
6052 2195
1344 491
6411 2913
4454 2951
1538 612
3698 1597
3949 726
762 189
982 1474
7535 3386
6525 2024
3979 761
5377 719
906 259
7385 3327
2205 938
1024 1448
3911 1719
5407 751
6741 1705
3166 95
2284 1013
4329 986
7253 3030
6562 2113
3953 1738
3987 1755
7288 3293
5910 2652
1833 757
4134 2467
4389 1966
419 59
2276 993
4780 203
523 61
4242 1893
2451 1076
3612 512
4224 957
809 2114
3514 373
4033 2422
4890 284
6213 2814
6066 1558
3797 1651
6490 2577
4697 114
5125 2220
6368 2896
6035 2743
4172 927
3220 70
5450 2428
5024 1527
3890 705
