3417 915
1399 2029
1950 1120
3091 1916
3525 3234
1594 890
369 220
3337 2108
6374 4675
1361 777
4932 3390
836 511
1111 644
6018 4392
2633 2754
6602 4847
2296 1299
6167 4489
2518 1438
6598 4866
5447 4299
1657 950
2506 1444
2949 612
5627 4398
6119 4630
4015 1305
4236 2780
6444 4743
4025 1414
4570 3077
2023 1123
2457 2630
4813 3268
2210 1225
4334 2870
5704 3502
2429 2633
4329 2867
4824 3971
913 1687
3668 3310
4651 2098
6067 4098
2725 469
2893 594
2900 2923
2179 2502
2084 1170
1492 2092
4056 2634
4158 2734
846 1662
2963 1804
3199 2004
1845 1013
3924 2529
3825 2478
593 378
527 237
5163 3590
4303 1689
1535 876
5156 3569
1335 771
2244 1359
6554 4846
3405 2172
3050 707
3281 827
528 238
605 318
6529 4770
1336 772
3185 1976
3237 2026
4738 3227
3414 906
978 1727
4759 3244
3736 2377
4156 1552
4207 2773
4175 2750
6034 4402
2052 1167
5342 3039
767 476
2443 1469
3496 2195
2466 1478
2390 2597
3379 891
4309 1699
3065 1902
1747 995
6524 4804
1740 994
4376 2938
1150 662
5045 3456
6532 4810
3516 2247
3408 2182
146 1190
2267 2541
2281 1281
6257 4568
2852 1701
2751 1610
5982 4361
6255 4702
6044 4404
4970 4032
3762 2406
3460 2221
1444 840
1033 599
2977 1822
640 388
4884 3996
4269 2822
1639 941
5741 4136
2125 1195
4222 1609
3257 2045
3551 2257
421 217
1727 2250
272 105
3950 1310
6414 4708
4454 2978
4155 3549
2555 1468
6096 4443
2025 1126
6166 4491
2868 1737
6080 4434
2222 82
1864 1058
5574 3978
2572 1483
5170 3589
211 71
5350 3054
840 1655
2211 1255
712 448
1630 957
4409 2932
1658 974
4448 2979
2578 1531
11 54
50 98
2309 1291
1827 1051
2967 1807
3283 2063
4247 3588
987 580
3334 855
3036 1877
3675 3328
5534 3930
43 84
3284 2067
2749 479
1996 2436
2227 1221
2277 189
936 560
3550 2267
5642 3467
3911 1295
6539 4691
3406 2173
2839 2874
4399 2935
165 138
3321 2077
3755 2370
5865 3815
3478 2205
6343 4648
254 161
5071 3477
2417 1330
2434 1374
5393 4256
5477 3896
5622 3364
4775 3264
3216 2003
956 544
4305 3623
4201 2769
3923 2521
5868 4266
316 1271
2449 1370
3749 2423
2600 2747
5612 4012
6265 4709
5367 4242
22 36
3088 1915
4092 3499
3620 2319
5608 3982
6297 4614
5934 3895
6054 4412
5118 2777
5838 4233
1272 734
888 528
2139 1207
4539 1945
6277 4602
3354 2122
2261 175
4127 2690
5898 3856
3098 1921
4028 3459
4614 3128
3458 2181
4863 3361
1850 1050
4706 3884
6206 4287
4364 2916
1877 2394
5373 3074
4634 3122
2171 1208
5830 3762
4606 3829
4940 4007
6171 4229
4294 1680
1990 2449
2129 2510
4497 3014
1631 930
4395 3683
907 1682
1200 699
2327 1233
3142 1944
3740 2373
1970 1127
2593 1505
5308 3733
3676 2365
2256 1219
4540 3060
3042 1880
3014 1861
219 40
5859 4253
2013 1164
442 219
3482 2157
835 1644
3090 3036
4227 1558
3799 1107
4157 1553
2953 1787
5669 3486
1926 1052
5145 3564
3247 2034
2880 2913
5775 4169
6046 4406
6506 4794
5204 4154
3057 1891
2113 1260
880 498
3506 3202
2857 1706
2670 1573
3971 1341
6287 4422
1566 896
4681 3164
779 447
863 492
341 231
3953 3421
1718 982
2175 116
1395 2016
5974 3929
3289 2051
5506 3919
5892 3848
2595 384
3829 2415
1944 1119
4195 2748
649 363
2328 2562
2293 1276
4800 3298
2388 2601
91 9
4343 2878
2544 1544
3546 2253
606 355
1997 1154
5239 2918
6542 4782
3609 2307
6023 4594
523 1417
1695 2229
2133 95
5756 4148
1376 788
6299 4445
3465 2204
1071 630
3644 2326
4266 3603
5757 4152
6121 4632
2538 361
3784 3385
174 1194
1298 747
2730 1622
2675 456
5040 3460
3787 1096
731 399
1550 912
5758 4153
6169 4493
2807 1677
6005 4359
2157 1293
2233 149
3582 2292
5407 3110
5062 3482
6514 4739
1847 1048
2766 1630
3664 1019
2499 2670
3025 1870
1675 971
6180 4656
3066 3016
5257 4177
5928 4316
4520 3046
920 549
4590 3100
5172 3578
2359 1326
882 1668
5858 4254
5206 4150
2565 377
1665 969
4211 2788
4312 1700
5288 2972
3976 2571
4952 2474
5219 3655
5867 4264
2225 1193
3696 2345
1140 648
210 169
1458 834
3519 2246
3773 2410
5668 4051
4498 3753
5411 4267
5214 4162
1243 1904
3455 2192
176 1205
4631 3839
6582 4843
5028 3449
3750 2364
3838 2455
5328 3755
405 1365
195 31
4680 3165
2272 1264
3096 725
5626 4019
2491 1480
1166 675
401 1342
1177 1865
1682 980
2957 1797
2955 625
3485 945
2032 2463
2673 1556
158 30
1720 987
2528 2705
2476 2639
3601 2303
6585 4850
5665 3471
3380 2141
3795 2443
2728 445
3301 2060
5839 4234
5437 2104
4685 2152
166 154
3246 805
1437 2055
3808 2454
70 70
1086 624
1183 685
5904 4293
4253 2807
2038 1156
5499 3920
4627 3135
1470 2072
5840 4235
2190 144
6173 4497
5207 2876
5580 4380
6127 4459
5439 3148
6262 4586
714 1562
2867 1724
4796 3296
6105 4450
4168 2741
30 74
5508 3932
4643 3155
5909 4301
5746 4441
5849 4247
2769 2834
3252 809
3356 869
5137 4107
2652 1532
4120 3511
4510 3035
6437 4641
3253 812
4363 2900
5114 3524
5168 4125
5479 3891
5680 4069
2237 2522
4177 3551
3189 3083
4959 3408
1339 773
3162 1966
609 326
4081 2625
3180 3080
5302 3729
5125 3537
3585 2279
2419 270
425 200
4083 2730
6315 4728
4331 1715
3083 1909
2980 1825
5545 3946
2987 1831
389 1323
783 1608
5585 4375
3331 2087
4465 3728
5992 4366
1951 2430
2301 2561
5972 4345
2657 440
6215 4529
2383 1357
6591 4853
1612 2188
5041 3490
3827 1115
5976 4552
6289 4712
4310 3634
6278 4599
4488 3003
5065 4060
5085 2720
3527 2225
6230 4548
1013 578
6124 4631
548 258
2252 2558
5978 4357
5314 3005
267 184
6110 4621
5735 3602
4349 2904
4034 2600
2376 2612
5455 4305
2274 1269
331 140
6140 4469
2380 2585
887 529
4304 2847
6429 4629
3922 1314
5951 4332
120 1180
972 573
5729 3579
3891 2487
5186 3605
1015 597
5875 4277
1273 1933
3883 2484
1705 972
1197 694
586 1460
1094 1814
3975 1361
4179 3566
2641 1520
1965 1137
3973 2564
5311 3735
4143 2731
5648 4033
3170 1967
334 234
167 66
3995 1377
5597 4006
5801 4200
4770 3253
1663 2217
2128 2493
5007 2618
2004 1114
4297 2864
3339 2120
723 454
1147 1841
6187 4507
2704 1612
3702 1030
4350 2895
2737 1595
1321 765
1536 897
1213 706
3395 926
2740 481
1151 661
2548 319
5688 4062
2579 1565
4726 3198
2165 48
1122 652
1381 2018
1455 833
5346 3773
1349 784
2696 1591
2905 1754
3330 2089
3753 2402
5435 3861
1207 1886
3265 3117
5431 3849
2109 97
1949 1121
5918 3874
2645 434
3233 2017
3754 2403
542 247
5980 4555
5241 3673
589 304
5512 4346
5989 4365
5127 3545
2085 86
5760 4167
57 0
3244 804
112 83
5720 4427
3358 878
2295 1245
4087 2659
5415 3836
5420 4281
5550 4355
5388 3814
143 45
5991 3942
188 128
2154 1287
4100 1479
58 1
5222 3650
2644 2766
1439 2057
918 1691
6410 4706
4805 3286
5154 2802
556 1437
1812 1034
657 1492
4544 3061
2512 2694
1943 2433
5673 4063
1158 1851
891 1669
4283 2852
1805 2313
5761 4159
4345 2884
4667 3166
2406 2617
4346 2885
3317 2069
4451 2983
2436 1442
3312 2068
4433 2966
6164 4225
667 350
3341 2121
1921 1060
2585 1494
3222 3103
5579 3295
232 58
2748 480
313 226
5805 4201
6175 4232
4798 3285
4864 3341
103 72
4245 1649
614 1504
2946 2949
3886 1241
4268 2845
5182 3604
4593 3818
1613 954
1526 2132
5862 4258
722 1576
1237 713
2408 1366
5631 3395
2471 1482
4797 3950
3900 3417
1459 852
4323 1703
3887 1242
3046 1884
2756 1648
6518 4829
1299 753
4635 3842
4208 2808
1466 2078
4763 3248
2792 1660
1836 2341
2040 1148
4131 343
3589 2283
3145 3063
1217 1888
2096 1182
5503 3934
2793 1661
3672 2371
3366 2147
5208 4158
5677 4059
1199 1876
2370 135
1347 768
4639 3853
1830 1009
3670 2367
5721 4100
1360 775
5794 4187
5047 3496
6280 4601
2000 1134
4004 2594
1110 639
2283 1224
2888 1746
1842 1038
808 460
1968 2446
3781 3356
2405 1354
6394 4690
5484 3906
2688 1593
4684 3176
4683 2129
5210 3635
5504 4340
3468 3203
4076 1371
6137 4182
6489 4778
3694 1037
3365 3172
2493 2661
998 574
1976 1140
4097 1477
5899 4294
2482 1481
6101 4149
3651 1010
801 441
4328 2866
5921 4310
5943 4328
535 267
1208 703
658 345
968 552
5894 4295
3683 2404
1625 910
4985 3415
4611 3111
6611 4873
4417 1805
4659 3150
4367 3663
3335 856
3803 2434
5467 3877
3351 2126
3584 3263
3198 779
5696 4079
368 245
312 1344
6058 4081
3824 2477
2995 1849
1000 569
5193 3616
1245 716
6457 4755
5697 4080
1514 2125
3071 3019
4869 3349
2842 1695
4009 2672
5716 4111
4995 2540
6202 4518
2692 2784
4953 2473
5784 3691
2855 567
2612 411
5861 3813
5078 2727
6007 4572
4820 3956
6458 4756
4389 2943
4801 3289
1064 611
616 383
2255 182
5250 4175
3274 2038
4885 3348
6212 4525
3813 3397
3390 925
6327 4468
5218 2898
4902 3387
1224 1893
4861 3327
4862 3304
2742 1625
4829 3969
2387 152
3999 2646
5343 3772
6531 4809
6205 4526
5192 2854
725 372
2216 1223
3761 2405
1934 1076
3034 695
871 483
2935 1799
42 93
2988 1838
2243 2514
3545 2254
2958 1796
318 177
4079 1457
2965 632
2308 204
6228 4546
4068 2623
3902 2508
1017 582
656 387
2726 468
4133 3512
2488 1434
4620 3131
5178 3595
4818 2337
2744 475
5842 4237
4344 2880
1053 1789
4044 2627
4774 3251
2649 1631
1596 909
3745 2428
5148 3560
5323 4219
4036 2568
4793 3272
3484 2223
2331 137
2803 487
522 332
6083 4439
4093 2669
3212 3096
1292 746
6570 4858
48 12
805 453
941 563
6254 4585
2352 1385
6358 4758
4517 3040
2430 271
4018 2596
6488 4815
6051 4415
1710 2231
4212 2809
4390 3680
6420 4609
869 525
3514 2241
2204 2503
4425 2962
3474 947
624 333
2552 1543
1981 2448
2883 1736
5408 3817
6599 4876
632 393
4785 3271
2450 1384
6520 4832
79 32
6337 4646
4882 3315
4045 1435
661 347
2241 164
4912 3347
2717 1624
3307 874
2556 1546
5203 3621
5647 4040
2338 1396
3774 2384
3678 1020
6503 4791
6208 4521
5968 4337
6338 4647
2662 1627
303 132
5232 2903
3570 2272
4420 1809
96 111
5119 2774
473 1399
2594 2746
3211 1999
2371 136
1441 826
1604 2179
2659 1563
5440 3872
5067 4074
1499 885
6408 4695
6558 4827
6011 4580
5090 2724
2959 1798
3385 2138
1680 967
2353 1315
4307 3624
2160 1185
2174 1188
3619 2318
5792 4475
2729 467
570 255
1077 618
1806 2310
6225 4676
68 69
5162 3600
2081 1179
1846 1044
3704 3322
654 376
5887 4284
5164 3606
4897 3342
1369 786
3152 1949
3223 3101
1010 577
2249 2538
4357 1733
157 50
6485 4776
4663 3163
6126 4460
736 1590
4765 3914
6132 4463
3751 2383
4026 1415
356 167
6486 4777
1113 1827
1636 2193
2502 322
3557 2269
4296 2843
3823 2472
4254 3598
4700 3880
4792 3273
519 240
1103 640
1282 731
2289 192
885 1670
3805 1110
2881 2910
4450 2984
461 286
31 89
3006 1857
4870 3350
1172 673
4662 3171
3086 3033
2515 336
2022 1160
218 39
902 504
2871 572
5014 3454
2172 110
3421 2186
4194 1510
4672 2136
1256 721
2830 2872
3187 3082
3775 2412
6246 4553
1671 953
288 194
5015 3455
4984 3419
3958 1331
2064 73
5275 3700
2812 2856
4161 2729
5074 3485
6630 4891
390 150
4184 1548
3528 3231
5544 3947
3979 2629
5658 4048
3469 2202
3262 3115
5667 4053
5731 3592
6256 4698
3868 1234
4851 3317
6013 4386
738 459
248 173
6525 4805
4626 3132
3191 1987
2426 1431
5505 3918
3449 2144
4128 2689
1125 1832
5361 3791
3743 2425
4437 2968
4945 3383
5929 4314
5643 3444
2806 1676
3964 2516
4668 3151
34 2
5133 2786
2505 1461
695 431
884 494
1712 986
2319 1398
5171 3591
1767 992
3656 1016
5226 3656
4019 2645
5072 4066
732 1585
2832 1718
3127 1939
271 1247
1092 637
2304 1273
3788 3372
1916 1040
3412 2175
4752 3902
6397 4697
4878 3357
2030 1132
3326 2110
6550 4842
6184 4504
52 3
5303 3731
4347 2891
2825 550
3475 948
3438 2171
5201 3620
1210 704
5173 2837
692 1524
5242 3667
2969 629
3003 1856
919 548
4528 3051
4519 3045
2196 47
6500 4721
2517 337
2884 587
827 450
448 1375
737 429
3160 760
5713 4093
3960 3420
234 34
3085 1910
1300 752
5811 4209
6200 4517
2660 1564
2246 166
536 253
5471 3893
5590 4011
114 6
2648 417
5307 2994
2217 158
5553 3258
509 261
817 1634
3370 3168
5280 3707
5835 3781
3239 796
5026 3452
2275 1368
5600 4002
5613 4013
5930 3889
3045 700
2838 1698
4199 2753
2180 28
1438 2058
4625 3134
5911 4297
4987 3427
3894 2485
5926 4535
2663 442
3272 2047
3722 1054
4165 1525
2580 1487
3184 1985
1038 1775
6170 4492
2921 602
3479 2191
1055 621
1274 736
3487 2197
4491 3007
545 341
4324 2863
5927 4536
3956 2546
543 269
4020 2574
145 8
5238 2902
3526 2243
2177 1210
5993 4550
854 502
3490 3222
2409 178
2613 1518
4728 3212
2271 196
4586 2012
32 46
1908 2368
5190 3609
4152 2751
3342 862
3982 2589
4291 2829
6368 4523
734 409
2887 1735
1375 2007
5191 3610
2886 1738
1709 988
4351 3654
3181 1991
6006 4370
2834 2871
1599 900
4256 1620
3349 2109
3178 3079
6057 4424
4287 2831
2320 121
2863 1710
2514 335
5183 4133
3703 2400
1964 1138
3020 682
3548 3245
2864 1712
5880 4271
494 309
4286 3611
4744 3213
5649 4058
5988 4358
4325 3638
1735 2251
3760 2432
2940 1778
6017 4383
943 541
3009 664
5510 3922
3846 1147
1446 843
498 1441
4445 2970
988 568
4903 3386
6441 4737
1956 1125
4549 1953
4616 3830
4480 2997
2194 153
3134 3058
3954 3422
787 452
790 426
3322 2119
5055 2685
647 346
3913 2573
5223 2905
4550 1954
1751 2274
5102 4086
2564 1475
5489 3910
669 370
6379 4683
2643 1534
69 104
1706 979
4938 3378
3172 1977
4192 1588
899 534
4512 1919
3835 2465
1131 649
250 99
1982 2438
3972 2539
6281 4711
641 385
1813 2317
5151 2798
2983 1836
5844 3793
1195 693
4369 3677
2266 1267
2284 2560
6224 4545
4231 1555
4356 2894
1860 1056
3209 2011
4174 1579
4562 1972
3081 3028
4776 3256
4501 3023
4317 2859
5502 4321
4610 3112
4265 2805
4874 3998
3200 3088
3249 821
1549 2149
6466 4766
422 279
552 262
3241 2014
4362 2901
3809 1111
5807 4202
804 443
5181 4135
1232 712
1870 1077
890 532
2314 1263
1913 1057
3161 762
516 327
2247 2527
1477 859
3235 2027
4136 2708
4652 2090
6422 4720
2170 1172
4105 315
1350 782
1992 1109
3981 3439
4585 3099
4470 681
2206 1332
5406 3819
3783 1082
3375 2128
1819 1047
4061 1445
414 209
2484 1387
2278 2547
6623 4886
3812 3398
5093 3516
773 416
765 1632
5829 4226
6220 4537
4978 2554
2087 85
1969 1100
237 38
837 512
938 565
5353 3785
6019 4393
4132 2688
617 391
3328 2103
299 1279
3851 1166
5116 2722
1343 1975
5981 4362
5542 4347
2950 613
5707 3541
5292 3717
4837 3335
828 455
3588 2288
2229 1217
1191 687
5423 3847
1319 1958
382 266
4412 3697
1648 949
5321 3012
690 1537
6136 4466
1589 937
3839 1150
4021 1393
2005 2462
4413 3698
295 1306
5841 3790
4605 3827
344 1307
3880 2496
5049 3488
4051 2632
4282 2851
5941 4326
2851 2881
5372 3078
2892 1755
3724 2336
4144 2733
6001 3944
3269 2031
6364 4660
249 67
2280 1266
154 53
4850 3980
1404 806
6104 4163
4084 2628
3348 2097
2183 1192
3409 2183
4188 2744
3530 3905
5366 4240
3987 2542
5410 4269
5812 4211
5097 3544
5599 4391
9 33
3070 1903
6378 4679
685 1529
4883 3371
3153 3069
3710 1043
1051 1784
3437 3200
3556 2260
189 127
4636 3141
5004 3434
3559 3247
5771 4456
373 1333
4243 2821
5356 3787
4571 3810
258 79
6070 4109
3732 2411
3229 3102
2270 193
5165 3568
2485 1411
2479 195
3418 3190
6248 4573
1871 1023
4563 3802
619 323
1201 696
4825 3970
6286 4606
2541 1463
3522 2224
1874 2387
5827 3756
623 296
3520 2240
6261 4582
3305 847
5518 3270
4677 3864
6401 4699
4951 3400
3477 934
4295 2844
4078 2718
2381 2586
4679 3177
2442 239
2282 1360
5715 3573
2924 1763
4170 1533
3128 1938
3687 1036
2654 1554
411 1339
933 530
485 298
2631 1517
997 1734
2787 1683
5615 4000
5606 4023
4124 1502
1878 1087
2012 1161
1974 1078
894 509
6360 4761
2063 1227
147 62
6090 4446
6072 4432
97 22
677 1538
1486 2076
236 155
772 414
5327 3754
5893 3843
6347 4650
3029 690
630 321
4467 1867
705 439
2971 638
6629 4892
378 145
5371 4244
5596 4388
6622 4882
6423 4724
2999 1843
4330 1714
4313 3632
2738 1642
1155 667
5391 3811
2226 1200
2144 1278
3000 1844
1451 845
4210 1508
3132 739
1928 2350
4416 2950
5358 4236
6138 4181
6292 4714
2707 1605
113 1203
6020 4394
2112 1248
1048 614
492 1395
4941 3381
3422 2150
4479 2996
5027 3451
2086 87
3810 2456
307 213
5416 4280
5110 3557
6574 4859
302 168
2337 1319
2576 1550
2522 1440
4708 3195
2374 1394
5128 4101
330 142
1882 1106
3483 3217
1829 2344
6512 4734
3538 990
2101 1187
5962 4544
659 344
5177 3594
4583 3090
2140 107
1670 977
3961 2534
5511 3931
3970 2582
4543 3789
2686 1574
4602 3826
5006 4045
1139 646
5661 4042
1504 2100
1283 729
5458 3871
4839 3319
3396 3179
3217 1996
3434 2170
2014 1149
1078 1803
5693 4077
3679 3331
6496 4785
4831 3312
3814 3392
2722 1582
4727 2174
111 1168
610 292
2326 1410
6357 4757
2639 419
374 1349
2926 2934
4327 4164
2200 2504
2078 1171
233 59
3075 3024
4508 3763
6213 4524
5005 3429
3997 2566
5605 4025
2034 1139
5247 3671
3157 1965
4240 3584
1234 1900
1509 2106
6469 4670
4306 3622
3452 2212
3445 2201
5832 3774
5019 2654
6631 4895
1939 1074
5330 3759
5617 4009
3893 1282
1313 763
3079 1908
1006 583
1294 742
3064 1898
5332 3761
4630 3841
3599 2297
3899 2519
4403 2939
83 24
2698 1592
5567 3962
6464 4667
4126 2726
342 1297
5339 3770
5754 3633
3450 2166
1262 726
1174 663
1417 831
3126 1946
350 123
2334 1301
6568 4835
1160 670
4464 2987
4947 3384
5089 2723
6284 4603
4894 3366
3196 1994
4336 1719
2292 1261
3871 1238
5269 3704
1822 2332
1106 631
104 109
5452 4304
4285 2838
5584 3991
6151 4191
5237 2915
5971 4353
2456 2656
631 381
1371 1997
4193 1587
3316 850
530 288
2027 1128
5787 4473
5146 4110
1351 1981
4709 3196
6109 4449
5914 4307
5233 2914
2521 1515
582 371
4108 2695
3897 2490
274 78
4013 1391
2635 430
4629 2056
5706 4085
1507 892
3612 3261
3937 1274
3727 2338
756 1616
1004 1739
1099 1818
2440 277
1097 633
2072 2523
2389 2606
4704 2133
6066 4087
3535 2235
3220 2000
6625 4888
497 1416
6361 4762
4989 3473
2848 1697
4418 1806
1491 2096
5384 3087
4415 2959
2391 1356
5944 4540
4011 2577
5619 4010
1171 672
3916 1317
5310 3738
5152 3571
5030 3447
6504 4789
2049 1162
4748 3239
5814 4213
3268 2030
4342 2906
6309 4726
6386 4682
1002 588
2511 334
1619 914
5399 4261
6569 4836
3130 1932
2428 1353
4393 2937
1431 2048
4910 4022
2462 2673
1790 2285
2811 2855
2695 2789
6344 4482
2403 256
4447 3723
4615 3831
2956 626
6021 4589
5485 3901
3603 2300
3918 2483
4567 3807
4564 3804
576 282
6345 4483
2932 1793
3966 1346
6376 4678
6563 4834
3195 1993
5441 3870
3129 738
5265 3701
598 311
4828 3306
4871 2355
6589 4855
3637 2325
3332 3152
5719 4119
5042 3445
4944 3382
4298 2861
1863 3313
3614 2291
1393 811
6590 4856
5496 4335
2827 1713
1920 1059
5425 3852
4062 2704
5915 4527
3739 2426
2632 1600
5743 3618
3819 2469
1054 1790
3210 3093
1903 2363
2318 1397
1788 2296
5276 3712
3860 1222
2184 1316
5202 4144
2134 1220
4248 1651
3074 3020
3213 3097
1277 743
6377 4775
5781 3686
4271 2816
2534 1527
5104 4095
5268 3690
4407 2951
3234 2028
4822 3309
5546 3943
2315 2588
3271 822
897 524
525 249
6553 4844
1397 2025
3077 3026
6259 4566
4974 2583
5405 3820
3131 1943
1586 2139
3591 2287
6426 4725
6513 4822
2151 120
6460 4763
3456 944
2461 1392
4569 1980
1344 781
2859 1708
1585 940
2198 1186
5592 3986
4893 3333
6577 4840
2653 1541
1524 875
2219 2517
5767 3666
1435 2053
1627 2196
227 51
3841 2461
4783 3939
5985 4559
5676 3495
6295 4610
5470 3892
228 52
4664 3868
2679 1583
5274 2958
6586 4849
3238 795
4838 3955
4696 3186
1087 623
5144 2793
55 1191
2835 551
1841 1042
4340 1723
352 129
6065 4094
5088 3508
3205 1988
475 1412
1896 1094
754 1589
3684 1031
544 340
464 222
6573 4860
4604 3828
1203 698
5908 4303
5057 3475
6515 4740
17 25
4122 2710
5607 4018
912 1690
2372 163
4928 3351
4276 2850
2197 156
2236 1212
1832 2327
238 1244
6189 4506
5079 3539
1906 1105
5628 4017
2841 1722
1574 899
1214 705
2455 301
239 1215
529 257
1423 829
4637 3840
2420 1464
1409 819
2877 2908
2782 2826
3712 3290
2480 1419
3600 3277
3869 1229
5412 3822
3994 3446
1069 610
3692 1025
5179 4134
4043 1433
3106 1927
3141 1951
3662 2353
4771 3927
1322 766
3010 1862
5261 2944
5082 2711
5212 2890
3137 749
5630 3396
359 1313
1834 1063
3444 908
5587 3977
5436 3862
745 408
3569 3254
4915 3376
1170 660
4758 3917
5816 4216
1290 754
2916 1776
6245 4563
409 263
1142 654
3778 3375
6223 4538
5549 3954
4262 3596
3758 2379
3279 3127
3729 1073
2122 1251
2343 1285
1192 689
1143 655
1271 733
447 299
5117 3538
4263 3597
5916 4302
4895 3369
4942 3380
3333 3153
2672 1646
6425 4623
5357 3794
338 119
2418 1454
2561 359
1159 659
5718 3572
3563 2252
4229 1636
6144 4476
4937 3377
2691 436
1632 929
1946 1069
1436 2059
3536 2233
6227 4547
6160 4223
466 297
2715 1598
1190 692
3547 2261
4373 2924
3015 1858
2790 514
4692 3187
5635 3462
1904 1080
4001 1381
3155 1961
4288 2830
13 15
5500 3232
1851 1018
4249 1652
199 57
2948 2947
1317 759
5105 4096
3121 1936
4868 3994
2379 1343
3985 2536
1202 701
1510 861
2188 1303
6465 4765
6566 4813
2329 1390
1791 1008
6516 4826
2586 1501
878 497
5244 3672
5432 3859
4359 3662
3737 2378
2042 1153
6352 4653
6042 4403
2368 1338
6501 4722
1876 1090
5123 2778
2402 1345
4391 2928
5977 4351
2668 2775
5224 3645
1227 1896
6201 4519
5175 3581
2483 1386
1793 1014
2872 584
2701 1597
1270 730
2566 1474
5084 2736
5124 2779
5048 3497
6373 4674
2251 157
6008 4576
6296 4611
3850 1165
1168 676
4649 3162
4244 2820
3595 2293
476 233
5363 4239
3772 3367
6242 4561
4896 3338
2689 1594
5533 4338
6312 4624
5564 3967
5344 3777
1703 966
444 284
3151 1948
2697 462
2706 2803
4077 1372
327 108
926 1694
1667 959
626 325
501 295
5896 3866
1721 989
2611 1489
1505 882
353 130
4341 2877
4206 3562
5936 4320
4807 3307
3611 2290
870 484
5750 4143
750 438
921 516
6253 4577
5293 3719
4432 3710
6089 4444
1001 586
6449 4746
2360 1427
961 559
4958 3442
848 510
3192 785
1872 1061
4449 2980
4116 3503
5370 3806
5000 2608
1814 2323
5426 3854
4064 2622
3941 3423
743 389
5300 2977
2680 1568
487 300
6084 4612
1879 1085
1684 960
1958 1083
3054 3004
1617 951
5796 4193
744 390
857 517
2006 2468
2779 1645
1583 905
3875 2530
5283 1820
2477 312
415 273
4400 2936
486 305
347 131
4216 2776
2451 289
6359 4658
3968 3450
4485 3740
2079 29
94 103
2990 1830
503 320
2478 313
4191 2762
6323 4731
1102 635
2762 1615
5881 4272
5381 3085
1577 2153
6618 4881
5215 2897
6303 4615
6043 4407
2875 1751
266 170
4751 2227
1752 2271
2809 1675
4080 1458
5723 4103
4427 1821
4318 3637
3093 1918
354 1335
6263 4583
4560 3800
874 488
5870 4274
761 410
1035 601
5434 3144
4561 3801
5889 4286
6547 4838
5319 4215
3500 3228
842 1657
2964 1819
1778 1011
6134 4467
4705 3173
1401 816
6130 4464
4354 3651
5609 4021
2927 1761
5691 3533
5659 4057
2625 412
4110 2658
4074 2712
3752 3365
4355 3652
4150 2713
4069 3472
2626 413
3984 2531
4196 2758
4557 1971
3925 2494
3148 1956
300 1308
5053 2676
2031 1135
5264 3688
2536 2697
4176 3550
5195 4140
2630 1516
4768 3926
3497 2232
1060 1800
4042 2675
5624 4014
2557 1547
4112 3510
1464 2074
1257 724
2776 1658
5176 3582
3878 1253
3411 2178
5334 3034
1501 2086
6229 4541
6627 4890
3716 2386
1728 2248
3304 2088
2758 2814
2397 2602
5068 4075
5726 4105
2804 1666
6467 4669
823 1653
5595 4387
852 1659
4904 4016
2259 187
505 328
4835 3330
1112 641
71 94
2414 1340
4125 2684
3038 697
4979 2555
4716 3197
650 364
450 244
3610 2286
4919 3339
5362 3795
4646 3149
5777 4174
3990 2551
3940 2498
995 1732
1100 636
5294 3720
3250 807
6250 3951
6122 4633
2345 1257
5528 3940
5196 3627
4655 3142
3952 3431
5235 3661
2599 386
4494 3010
4204 2764
4140 1536
4037 2567
2306 1284
1008 1741
2608 405
5616 3999
2702 2806
162 1189
1933 2427
532 338
4267 2827
6355 4503
4164 2743
4032 1423
2531 1523
3228 2022
3969 2581
1016 1752
493 248
5134 2740
6193 4661
6073 4431
2467 1369
1009 1744
1653 2210
5931 4323
892 507
6404 4779
4221 2817
2142 1183
751 424
3489 2230
3388 883
2415 1355
6552 4845
2433 290
5902 3863
3048 1887
5051 3457
1031 1762
6082 4132
63 19
3832 3406
3156 1964
3255 2040
5809 4210
3425 2190
3845 3404
3470 2203
5640 4034
1572 932
3453 2189
1938 2413
4461 3726
5386 3808
4914 2422
4956 2480
269 55
2817 521
2669 1570
4845 3336
16 4
733 400
6463 4666
1178 680
2043 1157
1801 1021
5979 4554
2452 293
5900 4289
5309 2999
3657 2357
3629 2334
3087 1917
4957 3407
4071 2703
1340 1973
1764 1003
724 1545
4703 3167
6182 4502
6593 4861
5094 3546
403 265
2145 1280
3360 2146
3844 2475
1602 2165
4098 2649
3451 2154
3735 2417
413 1364
2604 380
3943 1328
812 461
402 1373
3336 2114
6388 4688
4141 2725
1821 2331
1229 710
4302 1685
4521 1928
6141 4471
3007 674
4840 3318
6415 4584
3549 3241
1848 1064
6267 4595
856 515
4832 3311
1058 1795
6204 4288
62 5
1702 2226
595 366
2699 1647
2896 2921
4379 3670
2775 1640
3771 1067
3889 2506
2384 1409
5243 3668
4057 2635
4151 2735
1753 2264
2923 608
4881 3363
3811 1113
5967 3913
1098 1817
2453 2662
5963 3933
1620 928
5601 3990
435 203
2622 2760
770 422
3708 2380
420 1351
1163 1846
2291 208
5603 4026
6624 4887
1249 1907
945 539
417 1329
4481 3736
2747 482
1164 1847
2861 1711
1235 714
5561 3953
4955 2479
3568 3255
6434 4732
2404 1348
5639 4037
4224 2800
4049 2603
4880 3370
2269 199
5221 4166
4888 3355
2108 1177
1373 2015
2257 80
6275 4597
6537 4814
6387 4684
4096 1472
612 316
2618 1513
5837 4228
4617 3125
3691 1032
2929 1788
4731 3204
2258 81
2533 1452
5278 3708
2815 535
2333 1277
1445 844
6543 4816
6279 4600
2760 425
3917 2482
1093 627
6243 4560
4385 2930
3789 2439
6304 4620
490 243
1605 2161
4492 3008
1881 1065
5010 3461
3596 3265
4522 1924
6088 4437
4142 3519
1411 818
6179 4500
2186 1213
5515 3909
769 437
4827 3972
5003 3440
222 1218
4732 3192
5404 3107
5349 3050
4695 3188
3343 863
6069 4425
2153 61
876 491
5923 4533
1962 1133
1392 810
3286 832
1036 605
2569 1484
3993 2578
4396 3684
5205 3639
5469 3879
1873 1079
478 228
776 421
5287 3718
4180 3567
3084 718
3174 767
2899 1745
5514 3936
3146 1955
1457 851
1601 946
4186 1572
5324 3749
678 358
4661 3174
5209 4156
4218 2794
5395 4257
2254 181
4145 3534
959 557
351 1324
5273 3699
758 472
3167 1970
2882 1728
5009 3432
5377 3796
6190 4512
4873 3334
3562 3249
3820 3403
3756 2431
3503 3225
618 306
5149 4106
5808 3734
5494 3911
1733 2236
6584 4848
1377 787
5964 4339
1434 2052
2367 1428
1955 2437
2489 310
4592 3109
5475 3900
3674 2382
2801 1667
5705 3558
6077 4428
4070 2620
6162 4484
2610 1490
1456 854
2582 1471
4423 2954
4964 2550
2299 1382
6285 4605
2273 1268
5379 3805
3486 3215
5594 3995
4841 2329
6041 4596
1293 744
4856 3303
1736 2259
2596 1500
4446 2976
2498 329
1901 1097
4121 2706
1119 1826
3931 2509
3391 920
1278 740
742 1580
4735 3216
6594 4863
4085 2680
3686 1035
1385 808
2677 1566
927 527
6369 4522
3991 3443
6606 4885
2891 1740
2678 1567
2437 1443
1330 769
686 420
893 508
2939 1791
4647 3140
2781 485
6473 4771
4261 3607
3021 1868
4547 3066
2854 2886
4301 2835
4402 2948
2092 44
3072 3022
1662 2222
4548 3067
3517 975
1255 722
1722 2239
5383 4249
1460 853
5604 4027
3635 2280
2454 1408
3254 2023
3580 3262
465 291
3518 976
4000 1389
4577 3095
5316 3745
6507 4793
2073 1232
3259 2046
6219 4531
3270 838
4750 3243
3847 1146
784 1611
2574 1497
3443 907
2816 537
3103 1923
2161 1199
4865 3975
4129 2728
1358 774
2224 1352
4099 2665
1880 1098
5778 4176
1175 678
1616 965
191 162
6155 4207
3177 1978
5478 3211
4687 3175
2638 2759
3403 894
1141 653
2889 1747
684 1530
1711 983
587 1476
5571 4373
3313 2099
1432 814
394 176
4530 1931
5073 3505
2539 360
247 165
791 486
2778 505
5701 4420
996 1731
2215 1214
3381 889
6268 4591
807 478
711 449
2617 403
5329 3018
1629 958
1828 1029
4717 3183
2446 278
5935 4319
2398 1311
3016 1860
3631 2315
3294 2071
3936 2533
2235 1320
6319 4634
2083 1169
2878 2907
2866 1725
4935 3360
5762 4165
660 404
2795 1656
273 101
5954 4344
5576 3963
6330 4642
3033 1875
3476 935
4134 2700
3400 2164
4426 2964
3881 1256
4421 2961
434 190
152 16
5845 4498
1478 842
3989 2580
1415 813
3338 2123
5213 2889
6331 4643
2487 314
4574 1990
2590 1503
1520 881
813 500
1246 717
6612 4874
4918 4030
1448 828
6022 4390
5940 4333
5493 4325
2341 232
6356 4657
3398 888
1338 776
5813 4212
5598 2390
2865 579
3818 3402
1518 857
3555 2256
727 397
6095 4139
3564 3252
1987 1122
1598 2177
4469 1873
3933 2507
3001 2975
6523 4803
4326 2882
2520 2698
5354 3784
4721 3887
5591 4385
1954 2435
3287 2049
5086 2721
6300 4723
1797 2299
4579 1995
2300 1383
5347 3779
3427 902
3836 2460
3097 1920
6302 4617
3658 3299
2416 1321
6288 4607
2724 2836
5422 4282
4162 2749
3765 2389
2351 1421
3862 3433
4496 3013
6366 4515
6448 4745
2824 547
4846 3316
6183 4501
6154 4481
6163 4486
2583 1473
4736 3218
484 242
5132 2785
5448 3876
949 566
2962 1802
121 1181
2535 2716
45 11
5197 3612
4040 2590
2069 1175
1018 1749
3896 1294
5091 2732
6325 4637
1301 748
934 531
4086 2640
4257 2796
3169 3070
6195 4665
2048 1158
5369 3073
5652 4038
5745 4124
2720 1603
4601 3106
726 1581
3022 1871
6318 4635
2942 2946
4259 2825
792 1628
2106 91
2007 2471
4887 3987
148 63
3790 1104
799 1638
5699 4083
2562 375
4527 1935
3013 679
4495 3748
5200 3619
1561 938
5460 3873
3643 2339
1759 2273
5855 3809
6399 4689
6436 4733
2525 2693
1918 1046
721 446
3319 2095
2231 1197
3051 1890
5070 3476
3432 3191
1156 668
3741 2356
26 37
5364 4238
4138 3531
2840 1696
3320 3137
4991 3424
4860 3326
6632 4896
2486 1404
5098 3543
5107 3527
1809 1024
3671 2372
5919 3875
5306 2993
3910 2492
3415 2142
1179 1863
86 21
4994 3412
4055 3470
4589 3108
5833 3778
1889 2395
2116 2491
5986 4367
2346 1289
5569 3968
1580 2163
2407 259
1096 628
2941 1801
5732 4128
6251 4571
329 126
2361 1426
5482 3907
5289 3714
6406 4701
6588 4854
5058 3474
1595 924
6283 4604
2687 2792
6269 4593
2123 1184
5483 3908
2519 1509
6579 4865
181 125
2587 1560
914 1688
3463 2159
3577 2284
1133 643
3104 1925
4274 2815
2028 1131
2431 2619
5897 3855
800 493
1056 1792
391 191
281 212
5318 4214
4453 2982
4073 2650
1932 1103
5013 3428
5536 4352
1480 872
4270 2811
2349 224
5799 4194
3699 1026
4724 3209
3329 868
4160 1551
5621 4004
6098 4618
6161 4224
3728 2342
1154 651
5180 4129
2789 1686
4348 2892
601 368
4255 1619
4411 2956
5011 3430
1287 732
3076 3025
2033 1155
4842 3329
3446 2199
6600 4879
4509 3764
2828 1681
2169 1173
2783 1678
6033 4590
1484 864
4241 3585
2264 185
6453 4652
2919 606
5159 3574
2786 1650
317 1270
5313 3741
5263 3687
3938 3411
903 542
1148 1842
14 20
6362 4659
5271 3693
6333 4644
4954 2476
6619 4880
3817 2424
5341 3038
240 88
2952 1786
4767 3257
1253 1913
2212 1318
4781 3267
6578 4841
6382 4542
3928 3441
4075 2637
5083 3492
343 1298
1817 1049
6234 4549
2458 308
2444 1470
5296 4189
4939 2414
6413 4700
5087 4076
4670 2105
5822 4220
5582 3984
3263 3116
6099 4145
3288 2050
2885 1758
4139 1528
2181 2495
5486 3903
889 501
3872 1239
3345 3158
5270 3705
4823 3324
2339 1283
4016 3468
3798 2420
4799 3297
1810 2311
2356 1300
3361 2127
1986 2441
5779 4461
376 252
2497 2702
4819 3965
2228 1228
4250 3587
4237 1639
4587 2010
5355 3792
3698 1041
3919 2505
5032 2647
2978 1828
1461 849
6313 4625
1007 576
6081 4436
1261 723
1075 620
5443 4296
3934 2512
3688 2321
4712 2158
2694 2797
4619 3133
6380 4686
3660 1017
4503 3029
1429 815
5291 3722
3420 921
5955 4341
3974 2584
1856 1088
4892 3992
715 362
698 374
4504 3030
1570 887
841 470
3221 2001
2366 1292
5891 4290
4535 3056
858 499
3037 1878
1384 793
1276 728
1994 2457
3628 3279
5774 4168
4742 3208
6370 4773
2581 1495
2460 2644
5689 4061
911 545
6498 4786
3302 2081
3709 2349
3472 2220
429 1363
5418 4273
5131 3556
980 570
1502 2084
1052 609
2591 1506
5866 4263
6557 4825
6468 4668
3040 1885
4780 3269
3782 1081
6477 4811
2195 1290
1137 658
4523 3052
2146 1204
1165 671
6533 4808
2324 1254
6260 4569
2463 2674
3511 2245
3663 2306
3454 964
207 100
5556 3952
6385 4543
3854 2481
4524 3053
2902 1768
3285 3129
4468 3730
1638 2206
1180 1864
3641 2347
3593 2289
283 77
5050 1380
3242 801
2928 1770
1678 931
1993 1130
23 90
5466 4312
2614 1559
1843 1039
4694 895
4375 3678
5847 4241
2808 522
5552 3957
5850 4243
5121 3523
3639 2322
3757 2385
1763 1002
5679 4065
4422 2957
5602 4401
514 1407
1379 803
2364 2604
875 489
1312 1957
1400 797
4789 2302
1844 1012
361 183
6565 4806
6231 4685
4734 3193
2423 281
5046 3466
2836 1702
4640 3154
4275 2833
2178 1211
6396 4696
6548 4839
777 433
866 518
4699 3878
3154 1959
5442 4298
3927 2515
2734 473
2770 495
3248 3114
5140 3561
1305 751
3634 2324
4578 3089
2735 474
3026 1872
5495 3923
4031 1425
3043 1882
1032 1760
3806 2407
5326 3752
2709 1577
1900 1102
5481 3898
2279 1265
5698 4084
5054 2677
6028 4396
5465 3882
1422 830
2727 1633
5748 3626
4848 3981
3023 1874
4741 3229
3572 2270
872 496
5387 3092
4033 2593
6029 4397
5755 4142
1186 683
3830 2467
5497 4329
3005 1845
2979 1824
3256 2044
4784 3278
728 396
1686 939
1590 2169
5638 4036
2503 2701
1187 684
5217 3642
4518 1922
5374 4248
1452 836
2421 2626
925 1692
2095 10
5975 4551
4654 3139
5708 3518
2099 1258
5031 2642
1285 737
2846 543
6409 4704
163 1201
3481 2215
3903 118
223 75
709 382
3571 2281
992 571
4722 2167
6244 4693
1059 1794
3440 2168
2674 2782
1475 2075
6576 4819
2540 348
3978 2544
2718 1618
2358 236
3747 2374
4816 3964
1104 642
5012 4047
1885 1091
3226 2020
1839 1075
1152 650
6328 4638
6478 4772
3723 1062
432 283
1886 1092
2152 60
585 1459
6411 4780
730 464
3707 1053
5246 3669
946 536
1410 820
4866 3993
4159 2742
2982 1840
2609 406
5022 2576
1306 1952
537 342
853 477
901 540
3105 3048
2302 1226
6239 4349
2286 205
4621 3120
8 14
3733 1066
6194 4662
2323 1249
261 1262
629 307
4916 3374
6240 4350
4119 1496
4622 2043
5932 4324
3655 2298
2214 1231
3977 2572
3136 1947
6197 4514
3410 2180
1345 780
3300 2065
3340 2111
4384 3681
5547 3283
383 1337
620 1491
3802 3388
2800 1664
6294 4430
4633 3136
5632 3405
2937 1779
4930 3389
3347 2131
4264 3593
757 471
4135 1521
2761 1617
4090 1467
2209 1209
4321 3640
3726 1068
5785 4465
5663 3489
436 276
6178 4749
3625 3293
5780 4178
4642 3858
4382 2931
5952 4331
4471 2992
3998 1327
3935 2528
255 179
676 1526
3367 2116
6241 4562
652 398
3382 913
6145 4477
3944 2501
877 490
4113 2699
1947 1070
5730 4114
5491 3912
3359 2093
2163 117
6146 4478
1960 2392
4173 1578
6053 4072
5153 2801
6271 4703
3473 2214
3041 702
2910 598
4867 3985
2746 1635
197 159
5157 3570
4645 2079
517 1418
2845 1707
2167 114
2598 1507
4111 2682
666 349
2496 250
4490 1892
298 1272
575 367
2105 92
3044 1883
1011 585
4516 3041
4187 1571
5656 3478
2849 564
1640 936
3110 1934
2925 2933
5092 3513
1383 792
5160 2813
5413 3821
4532 3059
276 198
4280 458
1061 617
4189 2756
2993 1835
3135 1950
187 26
6293 4713
153 35
4632 3837
760 401
6353 4655
2143 112
5872 3825
3652 2295
360 1312
6522 4801
2757 1665
5990 4364
5938 4539
1835 2340
5864 4262
4917 4029
3442 3199
4178 2757
2298 197
6002 4567
2853 1705
2126 1196
4993 3413
4749 3242
2831 555
1991 1129
4802 3300
5983 4556
4844 3337
5751 4141
6561 4833
128 41
1517 858
4387 1780
5312 3000
4803 3301
2992 2973
909 513
4332 1716
3363 2112
613 317
6094 4440
5229 2912
4487 3001
963 561
1973 1136
1082 622
3424 3194
407 214
2294 201
3682 2316
3378 2140
5655 4052
5739 4117
5459 3888
1193 691
1799 2305
5281 4184
3188 1992
6474 4769
5924 4311
1394 794
2369 251
3597 3266
1121 647
2920 2940
5036 2653
2176 124
4322 2888
4023 1413
4106 1485
2681 1569
4006 2621
672 379
6047 4067
581 272
5942 4327
4891 3368
1959 1084
6604 4869
395 207
2530 1522
5742 4123
6419 4716
1618 952
6188 4259
2307 1376
3293 2070
5430 3147
3912 1296
328 113
5646 4064
5577 4363
6605 4870
36 13
2719 463
6270 4707
2305 1275
3173 3075
4361 2919
6567 4857
3019 1869
1494 880
2860 2893
2970 1812
2716 1621
3539 2237
2918 607
2788 1684
4730 3219
2994 1848
4014 3458
1530 2137
2035 1142
3298 2080
4500 3027
6064 4088
4072 1450
4648 2085
4773 3928
4906 2440
2230 160
4573 1989
3024 686
2287 1250
1798 996
4388 2942
1084 1813
2785 503
1984 1141
6613 4877
4215 1599
6521 4802
3669 2348
4811 3281
4971 2565
3171 1974
5969 4343
6535 4812
2739 1643
4462 2981
1554 886
2386 151
3640 1004
355 141
5225 3648
2335 1304
3763 2388
3504 3226
323 148
5001 3435
3441 3206
4429 3709
4982 3410
242 172
1588 2151
5759 3649
2156 1174
3767 2391
3843 2466
6455 4751
2474 1405
3590 2294
3786 2381
3236 3105
6147 4479
1045 1783
5922 4308
4795 3292
4365 2917
1656 956
2475 1406
5021 2569
5768 4457
3327 2107
5740 4435
2894 593
3939 2499
483 241
3297 2073
5848 4246
6116 4455
5671 4410
4584 3091
6306 4452
5322 4218
3711 2401
1279 741
3540 2255
5769 4458
4830 3314
5703 4082
2238 1235
1719 991
2385 246
3374 2124
973 1721
2263 1252
5996 4360
6324 4636
5255 3674
5427 3145
1337 1963
5517 3941
4017 2595
2936 1772
670 352
3176 3076
5653 4056
4258 2824
4514 3043
2973 1815
2382 2607
2661 1540
1495 877
5080 3487
1681 978
3667 2362
1521 2130
568 1439
6334 4645
1664 970
2242 188
2981 645
3533 3237
5472 3224
3461 2216
5749 3625
2714 1584
5476 3894
2553 1449
2712 1604
1696 984
3877 1237
3909 3414
1041 1773
387 180
2904 1777
1515 871
4137 3530
2876 1750
1942 1117
4333 1717
3780 3353
1005 589
5106 3526
2516 294
6074 4113
3616 2312
1042 1774
2218 43
5836 4230
340 146
136 1178
3558 3246
1999 1118
1414 2039
4383 2945
4260 2819
2597 1493
5272 4180
216 143
1713 973
3182 1969
3890 2486
1483 873
67 68
5120 4099
6317 4628
5136 3554
4855 3305
3261 823
5682 3507
565 1446
2526 2709
4147 1539
6112 4627
5798 4192
2592 395
5365 3798
6093 4613
4542 3788
2425 1462
2500 2671
2844 2875
5142 2795
2966 634
2543 1451
1314 756
1849 2343
4536 3057
5695 4418
1316 757
5877 4279
6114 4454
518 230
2847 2879
2205 1198
5633 3401
2250 1243
4506 3032
38 49
2684 1575
1225 709
5450 3182
3258 817
979 575
5657 4043
156 147
1910 1086
2039 1145
5002 3479
4035 1420
3150 755
5620 4003
5782 3689
6012 4376
1922 1116
3052 1889
6014 4578
814 465
5141 3563
646 331
2136 102
2869 1743
2833 554
6351 4654
2021 1159
6015 4379
2411 268
5578 3973
1556 893
697 428
3401 916
873 1671
5337 3037
6628 4889
270 56
3325 2118
4102 2745
85 18
3011 1866
2640 1549
1983 1089
4394 1781
6216 4530
118 23
4094 3501
706 373
5333 3765
1890 2393
6000 3948
5570 3966
5126 2781
5966 4342
2700 1654
1362 789
1611 911
3654 2333
5733 4126
3190 1986
3323 2102
4442 1839
5586 4384
5783 4179
3967 1347
3796 2445
4436 2969
3807 2450
4725 3207
5526 3937
5670 4041
4431 1823
3690 1033
4320 2858
932 526
5417 3845
5492 3915
5396 2033
3107 1929
5320 3011
5231 3658
4118 2681
526 235
4205 2763
5610 4015
4029 2598
1635 962
1074 619
4568 3081
3108 1930
3357 870
4273 2848
5138 4108
5803 4199
922 520
431 215
5666 3481
3426 2184
5038 3480
4066 2609
5113 3520
439 216
5290 3721
4526 3049
3534 2234
5256 3675
6454 4651
3206 2008
2870 1742
2410 264
4927 4031
771 423
3992 2579
2037 1144
2551 1453
6621 4868
2589 330
3276 825
4482 3737
4404 1785
5315 3744
2375 254
5122 3553
4483 3739
6510 4795
3505 3220
3035 1879
200 64
6559 4867
3393 2160
4339 2887
2732 1614
1091 1816
3464 919
3219 2005
4565 3084
3078 1906
3394 927
6556 4824
4808 3280
5752 3630
2620 2765
5810 4208
3764 1093
4907 3989
2986 1829
747 466
2615 1601
4657 3156
1757 998
1072 615
3459 917
4992 3465
1998 1151
5464 3886
2664 1613
4788 3284
5947 4322
5345 3776
5625 3373
3573 3259
2070 76
1039 603
6079 4118
1447 841
1073 616
4114 2738
6487 4687
5575 4371
6165 4488
4239 3577
1606 2162
3793 2442
6024 4400
720 394
4665 3869
3915 2592
1040 604
1587 901
2285 1240
4115 2739
2642 1535
5069 3500
906 1679
2616 402
1666 961
607 285
311 1309
5987 4368
6450 4747
1188 688
3346 3159
2202 122
4058 2614
304 211
2464 1403
5150 2799
752 432
785 444
4251 3586
4638 3146
5115 4097
6198 4663
3515 2238
2843 2873
3955 2545
1378 802
3794 2397
687 418
2355 227
102 42
5228 3659
2996 1850
5211 3646
1453 2066
6581 4798
2873 1729
2121 1176
746 392
809 1641
3575 2266
6207 4671
4857 2352
3738 2369
782 415
6059 4421
5562 3282
6238 4348
4821 3308
3067 3015
5734 4121
1374 2006
124 115
3700 1027
2276 1358
1765 2275
3251 824
3942 3426
5727 3583
5325 3750
4123 2717
4030 1424
2313 225
6108 4453
4553 3072
6056 4423
935 1693
1372 790
2862 1709
4836 2358
4599 2024
4747 3235
4146 3535
4235 2828
975 556
3821 2453
2394 1334
1503 2101
4876 3362
4209 2755
460 210
1310 761
5034 2636
4909 4024
1034 1766
5611 4008
3384 2156
6416 4705
1023 596
2563 1488
3138 750
2818 2860
3842 2459
4219 1602
3554 2258
4200 2752
5509 3921
3800 3393
2791 2841
701 1519
5419 4276
3779 2421
991 1730
1367 791
2685 1586
4088 2660
99 106
5551 4356
6176 4494
4424 2955
3801 3394
5736 4130
6142 4470
2573 1498
3895 2557
4899 3343
3004 669
5216 3641
3429 904
6139 4183
449 202
1068 1808
2392 1388
5147 3559
5618 4020
2820 1704
3372 2134
6587 4851
4101 2648
5453 3881
5252 3685
433 1350
3649 2328
175 27
5737 4131
563 357
1126 1833
3402 3181
463 221
6595 4864
1280 727
5789 4474
668 407
611 339
4230 1637
5249 2929
4546 3062
4314 2857
5694 4417
4148 2714
2879 581
2683 2790
1348 1979
4149 3529
1859 1055
2187 1216
3480 3214
2821 546
1775 1001
5860 4252
1522 2113
4456 1854
4493 1895
321 139
969 558
3532 3230
6471 4768
5568 3959
4457 1855
3240 2013
3921 1302
520 260
4505 3031
976 562
1917 1045
675 427
2393 229
2991 656
5304 3732
4370 2926
627 369
1995 2458
4782 2301
859 506
5189 3613
803 435
4999 3425
5882 4270
3165 1968
2422 1379
5317 3746
4515 3042
6482 4677
5095 3514
5824 4221
6442 4736
151 17
3073 1905
1573 903
3058 1894
1236 1901
2527 1436
4710 3189
4368 2911
966 553
4190 1512
60 65
3524 3233
410 274
1440 839
6218 4534
507 324
3147 3064
