4453 647
3437 1875
1951 1177
6522 3324
1787 1071
5148 2186
6520 3350
5435 2462
1073 594
2555 259
2883 533
1761 1047
4194 306
5436 2463
3810 1215
5255 2299
5682 1416
1031 557
3622 1981
657 1436
394 146
3974 1320
3229 793
1163 632
5040 2100
6334 3187
2727 436
4254 2220
3556 1022
2928 565
261 77
6581 3275
1164 633
2063 108
6450 3284
238 64
1791 1042
6355 3056
6409 3310
736 362
4269 2238
6488 3334
5757 3009
5763 3011
6109 2747
2591 314
1056 581
4288 2236
498 244
4017 1323
5758 3010
5746 3004
5646 2683
3807 1210
2415 139
1647 976
922 487
5095 2154
5930 2478
5749 2264
3201 1761
3365 1846
4028 2092
4165 338
1990 1208
2684 1491
5391 1763
5223 1596
5088 2142
5208 2759
3696 1084
1373 786
5677 2663
4103 2148
2967 1636
5811 2807
4355 2278
2838 1566
2869 552
935 486
6179 3051
5596 2963
5303 1667
4862 1082
5416 2873
2388 1306
1351 757
3503 1900
3599 1067
6474 3296
2630 1460
4207 1486
6087 3157
5779 3181
5602 2973
2633 1446
3338 1833
6618 3389
163 13
5207 510
2518 218
5859 2848
3065 688
5308 1670
6312 3265
6441 3191
6066 2696
413 145
6455 3286
5485 2503
6088 2998
438 102
1836 1113
3367 866
4788 2553
1405 812
3181 766
4987 2653
3768 2051
3773 1152
1180 643
2343 1286
2565 393
3372 893
2746 433
4143 1424
3671 2008
3813 2065
4536 719
6084 3160
5120 2704
4447 2343
5393 2850
828 414
1906 1155
3463 900
5319 2815
3801 2063
4742 1867
3658 1982
1509 875
3190 758
4798 1958
2640 342
5669 1387
1778 1062
4744 1873
5310 2360
3021 659
3076 1692
3455 938
3191 759
4785 1952
300 115
5807 2805
1125 619
5424 2879
5847 2830
2395 1350
3784 2055
4667 1837
5734 2731
3590 1950
5013 2070
5759 1584
5009 2081
2767 1515
6303 3163
4844 2598
2005 1220
5991 1928
433 124
5083 2122
1041 563
4781 2539
6265 3251
4390 2305
6167 3194
2348 1263
6205 3216
3797 2050
1042 564
3896 164
6373 3301
5406 1778
4324 1550
2101 25
5244 1598
4137 2158
3233 781
2711 1483
4577 2411
2887 528
85 23
6351 3201
1099 612
1032 547
5411 2856
4403 2319
3667 2004
454 111
2506 242
2572 285
4812 1048
6071 2722
4503 1696
3143 1732
3195 762
6411 3336
1336 740
1392 794
4483 2358
5587 2564
4712 899
5546 2540
4218 396
2359 1343
311 119
1740 1007
6345 3036
3757 1107
952 495
6198 3208
5082 1443
3360 915
5464 2480
2632 430
3631 1068
6496 3255
5768 3015
3336 1826
1468 853
5603 2643
5304 1668
4234 2189
5030 2656
5417 2875
6306 3012
4159 1442
6524 3328
3412 932
5413 1777
3322 886
4322 1583
6005 2927
2716 429
5720 2989
2905 546
2758 368
1748 1035
2389 1309
2263 69
6298 3256
799 409
5499 2912
3619 1088
3489 1897
6372 3303
4526 711
6254 3247
3097 702
5575 2948
1757 1032
5976 3229
4363 1580
1444 831
4420 615
6014 3127
5924 2895
5431 2872
4258 1529
6339 3277
5366 2831
3319 860
5452 2891
6388 3230
4206 2184
6280 3147
1945 1168
3935 1259
585 227
3479 928
636 256
5327 2370
4890 2639
2237 1235
3289 817
6074 2726
4264 1499
1874 1156
5552 2941
4646 2449
3149 1742
4659 1814
2809 1543
2694 2214
4974 156
1126 620
6395 3307
4072 284
2731 1501
5926 3082
3943 193
3219 768
3072 1691
3351 885
3142 720
5617 2601
4826 1097
2531 351
4724 1881
4464 1661
6293 3253
3814 2060
5418 2860
2236 17
4804 1953
6018 2967
1437 823
5190 2228
5756 2751
4357 1603
3025 651
3465 957
5517 2930
237 10
2356 84
2096 14
6539 3106
3409 946
4759 1920
5922 2893
5448 2886
2097 15
6220 3084
2807 1548
5047 1405
1436 828
4128 2140
5744 2999
4176 2166
1378 788
2536 1385
2715 370
5324 2366
1834 1118
3053 1676
5613 2616
2216 44
6137 2786
5280 2787
4501 1695
4256 425
5760 2773
5332 2378
3880 1236
3074 1690
3105 1716
623 253
5788 3023
4373 2324
2413 1344
5423 2876
5471 2492
3933 1228
4307 2251
5189 2241
6253 3236
1119 616
1321 735
1756 1040
4562 741
5118 378
4144 1430
1470 839
2925 1610
5126 381
3333 1824
6185 3203
249 40
4112 2139
6186 3204
1327 742
4532 1727
4069 2105
991 523
2672 466
2818 1551
961 524
5674 2677
6248 3235
6184 3057
3788 2629
4133 2137
4869 2028
3279 1799
772 356
4411 1635
2737 1495
5015 2104
4959 1230
3573 1944
2252 63
5725 2710
4580 2414
6313 3264
5388 1772
2973 608
2296 106
4244 445
4085 1400
6279 3144
2828 480
4496 1685
2467 135
1507 889
4188 2172
3147 1738
5868 2857
1814 1090
1519 902
3737 1111
525 210
5619 2594
4425 2336
3172 1750
6116 3014
2594 1435
4752 2501
146 3
3006 646
3735 2023
4845 2020
4060 2094
4421 609
3709 1092
2583 258
3934 1238
5058 2115
4237 453
5347 2391
3563 997
458 175
6343 3035
4066 1305
5353 1730
5031 222
3001 1658
2900 2306
1087 600
6568 3353
1217 676
1244 692
6423 3257
4606 2428
3079 695
5149 2709
5156 2192
4395 2309
5850 2405
6482 3219
6469 3212
4368 2294
5941 2903
5569 2944
4710 1853
3500 1906
2210 52
6386 3093
5453 2889
3497 999
3488 929
4310 2258
4878 2612
312 172
5110 2191
1148 625
3812 2066
5265 2334
5938 3086
4002 245
6485 3332
5955 2920
5315 2813
316 57
5138 2713
1601 944
1492 862
1140 627
4567 2410
4064 1336
868 444
3666 2011
2363 1285
4616 2429
2602 1455
6006 2569
5535 2932
5450 1844
4771 2528
6296 3156
1186 656
5470 2490
3821 1205
5150 1523
1082 599
1187 657
2512 1394
4547 1735
4835 2588
4409 2315
4817 2951
5651 2652
3962 187
4247 2209
4838 2548
2674 1487
4212 1527
6231 3305
4638 1819
6563 3349
3806 1125
5116 2159
1754 1039
6613 3379
5514 2925
3900 2073
4776 1929
5671 2975
5197 2239
3435 1882
1486 837
4478 670
5205 1562
6194 3210
3424 2483
5853 3053
6547 3359
2229 31
5935 2901
4084 1330
6028 2961
2401 66
5736 2742
3595 1945
4265 2213
4009 252
162 0
5737 2743
2523 1396
5273 2784
4367 2284
3208 1765
475 202
4944 2031
4126 1429
4563 2408
5592 2953
4120 2136
2581 292
5114 2152
918 1555
1091 614
528 183
5093 2160
4885 2589
3624 1979
3588 1056
3210 2412
6170 3197
6207 3217
5595 2962
1243 690
4134 1395
4774 1926
5289 2340
2911 1604
6131 3180
3400 927
3793 1190
6245 2942
6362 3206
5256 2302
5872 1781
4837 2595
4147 372
4058 1328
4520 2388
5943 2905
1839 1138
1827 1102
3270 829
620 283
5002 1380
4209 2183
3596 1946
5840 3049
6379 3222
6576 3341
769 410
5069 2147
4700 2481
5317 2362
5496 2918
4509 2381
2273 79
875 456
4164 275
907 482
3860 96
5211 1574
4564 2841
6016 2955
1886 1140
714 346
2927 1607
3375 881
2177 37
6567 3375
5584 2619
6295 3155
927 496
4614 2432
405 157
2574 304
5141 2721
1399 803
5784 2785
6600 3387
6002 3123
2947 1623
6056 2990
4695 1858
1074 596
4097 318
3889 1244
4910 2641
2129 1250
6057 2991
5556 2552
4749 1922
4637 2867
3779 2015
2557 382
2886 536
4832 1128
998 537
1810 1079
2610 1439
4834 1980
4344 2275
3141 724
3973 1289
5615 2583
6315 3267
2611 1440
6444 3282
6632 3399
5092 2153
5574 2593
4122 1423
5656 2133
4057 1368
5019 235
2987 1655
5783 2782
1530 910
914 484
5708 2701
4088 1374
1880 1157
4127 2141
3626 1976
801 394
1098 611
4270 2217
2643 1479
3512 1899
2360 269
3110 714
5580 2960
3237 800
4722 906
6376 3094
6425 3174
6290 3149
3171 747
2392 216
4005 2082
5972 2919
5224 2765
3180 2404
5358 2828
5697 2685
5349 708
3003 650
6132 3018
718 328
2453 1372
5481 2496
6521 3327
4370 567
3970 1314
4266 2223
2762 384
6145 2796
4991 2074
4797 2555
5781 2330
2404 140
1249 694
2408 166
4233 2188
4635 2448
1227 681
3557 1030
4731 1863
3554 1017
1730 1006
2094 49
2527 209
5057 1337
4429 2335
2701 371
1943 1201
4568 751
3818 2067
5929 2896
3532 1902
1069 587
5311 2355
6371 3302
2680 344
2598 1466
3257 1785
3310 1816
2668 1475
1986 1193
2337 138
2681 345
2605 262
6545 3358
2867 517
2295 46
2376 1334
1253 1702
6032 2613
6058 2698
1459 842
4779 2549
4468 2349
4180 2200
492 179
4391 2316
5042 2079
2364 1325
6234 3102
5775 2772
4013 240
6463 3065
3385 888
4516 1710
4561 2407
4251 2205
3033 668
1877 1165
5537 2936
4146 2156
6503 3258
3037 1671
5624 2607
1753 1024
4726 1861
5228 1588
2463 1384
3780 2016
4891 2042
5606 2971
5369 745
4801 1971
4156 386
4783 2544
401 121
315 1251
4615 1795
4708 1872
3483 1893
3956 1279
6323 3270
3472 977
3775 1153
299 85
3981 1240
5585 2956
1670 983
6218 3079
5186 2231
3223 1768
1890 1161
1712 994
3760 1195
1431 824
2409 148
5526 2542
6250 1941
386 68
1896 1141
783 369
4424 1631
5181 2738
3284 840
2378 1270
4119 330
5264 2321
5153 1521
2434 162
1962 1206
4099 1370
3206 776
151 5
1954 1200
2882 518
4235 459
1984 1204
4632 2442
5726 2707
6268 3136
5838 2827
3406 931
2963 598
1469 854
4029 1319
5816 2816
1658 973
2909 550
4142 2146
2986 1651
5699 2985
5733 2225
3739 1175
5880 2858
3798 1147
4297 1568
429 141
5743 1541
2933 556
6467 3211
3098 703
3572 1029
2722 337
6460 3294
1018 541
6104 2770
4016 2108
4491 1684
5586 2965
6537 3354
684 321
6278 3143
4362 1582
4747 1910
2891 1597
519 201
5005 2077
1038 569
3870 1232
5252 2327
784 374
4481 2808
5321 683
5121 2694
746 343
4557 738
6263 3239
2641 296
5476 2493
5343 2387
5940 2914
1004 535
527 184
4633 1805
655 1444
5979 3113
4001 237
1236 687
4631 2443
809 413
5716 2196
4036 2088
3555 1015
4157 387
467 1329
4668 861
6019 2969
5639 2647
4320 1545
4605 2427
4912 1999
6325 3271
2333 71
4480 1673
1635 962
775 358
4300 2235
3869 114
3759 2047
3550 1924
4657 1821
4051 1364
5631 1189
1705 955
6489 3335
2484 168
5443 2884
760 350
1903 1123
5136 2176
3649 1075
5710 2992
4221 448
3347 897
3528 1907
1627 965
4792 2536
2804 470
4123 257
1502 1806
2533 1413
3144 1736
745 375
2798 2250
1764 1044
2486 188
5325 2367
3778 2635
5168 2734
361 170
1397 799
6011 3130
3056 1681
4239 2723
6054 2979
4283 1557
5355 2401
5742 2732
2853 1576
4727 911
771 380
2240 1290
2797 431
5568 2557
6269 3139
3603 1962
3327 874
1949 1179
2585 1450
5915 3076
514 1369
5599 2966
4014 1280
4898 2633
2766 402
2315 1299
2556 383
2926 1611
5632 1212
395 185
735 323
5493 2510
5293 2344
6059 2691
2862 503
6364 3207
1960 1120
6566 3331
846 451
6259 3112
2593 309
2534 357
5127 2168
1414 815
1034 562
6337 3190
3163 1744
518 182
2996 638
1165 652
3585 1037
3714 2040
5241 2314
4309 513
5679 2672
4136 1403
5889 3068
3711 1160
4314 1546
4651 857
2324 48
5492 2522
2383 161
1592 939
4940 2605
3176 2403
3642 1991
840 440
3405 1851
4445 2342
342 81
587 273
3396 1847
5408 1771
6228 3098
1955 1202
5006 2657
343 82
1011 543
5010 2109
1106 607
5642 1358
3993 1294
5947 2499
6182 3202
1265 704
2368 150
4313 2257
3819 2062
6079 2197
2732 401
5761 2756
5407 797
1439 825
4338 2272
1589 924
3269 798
5982 3116
3146 728
5782 2331
4035 260
6261 3133
842 450
4865 2574
4662 1842
4396 2310
4782 2546
6498 3314
926 489
6591 3373
2514 335
913 483
6410 3250
5146 2712
3248 1784
4280 434
3540 1916
5729 1504
1504 867
5000 181
4333 529
823 441
4504 1697
6402 3308
1543 1848
3683 2026
6550 3362
6081 3003
3468 970
5102 2681
6224 3224
523 178
6500 3164
4121 1415
2218 20
5769 3016
4627 2437
3332 1823
3251 811
943 504
2471 324
6162 3039
2709 1490
6516 3347
3240 778
2982 636
2658 1458
5370 2843
5119 366
3199 774
3584 1949
1007 539
2946 1622
4619 2438
1702 984
1928 1091
4542 2398
4213 2178
5441 1839
5605 2972
3078 693
3052 678
2636 1448
3767 1119
4754 2517
5723 2705
3769 2049
6022 2623
517 180
4101 2121
2924 551
4601 791
2123 11
3040 1677
2001 2061
2997 639
4479 1672
4915 1183
2476 1339
6082 2243
5778 2779
3536 986
4906 1178
6548 3360
789 355
586 228
825 390
4748 1915
3118 1719
2642 1478
3337 1822
5354 2395
5626 2627
2651 1452
1882 1166
4306 2248
4049 1307
5396 1780
2661 322
565 219
1541 920
5217 2271
4843 2620
3991 2650
5927 3083
1879 1137
5422 2877
5271 2328
4250 2206
4043 272
411 110
2714 1492
5964 2913
6309 3260
4947 2024
5201 2253
3969 1313
5307 667
2720 379
2730 419
4664 2468
4909 2642
5191 2229
4346 2276
5732 2227
817 1513
1735 1011
850 420
3961 1257
3530 2509
5582 2604
5550 2929
3987 1256
3136 722
174 1
3410 943
3777 2057
2505 270
1588 905
5534 2521
1438 827
2679 360
2664 438
2688 367
3607 1977
1501 849
5482 2906
3941 2071
2361 268
5048 1406
4321 2267
4433 1652
496 163
5170 2219
4821 2566
5419 2864
1816 1110
1728 1013
4684 1841
5001 2084
5074 2674
4730 2500
3571 1055
3597 1947
1790 1045
4584 772
1709 1004
2638 291
4736 1889
5939 3096
4011 1287
5179 2737
3496 925
3736 1112
215 60
502 151
4553 2402
5275 2332
2450 1373
5204 2754
1564 937
6417 3242
5409 2863
3538 991
6241 3111
1234 1687
602 229
3743 2032
3756 2038
3346 1835
6070 2203
5837 2823
5844 2400
4305 2252
4214 2179
5992 3120
2473 2114
4773 2529
5084 1464
6163 3042
1309 729
5600 2037
2449 152
1616 967
4799 1988
4110 2123
6457 3321
1691 995
5703 2680
3738 1104
5113 2697
1549 918
4151 2169
2864 1577
5967 2504
6099 2753
4780 1957
4347 1572
535 254
1976 1209
6587 3370
6034 2964
6003 2938
4621 1791
4848 2591
4092 2688
5786 3020
3481 971
5564 2949
1401 801
1379 787
3985 1246
4896 1994
389 105
4200 2182
2718 426
417 99
5209 2757
570 206
5767 1600
742 339
5330 2377
5432 2456
5137 2714
5263 2320
2994 640
5833 2389
5649 2113
5199 3006
4679 1845
2362 1266
5131 2711
1345 750
6504 3339
3263 1787
6235 2928
3371 1850
5952 2908
4979 1316
2339 75
4763 2524
5836 2825
1870 1131
2542 1392
2957 582
6043 2976
2380 1275
4086 1348
5072 2669
5334 1705
5695 2981
3087 700
749 1517
1277 715
1829 1122
353 101
1348 756
4426 1645
4178 1472
2278 1261
5750 2749
2334 93
4709 2482
3708 1126
3795 1194
2782 1514
5973 2515
2397 1301
995 526
4863 2043
1068 610
6535 3306
1801 1073
2379 147
3169 1747
3575 1021
6486 3333
3878 137
5867 2854
4436 1656
3583 1932
383 125
5268 2781
3835 1191
2416 1303
5661 2649
2760 377
6416 3237
4494 2363
1010 538
5390 2419
2673 334
880 473
1381 790
618 266
1636 954
4388 1629
6176 3046
906 474
5477 2495
1727 2516
2779 412
2895 1590
5055 1434
6608 3394
5387 769
5713 2695
4389 1630
1720 993
2480 1389
2677 1488
4685 903
3524 1912
4339 1579
6077 3153
82 6
3067 2375
2678 1489
4805 1955
1051 573
5814 2817
4073 1371
3064 685
5472 1892
2526 233
6239 1927
672 361
3577 1943
2497 1420
3625 2558
1793 1061
2006 1222
329 112
5735 2245
5094 2716
5911 2883
4068 2119
2347 1322
2803 465
6442 3276
5638 2646
4850 2014
4359 2289
6127 3178
3339 887
3256 820
3370 1840
5461 2898
2483 167
844 408
2889 544
4793 1057
5455 2894
2861 509
3967 205
826 389
5996 2935
5968 2910
3893 158
4450 644
4329 2259
4829 2580
5440 2885
5547 1954
1981 2053
973 515
1763 1043
4545 1731
1736 1026
978 520
4195 1438
5070 2111
4515 1712
5434 1810
4938 2034
3841 1181
5909 3073
4392 2304
4729 1885
4205 1469
2940 571
4613 2434
3285 1801
4626 1800
4602 2425
6382 3085
4951 1192
3277 1798
2528 1404
3445 964
6628 3396
1617 947
1698 1003
2228 53
3600 1966
3294 843
3226 1769
1618 948
5073 2150
4183 406
1889 1164
1681 975
4158 1427
4596 2424
3753 1142
5881 2859
2878 1589
5607 2634
430 142
945 502
3754 1143
6319 3177
2351 264
5318 2814
3044 673
4764 2535
6227 3223
2702 1510
6511 3272
5212 1586
4087 1375
6574 3376
4663 2458
5934 1880
1965 1207
6221 3089
6560 3366
5655 2665
5533 2909
2352 226
6233 2922
4070 1327
4992 1346
1224 677
5751 2745
4224 1519
5589 2625
6147 3030
3216 767
1560 935
3323 870
5125 2161
3184 761
4325 2263
2745 1494
5618 2631
2285 50
2754 1525
344 91
4728 1887
1722 996
1306 725
6586 3365
5980 3114
5849 2842
792 403
4808 1936
1170 637
3107 709
2012 1225
6338 3189
5616 2584
3629 1101
3620 1089
5196 1549
6096 3162
2896 1595
3108 710
4211 1506
1147 624
5730 2715
3452 972
6216 3078
3679 2018
3235 1775
3384 1849
3915 171
2444 311
4655 1811
556 207
5180 2733
2274 78
6171 2824
6197 3066
5508 2531
3167 1746
4585 1767
2205 2
6328 3183
4461 2346
6158 3033
5362 2832
5200 2249
5691 1451
2468 1341
1765 1046
5601 2010
3635 1016
3515 1001
5250 2774
4681 1828
2953 576
4408 2311
4438 2341
3808 1213
4130 2128
827 397
6146 2797
3527 968
6292 3313
6154 2803
2873 527
1435 821
2830 1554
3504 1901
6513 3344
5193 2247
3836 1184
3519 1005
4738 2502
234 7
4824 2585
4873 2006
6187 3205
3923 1253
4116 2127
5053 2162
2460 1347
5346 1714
5475 2900
3546 1009
4278 2221
3505 1891
3432 1860
3568 1939
891 462
5467 2472
1053 579
1453 836
3478 949
4842 2007
3165 744
5658 2661
3134 1726
996 525
3508 1894
3627 1975
6437 3027
6404 3311
5361 2397
853 458
5134 1431
5785 3019
4559 2837
5356 2396
6199 2870
5357 2829
295 113
4867 2611
3071 1688
3241 777
5796 2348
5731 2240
5364 2833
3441 1877
778 421
424 90
715 316
5913 3071
646 287
6173 3047
3484 979
1192 662
6603 3390
5701 2983
271 1274
4589 2418
2544 376
3209 779
6033 3131
1710 990
5777 2293
3378 894
1817 1108
3544 2523
5841 2399
6262 3246
969 519
5718 2210
2712 388
6507 3342
4904 2638
5226 2287
6075 3151
4816 2579
3644 1965
6561 3351
2293 83
5860 2847
542 198
3803 1173
3187 1753
6229 3087
5824 3034
3148 1733
5415 2441
5986 2943
5609 2636
2009 1226
4304 1540
4523 2392
6472 3215
2474 196
1203 674
5466 2899
3131 1724
4000 243
5918 2465
1505 869
3402 2473
2475 197
2244 214
4830 2576
2126 28
6142 3022
4756 2527
4894 2035
5864 3060
1788 1959
5665 2124
4025 261
754 347
4505 1698
6401 3245
4500 1694
3453 934
5430 1813
3133 1729
3564 1051
4807 2578
6515 3280
1752 1036
1612 960
756 404
4721 2485
2979 1649
4275 1533
3043 1675
3023 663
4118 2138
1052 586
6501 3165
4917 2645
2980 1650
6310 3259
1822 1095
4630 2444
5877 2871
3724 1064
5222 2283
4245 469
5985 3117
4676 2476
6317 3173
3591 1933
5038 1359
4382 1617
5583 3135
4075 1357
6095 2244
4866 2624
3222 1770
5171 2218
3968 1273
4056 1363
3899 38
4034 1311
3762 1149
1152 629
2141 19
4336 530
4735 1879
3511 1008
3854 1219
6047 2687
2547 1388
3548 1923
4393 1613
4240 2211
2836 512
3324 1832
1849 1106
4770 1930
5045 2660
4243 446
4482 2809
4241 2212
2247 1242
889 477
2553 213
3486 1888
5803 2799
5365 2835
6238 2525
607 241
877 460
5229 1599
3287 818
3990 2089
4361 548
722 352
5091 1449
2775 1516
152 4
4076 174
4098 1351
3977 1298
4930 2046
1365 783
724 319
1637 974
5931 3091
5969 2917
5962 3097
4999 2078
3676 1134
5687 2977
1093 603
2586 298
4800 1987
5908 3074
1199 666
3547 1025
4282 1558
4161 1409
1094 604
5177 1511
2801 472
2653 1480
1083 602
4592 2421
4548 1739
5506 2520
2582 246
4857 1978
4291 1518
2983 628
4167 1418
2456 1367
3014 645
5011 2072
3668 2000
1477 848
6244 3233
6122 3176
5817 3032
4400 2318
4162 1463
3999 1398
5900 2453
6607 3372
2932 595
6138 1632
2256 26
2302 1247
6080 2728
2238 59
685 320
4177 2167
4384 2307
871 454
2948 1618
4716 1868
3162 1745
3196 763
4989 2134
968 507
4506 1701
1133 621
3732 2019
5142 423
1729 1014
3416 1859
5740 3000
340 128
5473 2491
5442 2887
3758 1105
4692 2477
5292 2792
4995 1277
5257 2776
5007 191
1503 873
6291 3252
3703 1159
3154 726
5331 3040
3304 856
3010 655
5588 2626
6408 3121
2406 1317
3048 675
4038 1342
4354 2277
4514 1713
6294 2724
3449 877
752 405
4767 1940
3549 1918
4462 1659
4189 301
4037 2087
5026 2096
3326 1825
5494 2511
5694 2982
4789 1063
3992 1295
4006 1366
5270 2789
2007 1224
6150 3186
1290 721
6353 3050
5221 2771
2146 34
4168 2174
6302 3167
5123 1507
3247 1782
692 307
5904 2881
2860 1573
5486 2508
5124 1508
4079 294
3234 1776
6434 3317
1577 916
678 327
2840 1561
4795 2559
4286 2233
4497 1686
4765 2514
2174 9
925 490
4423 1628
5003 2085
3228 796
5571 2950
804 399
6589 3374
2866 516
2382 1312
1662 985
4796 2561
726 353
5022 1300
843 407
2266 80
1324 734
3966 204
4042 238
4883 2632
4786 1974
4846 1129
5594 2958
4129 1432
1933 1185
2314 58
5799 2798
147 55
4020 1281
5937 3095
2336 1255
2267 1254
2962 597
1695 992
4937 2033
3088 699
3978 1264
2345 39
5167 2719
6183 3055
2791 1537
4612 2433
4870 2027
4385 2325
2622 1462
4569 749
2287 1276
2958 583
3752 2045
3928 1268
2580 288
5566 2590
2335 95
4045 279
3212 1766
5511 2530
5722 2988
3614 1038
5919 2464
5216 2268
1070 591
4093 1379
4893 1990
5218 1592
6098 3169
6281 3145
2600 1437
1335 739
2859 505
2508 220
5071 2110
5363 2834
6008 3240
4457 648
6020 3137
3019 661
3090 1706
2304 67
2696 1500
2346 76
1374 770
4648 845
6232 2921
390 98
5225 2769
4680 1830
3461 1878
473 189
5529 2934
5339 1708
6024 2968
5242 2295
3796 2048
4138 2157
4521 707
5882 2855
3436 2488
5243 2296
4132 1378
4394 588
946 500
5238 1585
5495 2533
4148 2151
5971 3107
421 194
3189 1755
2839 1559
6358 3290
460 169
932 492
4125 2135
5741 2744
4914 1136
5832 1715
6270 3241
6246 3104
1395 780
6155 2812
4741 1903
5975 3228
4094 2132
6206 2450
6510 3316
3325 1829
6512 3188
293 107
3063 1682
5159 2201
5957 3105
3520 1904
5484 2513
2786 428
5314 679
2564 271
3913 133
743 340
3153 1743
5147 2185
4262 2215
6562 3369
3288 816
5528 2926
744 341
5721 2699
5320 2364
2374 234
2394 130
6519 3348
4263 2216
5789 3025
1016 542
5140 2718
388 73
1848 1115
373 126
3077 1693
4895 1182
2366 70
4636 2447
5923 3080
3924 1262
1630 956
3972 1258
352 100
154 51
3236 1773
5503 2537
2637 1447
2215 1249
5202 2746
4141 1419
3283 832
4301 1520
1997 1218
4259 1528
2739 443
1058 578
5483 2907
5577 2554
6506 3266
5333 2820
4784 2547
5195 2740
4582 2417
3516 1010
3408 945
5491 2911
4725 1871
1863 2005
4106 326
4083 299
3026 658
2301 1272
2402 134
2219 1231
5633 2039
4179 2199
5502 1896
6282 3146
2569 286
3302 1809
5792 3026
6140 3021
6069 3152
5755 2741
5663 2144
6583 3380
5676 1407
6380 3225
3533 1914
876 461
6554 3363
4015 103
5664 2145
420 129
4334 2266
5810 2806
603 230
5144 411
841 457
1777 1066
1337 731
1926 1065
1086 601
4267 1526
3391 901
6605 3392
6369 3070
3265 1789
5231 2286
1973 1198
3751 1109
2870 554
6458 3322
4416 2329
354 143
187 12
4469 664
5160 1531
3262 1788
3569 1938
4625 1802
2414 118
5027 2095
3005 626
6532 3298
3276 802
1475 847
2868 540
4643 2454
5014 2103
701 295
3188 1754
4884 2621
2429 1349
5460 2470
4021 239
6105 3007
4317 479
3919 1229
2260 1241
4825 2946
2618 308
4822 2565
2644 1459
6260 3118
4859 2628
441 104
3460 1886
3442 1874
2405 149
5706 2682
5210 2262
5549 2939
4766 1951
4437 1648
2125 27
6064 2702
4498 2369
1900 1154
5921 2897
5518 1956
4287 2237
6523 3325
2995 641
5328 2371
5689 2978
2939 592
5367 2836
3042 671
4315 2256
2280 72
2834 1553
1491 865
6413 3234
4876 2041
6017 2957
4672 891
2942 1619
4349 2292
4827 2581
4048 2093
1747 1018
5647 2648
176 16
4404 589
1812 1099
885 468
4897 2003
1121 635
5067 2125
5342 1709
5625 2017
1466 851
1322 737
1060 590
1598 1855
5653 2668
1821 1094
1994 1217
6322 3268
4081 1324
239 22
5590 2637
4856 1083
3377 895
1499 879
3669 1117
2707 392
5581 2577
4703 882
629 263
3393 926
3178 1752
6160 2819
4279 2222
4050 2112
3745 1180
1457 838
1835 1114
5152 2195
4155 2173
5145 2194
3761 1148
1054 580
1514 896
2892 559
951 494
5133 395
884 464
5745 3002
4253 385
5870 3063
2704 417
1653 1869
3800 2064
267 208
4114 1456
1942 1169
2283 30
3989 1304
4328 2260
1464 1804
2620 1474
2936 1616
3525 1913
6599 3386
5080 2671
2842 1556
6598 3361
2183 8
2631 1461
3789 1186
5650 2651
2396 1335
1580 936
598 281
5166 2720
6195 3213
5545 2550
4823 2586
4204 1470
1758 1050
5668 2662
5505 2519
4839 2001
6377 3304
2311 21
5203 2748
2443 310
6627 3397
4166 1417
3820 2068
5405 1779
6121 3175
1605 921
317 56
4399 2317
2993 622
5394 2851
5206 2750
3877 120
2685 365
1606 922
4851 2568
4704 868
3986 212
5395 2852
1008 534
1385 792
5536 2931
6333 3028
1818 1121
4077 173
4024 1310
5151 1522
4456 649
2292 61
4880 2630
2573 305
1579 952
4620 2436
6256 3238
5004 2654
5087 2676
2676 1471
677 333
6344 3037
199 41
5215 1591
3641 1124
6013 3134
6604 3382
1832 1076
3514 1908
5875 2868
5051 2091
1998 1214
3073 691
3997 2098
6169 3196
3562 1931
3211 765
1273 713
5667 2099
6602 3364
610 249
5165 2717
3979 203
3580 1948
5848 2838
1506 1831
6189 3059
4375 2312
2543 1399
2970 605
4913 2974
5942 2904
3662 1995
4775 2543
1586 884
5944 3088
3747 1984
3156 736
2800 467
2052 1221
862 435
5936 3081
4590 789
3173 1751
5839 3048
1393 795
4285 1536
5213 1587
5612 2615
3062 1683
1084 606
4471 2353
5192 1560
676 317
431 186
4255 424
5316 2361
882 463
4508 2380
4571 2844
2689 373
4510 1704
5272 2783
2854 1570
3670 1144
5288 634
3539 989
4055 2106
2520 1393
3186 1757
1410 806
997 532
912 485
2880 1593
5278 1640
3081 1699
1885 1139
1590 940
6415 3126
4465 2351
5977 2923
1944 1172
5420 2874
1323 733
2977 617
6230 3101
4984 1234
2428 127
3601 1963
3593 1059
2525 1386
5657 2655
4814 1934
3942 2080
5414 2869
5932 3092
539 177
5981 3115
1434 822
1856 1151
6370 3299
4864 2592
55 29
6619 3388
6414 3249
4080 293
4831 1127
4318 2261
2328 1267
4593 2422
3982 1331
6029 3132
1876 1145
6449 3283
5459 2892
1522 878
3490 1898
6110 3171
1408 814
4175 1453
1526 904
6360 3293
2899 1601
4642 2460
6215 3077
5164 447
5182 2234
4513 2386
4326 506
2761 391
3421 1857
5183 2736
5748 2265
5762 2764
2920 1614
5794 2791
3177 752
5576 2560
3867 117
6257 3122
1045 575
4184 364
148 54
5384 764
5917 3075
6533 3330
1646 980
3086 1703
1569 942
5696 2684
5752 2269
497 190
5805 2354
4907 2582
2976 1647
2211 92
6243 3109
5427 2446
1270 706
3341 883
2209 18
3103 705
1805 1969
1721 998
4978 1315
2706 1503
6394 3226
4665 2469
3781 2022
5512 2924
3609 1078
4350 2281
2806 478
6093 3159
2744 481
814 449
5188 2735
4715 1883
6112 3263
1995 1216
4351 2282
448 159
1982 1188
509 251
6094 3001
351 132
1813 1086
1797 1072
6357 3289
2323 42
5771 3013
4193 416
4290 2739
3366 913
2186 36
2386 122
4706 2486
1154 631
2851 1567
1706 978
2387 123
4257 2208
3785 2640
1339 743
5262 2780
5028 2086
1540 919
3976 1297
3862 2101
5874 3064
3260 1783
2848 491
5945 3100
1950 1176
4570 746
3936 1265
5988 2933
2596 290
966 511
6569 3355
2417 1308
2128 1227
614 302
2510 224
4145 2155
3480 1890
2462 1383
4654 1807
2309 94
690 329
4477 669
3763 1116
5628 2618
4661 2466
6193 3209
5478 1870
2305 74
2783 497
5852 3052
5046 2666
1993 1174
2652 313
4524 2393
4170 348
6436 3273
3955 1278
5611 2606
5858 2849
2738 442
2742 415
4345 2279
1759 1033
1460 841
2597 282
5176 2730
2214 65
2669 354
1799 1077
3374 876
3565 1942
3426 933
2457 1332
3542 1921
2421 1326
4348 1575
3654 1080
4227 349
3354 880
4583 771
1443 833
5371 2840
5790 3024
1319 730
5350 1722
4957 2059
4565 1756
3418 1862
3054 1678
976 521
3446 961
5983 3108
5891 2882
4696 1856
5032 1401
3015 1660
5050 232
3361 1827
6007 3129
4454 2347
2792 1534
3328 871
1078 1634
6023 3141
1343 748
5680 2679
5157 2193
2590 300
4687 908
1193 665
5829 2821
6200 3214
1059 577
1312 1737
5544 2551
478 211
6556 3346
1861 1163
6352 3200
6378 3220
4802 2562
6531 3297
3425 953
1806 1081
1629 958
1066 585
5567 2567
874 455
1179 642
3984 1243
2929 593
3675 2013
5978 2940
2705 359
4855 1087
4485 2359
3293 844
1177 1666
2145 153
3390 909
3274 809
4881 2622
4415 1643
6579 3378
835 400
5693 2129
36 24
2563 297
