4291 2880
4053 2099
2457 1217
4785 3255
4502 3202
4459 3178
1350 124
3201 1866
4792 3261
3253 1930
1497 304
4323 3091
2669 1379
1456 1412
2051 817
3730 2349
4400 2968
4722 3165
2076 837
4205 2356
4678 3094
3285 1958
2403 1143
2725 1419
4056 2668
3139 1807
3423 2071
1597 371
684 657
1230 43
1669 462
2260 1022
2314 1973
3203 970
2580 1304
4621 3171
4194 2798
2444 2052
2809 1527
4463 3018
3696 1639
3300 2562
3331 2018
574 537
3566 2199
609 586
1469 310
4136 2744
4594 3141
3010 2363
2287 1933
1510 306
1405 196
4780 3336
1337 125
4477 2796
4852 3371
2094 859
2522 1235
1861 645
2139 884
1121 1179
1788 593
4484 3039
2531 1243
3237 1914
1268 79
4317 2902
3829 2428
3103 1770
3119 1790
3169 1838
3181 2473
3928 2529
287 247
1387 168
4105 2707
3771 1711
3576 1497
1389 243
2255 1916
4052 2665
2755 2183
1401 200
1757 549
1262 77
1267 80
4748 3285
2460 1184
2741 2174
351 303
4411 2678
4133 2736
4202 2805
624 601
1570 354
3742 1679
3883 2475
3860 2455
4207 2812
1752 542
1075 1138
3841 2444
1929 709
3862 2463
3743 1680
3314 2576
1914 697
3254 1938
1930 710
2228 988
4234 3048
2892 1575
3556 2711
1698 1566
4798 3275
1907 694
3324 2586
1682 482
1119 1172
3626 2265
3819 1778
2956 1635
3130 2435
2270 1029
1966 1745
3674 2299
2817 448
2926 567
2742 1442
4807 3329
2279 1037
3334 2006
892 889
4753 3320
4285 2451
4005 2609
1394 234
4067 2687
3233 1912
4335 2918
1167 1221
2518 1237
3109 2421
4750 3198
963 963
3899 2484
946 944
2124 876
2966 1652
1913 1702
2637 1357
1322 97
1299 106
230 182
3877 2472
4150 2750
2801 1521
2880 2275
2543 1353
38 10
3535 2156
4553 3104
3679 2313
3593 1499
4144 2746
3837 2442
3212 1887
4691 3106
3608 2230
3709 2335
2838 1536
4842 3362
1117 1169
2768 1477
3719 2344
4796 3274
3996 2621
2681 2138
240 201
2804 1502
4733 3273
2566 2098
184 208
1796 583
2632 1364
3361 2043
1294 164
3701 2334
2608 181
3969 2580
4174 2293
2732 1449
1028 1096
2867 2259
4877 3379
1297 81
4270 2855
1345 134
3623 2252
1325 109
802 788
3299 1982
3441 1268
4494 3046
4871 3383
4305 2894
3352 2025
1412 202
885 879
4541 3087
4669 3211
1525 338
1552 386
4486 3042
4276 2864
2728 1432
2106 875
2750 1453
4870 3392
3615 1544
4099 2704
4503 3056
4044 2120
3298 1987
2015 786
1868 659
1417 178
1249 42
3640 2267
1743 552
1940 717
968 969
3592 2240
2003 767
3647 2274
1204 34
3398 2066
26 12
4235 3049
4195 2801
1022 1074
475 481
2192 938
1005 1052
4480 3029
3621 2748
3493 2164
389 340
3563 2721
2678 1377
1475 271
1921 703
4648 3035
390 341
1904 690
1655 440
4068 2149
3275 1961
3547 1484
4037 2647
3689 2331
2070 844
1007 1041
4756 3322
1622 419
176 146
1800 590
4043 2655
2744 2172
3149 2449
2420 1147
533 498
275 250
3575 2232
4077 2129
4208 2806
4872 3385
2481 1219
2125 896
2493 1227
2963 2337
4744 3195
4386 3134
4245 2839
3812 1764
2748 1438
3474 2115
2779 1508
2196 965
4617 3167
2952 1624
1244 64
2300 1962
4079 2684
2863 1550
2362 2004
3644 2285
3403 2068
2986 1665
1225 52
1253 137
4134 2737
1784 573
1351 129
3660 2298
3094 2413
215 186
2936 2318
4135 2738
3303 1083
2122 880
3083 1755
1672 475
2749 1463
4578 3127
2009 775
3985 2611
4474 3025
3489 2144
2729 1409
2123 1833
1677 1548
3035 1704
1339 110
1782 574
925 909
2451 1211
2851 1558
3473 2134
2887 1579
4424 2991
4640 3185
2854 1560
4828 3367
1245 46
2267 1924
4487 3043
4647 3189
4240 2831
1375 159
4572 3129
4693 3233
1991 766
1227 108
3683 2309
4789 3339
3316 1129
4505 3058
3012 683
4709 3251
441 394
4783 3254
4729 3182
2710 1423
1237 120
2570 1291
2191 928
1583 360
1240 50
1593 367
146 128
3620 2253
4383 2957
3977 2564
4179 2782
2036 807
3799 1749
4752 3287
4352 2931
4726 3260
2657 267
1881 672
1457 294
4583 3239
3952 2552
1448 276
1308 115
2025 799
2220 977
3745 2361
4104 2177
2736 1464
1841 624
1972 741
3127 1799
4666 3065
3497 1406
4847 3364
2072 839
2194 941
3371 2632
4472 2788
3530 2158
3313 2005
1307 91
2291 1038
3342 2003
3515 1457
3378 2034
2826 1514
4855 3374
2968 1648
2242 2505
3521 1465
2464 1196
2066 836
3754 2370
4559 3117
4354 3103
3823 2423
4764 3323
2803 1503
2121 883
1427 269
4343 2917
2656 1367
2103 871
2113 878
3914 2514
4831 3368
1745 1601
2426 1175
4547 3223
2496 1236
2273 1033
1363 141
2175 932
3971 2585
2536 1246
1250 1276
491 461
2800 1519
4064 2683
3631 2270
4253 2848
4297 2883
3811 1763
3911 2511
2145 914
17 5
2759 291
3766 1707
4177 2776
4353 3107
4869 3382
3418 2076
2702 1420
3454 2103
2947 1618
3838 1796
3438 2117
1163 1199
2564 1289
3927 2528
1436 209
2537 1252
2282 1049
306 266
1465 231
3455 2104
3059 1727
1840 636
3951 1941
3775 1718
2553 2083
2577 1287
1487 288
1151 1214
2562 1267
3516 2160
3449 2086
4638 3183
2352 1978
2198 966
1254 48
1021 1073
1720 522
2412 1153
2406 1149
4137 2255
1305 103
2281 1055
4465 3019
3794 2829
3491 2163
1826 616
1923 705
2363 1123
3113 1774
2440 1178
3654 2282
3356 2022
2053 821
1772 1616
3991 2619
3880 2481
1102 1154
2832 1547
2991 2352
1759 1608
4085 2682
2783 2198
3830 2429
238 183
3458 1280
4396 2961
951 947
2153 916
285 241
2651 1428
2584 1320
3187 2477
2629 203
1077 1131
4663 3208
803 787
848 835
4757 3289
2096 865
2625 1324
2308 1967
3416 1292
3634 2258
2662 1372
4742 3192
3632 2257
990 991
1620 425
2441 1193
4457 3015
3915 2522
1490 1439
2050 816
2379 1105
4388 2963
3895 1880
3369 1182
4187 2791
2402 1142
4526 3216
4566 3112
4849 3365
1875 668
765 735
3368 2042
3424 2074
1613 438
1623 432
3466 2666
1908 695
3288 2556
2245 1008
3618 1541
2311 1079
3267 2539
4083 2985
2126 885
3865 1820
2346 1085
3849 2872
3425 2078
4428 3153
4592 3140
3029 1696
2931 1617
4797 3319
3881 2889
1690 485
2581 1313
4402 2964
4732 3317
3506 2130
3763 2380
207 185
3759 2377
1607 439
2866 2260
4433 2997
2672 252
3896 2495
4815 3334
2582 1314
4363 2554
2648 2121
4278 2431
3110 797
4408 2670
3228 1906
1385 226
4714 3313
2714 2151
3080 2404
1433 272
1725 516
1691 1555
4442 3005
4719 3161
4660 3207
2210 1869
958 958
1106 1166
4002 2037
1461 270
1809 615
3159 1835
1226 1247
4612 3160
2673 1383
4883 3391
2038 809
1741 534
2934 1611
2617 1317
3596 2215
4367 2943
2253 1009
2221 1886
1400 199
2900 1580
2395 1164
4399 2970
3469 2143
1182 14
2223 979
2576 1300
4128 2227
4188 2345
1338 150
3272 1057
2385 1107
3537 2161
3839 2443
623 600
3485 2674
2821 446
1832 619
4156 2757
1933 713
3372 2629
1947 722
1441 244
3700 2332
1195 27
840 831
2344 1122
1668 463
4601 3147
217 194
1833 620
2827 1526
3321 2012
3263 1949
2310 1081
3561 2718
4007 2605
3840 2867
3672 1598
4287 2450
3900 2900
2610 215
3081 751
4138 2752
2471 1224
523 501
2127 1827
2044 820
1735 528
4341 2920
1064 1115
735 712
3824 2426
4683 3222
3133 2438
1576 352
3448 2097
4615 3163
2795 423
1192 8
1095 1150
2182 945
816 801
1219 26
1719 530
4244 2840
4759 3291
4456 3013
2284 1943
2187 950
1845 626
1261 61
2183 946
691 665
962 962
2428 1180
4760 3292
631 607
1051 1102
4106 2709
1812 605
1137 1207
1485 326
2353 1995
2655 1354
2205 949
3064 1738
1324 132
1813 606
4201 2354
898 890
1774 564
2264 1024
2932 2315
3678 2312
1769 560
3508 2142
4123 2732
1544 376
4024 2642
2422 1136
3289 1971
3531 2157
3693 2328
1905 691
3642 2271
4121 2731
392 343
4695 3121
3892 2490
2449 1208
743 715
4517 3214
3231 1907
3627 1549
2663 1433
3826 2425
1582 337
1974 747
3135 2437
1530 321
4646 3190
4293 2881
2526 2075
1277 71
1451 1399
2532 1245
3240 1919
1849 641
3514 2154
4100 2699
3617 2246
1562 346
3484 1402
1255 92
1591 1500
2924 2324
4821 3262
2558 63
4838 3359
2814 368
4628 3173
2705 1404
1063 1118
1604 388
3338 1994
4213 2817
4734 3188
450 397
408 375
3568 2717
772 740
627 603
2676 2162
3296 2561
4158 2759
3821 1777
2185 959
4475 3026
4419 2984
3397 2065
3057 719
2733 1430
4008 2606
3662 2289
1346 204
249 210
3589 2219
3907 2906
1347 205
4152 3009
3761 2378
1581 353
3908 2907
4296 2884
3542 1481
4153 3010
4255 3054
2396 1993
4036 2646
4808 3330
3163 2458
4508 3061
1372 173
1450 284
3015 2375
1141 1204
3168 1840
1500 290
4688 3230
3946 2550
1717 529
1580 339
3341 2592
2313 1969
683 656
3716 2338
1319 138
4401 2973
3236 2507
2787 2204
4747 3284
3947 2551
2722 2159
1736 533
2611 1355
2136 891
3968 2944
2240 1904
754 721
2898 1592
2335 1070
2280 1016
2133 868
1446 219
1133 1206
4470 3022
1370 152
3692 2326
3214 1890
4639 3184
4814 3354
3147 1813
3767 2382
3652 2278
1452 1413
3013 1685
4026 2643
3507 1416
3394 2063
4857 3375
3164 1828
3649 1584
1770 565
150 98
2252 997
1630 402
3983 2587
2825 1528
882 869
1629 422
3738 2360
4450 3007
1641 413
2334 1101
1596 363
3250 2532
1520 296
4611 3156
2041 804
2433 1201
3523 2694
1438 218
4423 2990
43 20
3731 1667
2943 1630
1229 114
2315 1068
2456 1215
3468 2108
1837 630
3076 2403
3586 2205
3463 1293
4395 3138
4381 2954
1663 452
2431 2038
3732 1668
2846 2254
3995 2958
1285 1286
1395 179
1635 433
1460 228
2549 1269
377 393
2138 888
1650 428
2268 1023
2668 1362
4436 3003
4181 1632
1553 387
1802 597
4176 2779
4837 3357
1527 357
3705 2789
4584 3126
698 674
4751 3286
501 477
3974 2572
4018 2634
4120 2725
745 716
3611 2233
2135 892
1899 684
3223 2498
3923 2533
3291 1968
4029 2645
3936 2925
4581 3128
4349 1927
3924 2534
4727 3172
3470 2106
3967 2949
3025 1692
1072 1093
1642 442
3744 2813
4853 3373
2781 381
3084 1756
2002 773
4862 3377
3480 1359
4165 2764
3818 2422
4692 3227
3890 1865
3436 1302
2964 1645
3888 2892
1215 22
538 499
4013 2616
4160 2762
4493 3196
4351 2923
1468 259
3251 1926
3105 1773
4682 3093
4881 3389
1763 551
2874 1559
1523 351
1498 305
1112 1170
490 460
3932 2531
4252 2847
2864 1568
3471 2124
4767 3295
2585 1275
1666 470
3191 1860
1458 293
4206 2357
3329 2007
2605 2118
4321 1896
2262 1019
457 427
4834 3349
3990 2010
2064 1797
4587 3243
4392 2967
3889 2478
2607 1312
2410 1152
4822 3344
1999 765
3136 1805
2763 1469
1374 162
2974 623
4570 3119
2693 1386
2797 2214
2115 872
1558 349
3957 2941
3940 2926
2405 1148
2331 1094
1470 311
553 511
2563 1282
1568 344
2317 1086
2765 1474
3483 2126
3070 1747
4478 2797
2307 1078
3876 2886
2418 2029
1569 345
2468 1222
2004 774
4554 3113
2054 826
4286 3068
4049 2658
4059 2663
4304 2891
3675 2302
2574 1281
1202 35
2489 45
808 792
3559 2185
591 570
3099 1767
4298 2887
2458 1216
2233 986
4681 3090
152 123
4677 3219
2092 862
2461 1181
2160 926
2439 1186
1575 1491
2752 2182
3117 1789
852 842
4545 3224
2946 1619
3684 2310
689 662
3467 1358
1201 13
3376 1183
4516 3067
3050 708
3582 2730
2786 395
2303 1963
3505 2150
4054 2667
4835 3353
559 524
3688 2321
4794 3266
487 465
2304 1964
2660 1374
1321 1303
3665 1605
2037 808
3976 2575
1228 53
2256 1015
4826 3347
4380 2960
2620 1327
2394 1165
2360 1985
3787 2396
2417 2023
3814 1772
1952 725
3200 1875
3257 1940
4375 2956
1863 642
3735 2355
4575 3125
2998 1674
4568 3122
3310 2000
2547 1261
3079 1752
3746 2362
2238 1001
4700 3234
3820 1779
2377 1112
1865 1666
1328 193
3027 1694
1617 391
4338 2909
4086 2681
4507 3205
2075 847
4076 2676
1979 756
3021 2374
3047 1717
2088 856
943 930
590 553
1728 518
4485 3038
1653 441
4490 3044
3087 764
2320 1069
2399 1997
4649 3193
2707 1421
3234 1913
3177 1845
2962 2336
4089 2686
2545 1278
3569 2192
1214 1249
4504 3057
2811 2217
4254 2849
4046 2659
4251 2846
3938 2541
4449 2747
3492 2122
2904 2292
2778 1507
2546 1279
2164 927
3570 2193
4369 2563
4661 3209
1301 93
1612 417
2830 2236
1740 1597
1369 135
3115 1788
4277 2868
3349 2028
4110 2712
2521 1253
3090 771
2933 1610
4193 2348
1014 1061
3963 2560
4713 3253
2644 1347
3501 2132
2860 1551
4126 2225
2985 1663
183 170
2935 2317
1418 180
4823 3345
3565 2207
3594 1511
1213 36
1896 681
4127 2226
4743 3282
3554 2176
3022 1691
3363 2622
3533 1451
1956 1733
1537 329
3019 1688
3801 2407
1962 1740
3962 2567
1957 1737
2017 781
4227 2383
3887 2485
988 1004
2176 912
3370 2630
4115 2202
2692 1454
2791 1498
2375 1983
3036 1706
3145 2446
4413 2690
1279 85
2686 192
3902 2501
1547 382
1985 761
3277 1966
2019 785
4670 3212
1343 147
2173 931
3131 2436
730 706
4820 3340
2149 918
2155 923
2085 845
2193 954
2078 851
3666 1600
2646 1398
3152 1823
4310 2897
2442 1190
3188 1858
1567 1489
3723 2343
4281 2874
3978 2593
1545 319
619 596
4758 3290
2905 1596
1810 618
4325 2510
4418 2981
1749 541
2884 2279
3727 1669
1557 325
4196 2802
4391 2966
2684 2135
2683 1391
2583 156
4125 2734
3495 1407
1984 755
977 983
2383 1109
3509 1445
1773 563
4022 2641
3427 2653
3885 2487
3825 1781
3393 2064
1393 239
3451 2095
3320 1989
2643 248
647 635
4016 2638
3816 2415
3175 908
4390 2623
1688 484
4427 2989
1693 486
3452 2096
3217 1893
3768 2384
3184 917
3624 2251
1008 1042
1300 84
1850 638
1494 1450
3443 2650
1781 588
2829 1518
2970 2342
2354 1100
3827 2427
867 852
3650 2283
4166 2771
3656 2287
3433 2101
3614 2242
1590 362
4378 2952
2604 1325
4250 2845
3058 1726
4773 3299
1444 242
1959 726
4092 2986
1455 1411
4080 2685
2296 1959
3123 1794
1270 56
1862 655
2940 1614
3382 2031
335 335
3959 2557
4455 3014
1271 57
3850 1808
577 538
3728 2351
3597 2216
3472 2105
3220 1891
4616 3166
2188 960
4600 3144
4182 2786
3844 1803
2258 1017
311 281
2251 1011
2793 411
4336 2526
3545 2168
1633 436
771 739
4306 2479
2278 1054
63 54
3142 1811
1858 1660
3004 1678
2434 1173
4157 2758
1934 714
3925 2916
4573 3235
1283 75
2351 1132
3798 2835
4707 3241
3795 2832
1196 28
2835 1520
1775 569
4705 3237
2059 828
470 457
2616 221
4430 2724
2882 506
2774 366
2756 301
3307 2578
1561 332
1437 207
1092 1140
3034 1705
3619 2249
1584 1492
4339 2913
4879 3387
4551 3228
4265 2853
4500 3051
3517 2175
4539 3086
1678 497
2925 2323
4680 3221
4362 3115
4659 3206
3283 1954
2116 866
2212 972
3571 2195
4896 3399
4140 2740
3653 1594
2893 1573
3323 1986
4724 3257
1657 450
1755 559
4039 2107
2387 1156
1556 334
2026 800
1222 96
4412 2979
2638 1382
3336 2020
4634 3177
2022 796
1893 677
1484 286
3151 861
2488 1284
4786 3314
3266 1947
2788 1506
3129 1801
3278 2547
2921 1595
1399 189
455 414
2743 275
3095 2411
2548 1260
1501 298
2225 968
3020 1690
2388 1116
4567 3123
3651 2277
2754 1446
1323 105
2507 1228
2965 1646
3229 1903
4091 2171
4130 2742
1611 374
1670 468
3208 1867
3011 2364
1504 302
2361 1146
4730 3179
985 1000
1982 760
3972 2581
4272 2859
4434 2728
2544 1264
3389 2046
2374 1984
2805 2213
2919 548
4273 2860
443 399
4355 2929
2147 913
3682 1620
2641 1425
2190 953
2942 1629
3905 2509
1732 526
2302 1063
1101 1162
3934 2537
1492 1436
4637 3271
1644 400
3999 2584
237 184
4377 2571
4020 2631
4247 2842
3144 1810
3935 2538
2083 855
526 492
4533 3080
1756 545
4010 2594
2624 1365
2711 1443
3116 1787
3067 1739
2659 1375
2890 1586
4544 3097
4280 2873
4170 2775
4148 2751
1873 664
4839 3360
1495 292
965 967
1977 1750
432 405
1489 1440
825 802
4741 3281
987 993
3143 1812
3461 2109
1994 763
1835 622
3337 2598
1282 158
3419 1234
1817 611
1943 1724
2172 1851
3219 2500
3499 2688
3668 2296
1513 308
2248 1013
3772 2387
3784 2395
671 652
296 253
4481 2803
2470 1223
4025 2972
3126 2430
2534 1257
1184 11
1906 693
2573 133
2167 906
1811 613
558 519
2796 2208
3606 447
4074 2125
3713 1653
3846 2439
2737 1441
2730 299
4527 3076
4880 3388
2101 873
3519 2146
1721 515
2199 961
1304 95
835 819
3945 2545
2393 1161
4161 2766
4312 2899
4346 2924
1000 1034
3207 1871
758 723
1876 666
3989 2582
3434 2654
3950 2555
1944 720
3960 1972
3249 1931
2572 1298
3782 1721
3588 2209
616 594
1699 513
2506 1244
4141 2745
2782 1487
660 637
3073 745
1676 478
1483 285
3584 2211
2246 1005
2367 1144
3691 2785
2654 235
4569 3118
2595 1323
3791 2397
2230 1897
2883 2280
2008 776
3270 1956
3030 1697
3178 1836
3736 2808
4185 2793
1789 579
4565 3232
2634 1363
3475 1337
3362 2041
2524 88
3737 2809
3486 1387
2913 1593
2177 1855
1870 651
1541 1480
331 287
1136 1198
1357 161
993 1012
1034 1099
1825 1650
2391 1119
4674 3301
4345 2919
3898 2496
1333 126
2870 2266
494 464
2469 2062
2454 1213
4333 2914
4509 3062
2430 1177
3918 2519
859 848
2237 989
4613 3159
2132 904
2674 1384
2452 2054
3919 2520
2027 1775
151 122
715 689
4292 2459
3430 2072
3550 2166
1353 127
2987 1661
4243 2405
4172 2777
2717 257
2939 2319
228 211
2542 1256
4216 2816
2857 1546
3641 2268
3687 2320
4632 3175
4357 2940
2897 1591
3975 2574
1951 724
4779 3311
218 195
4633 3176
4737 3191
2996 1672
1645 412
1711 509
3199 1874
3432 2081
2899 1581
3930 2521
4556 3108
3167 882
3395 1189
2997 1673
2920 558
1970 1746
1816 614
3780 2390
423 380
3503 2127
3797 2406
4090 2703
2794 396
3039 1709
1120 1176
648 627
489 456
2612 1334
4483 3036
2675 238
3439 1240
4139 2244
1664 467
4236 2828
853 841
4655 3050
3401 2039
1247 1274
2398 1996
414 356
4499 3199
4226 2821
2735 2169
4876 3386
541 504
4704 3310
3487 2671
4372 2947
1856 650
1872 658
4489 3194
4761 3293
1814 604
1355 139
3309 2565
4256 2850
130 101
437 410
2628 1330
1765 555
3172 1846
3616 2247
3699 2784
1662 451
773 743
2288 1056
3171 1842
4370 2569
2241 1908
4393 2969
3733 1670
1594 373
2859 479
3273 2536
2263 1020
3304 1082
1539 372
3209 1881
2902 1585
1869 661
4122 2729
3706 1644
1842 625
2652 1408
2822 2238
2062 830
3868 2468
4740 3280
3555 2190
3238 1911
3769 2385
3513 2153
3477 2110
2872 1554
2592 171
1778 571
53 51
4528 2890
3447 2656
3779 2391
3086 1758
458 434
3205 1864
4438 3158
2535 1296
2706 1415
3017 1689
1105 1155
2419 2030
3993 2624
1381 237
3955 2548
650 629
2567 2087
4262 3060
2679 1381
1829 1651
3242 1922
2687 289
4348 2525
2137 910
2100 867
1646 466
4051 2662
2301 2546
2341 1113
3707 2787
2327 1076
2806 1510
3312 1127
4671 3217
3874 2465
1471 246
2961 609
2365 1134
1209 18
1499 280
4546 3098
4665 3213
1496 330
4108 2713
2448 2053
1566 1488
3146 1819
2775 1475
2443 1194
261 251
451 398
884 1817
4560 3109
4426 2987
2876 510
3293 2558
1217 31
1640 1516
1052 1065
2871 1553
2347 1124
2447 1203
2006 770
1983 754
1466 236
3426 2080
4124 3002
3379 2036
3465 1346
2299 1072
3884 2486
3842 2448
2323 1090
2350 1091
4479 3030
3042 1712
4145 2753
2551 2089
1449 213
2229 992
3751 2368
3858 2460
4081 2698
2618 191
3252 1051
1538 333
1771 584
1263 58
1737 540
3072 2402
1534 1479
2328 1075
2824 1529
4088 2702
1724 517
4793 3342
4653 3200
1269 78
1099 1158
3245 1923
3664 2297
2606 1309
3157 1815
1292 70
3102 793
1090 1145
1649 469
2201 964
4283 2878
3637 2261
2602 1301
4763 3294
2128 881
1586 365
2747 1437
4142 2741
3218 1889
3345 2597
4662 3210
2927 572
401 350
1712 1577
3765 2820
2891 1572
4421 2691
1739 535
3714 2340
1634 1513
1887 675
2512 1238
527 496
4824 3346
1660 1534
972 955
1980 749
498 473
3335 2595
3869 2469
3579 1504
3739 2358
2055 823
2517 1231
2277 1053
1898 685
3920 2912
3580 1505
1882 1675
2319 1089
2757 1472
4777 3333
3602 2245
2084 1806
1687 483
1767 561
1094 1141
920 901
2042 805
3041 1710
2437 1202
2349 1092
4327 2904
4542 3085
4437 2998
4645 3187
4058 2113
4679 3220
1091 1139
3179 1847
4535 3082
3834 1793
2709 233
3931 2530
4492 3197
2020 1769
2626 1326
2554 1315
3197 1868
1709 503
4625 3264
3333 1990
1532 313
2680 1400
4644 3028
4048 2661
4832 3350
957 956
1259 86
3510 2139
1734 532
1854 649
1883 673
3141 2447
1846 632
2912 1599
4833 3351
4197 2800
1764 566
2289 1059
3873 2470
1348 140
4159 2756
2151 905
3357 2612
1708 505
2954 1628
2820 445
4562 3111
2169 940
3082 1753
3026 1693
4009 2601
1643 443
1236 62
358 327
2740 1431
3377 2033
3305 1087
4146 2767
3460 2100
3749 2366
4011 2637
1190 3
3557 2191
1993 762
3221 1895
4147 2768
1889 678
1516 1460
3807 2410
3264 2543
1503 300
3658 2286
2561 1272
2011 779
4116 2224
3048 1716
3851 2452
1836 628
1517 1461
3847 2876
3897 2497
3400 1192
4443 3162
2265 1028
1702 512
2527 1242
3833 2865
465 449
811 795
3601 1538
4209 2807
2462 1220
4271 2858
3715 1657
1288 155
3198 1861
952 948
4708 3249
2599 1318
34 7
3587 2206
4672 3218
4619 3168
4358 2933
999 1031
1482 324
4290 2882
3066 1735
2589 1331
4303 3074
3190 1862
2018 790
1071 1130
1404 188
1754 546
3610 2229
1275 74
303 277
3186 1856
2764 1470
3500 2147
4721 3164
3628 1564
3970 2946
1815 608
3104 784
2465 1191
1407 1369
4548 3101
3215 1888
3629 1565
1616 404
3574 2201
1595 1495
2332 1095
1011 1062
2881 1567
2057 825
986 994
4812 3306
1705 1576
4028 2644
3071 1748
2016 780
2842 1542
3440 2085
4023 2971
4555 3114
1476 273
3980 2014
3276 1960
2633 1349
4865 3378
3667 2295
3760 2379
1822 617
2665 1370
4690 3226
3997 2600
4859 3376
1422 265
2960 2333
3560 2186
3213 1873
4610 3155
3092 769
1371 174
4242 2836
3118 1786
3189 1853
4000 2583
307 263
1198 2
4791 3258
3054 1722
3717 2792
1577 1490
3445 2079
280 255
3346 1998
3681 2307
171 116
4552 3229
2989 1662
4109 2203
1386 167
3347 1999
643 621
4233 2827
1598 370
2513 1248
4228 2823
1619 424
3577 2723
4093 2695
4622 3170
1963 731
4229 2824
3937 2542
2969 1656
2841 1537
4300 3072
4069 2679
2603 1307
3392 2060
1326 1343
2098 857
2798 1522
4021 2636
2453 1205
4167 2773
1614 401
2571 1297
1235 59
1291 94
1864 643
1625 415
989 998
255 206
3429 2077
3810 2844
1486 274
4580 3130
1878 1671
2013 778
2219 981
1447 223
4585 3247
2369 1104
3014 1686
4014 2607
57 41
3793 2400
3893 2492
2450 1210
1212 17
2642 222
3032 1701
995 1018
4564 3231
2161 921
4326 2903
2505 1229
2810 1539
2162 922
4686 3225
1344 172
3225 1900
2269 1030
3176 1841
1535 1478
720 698
4537 3084
1280 153
3216 1879
1760 547
2081 1809
3711 2790
2831 2237
1546 383
3405 1212
2180 943
4889 3396
3114 1784
3091 772
4514 3066
4360 2935
3297 1988
2372 2008
4769 3296
4819 3341
2152 903
4214 2814
3532 2706
4416 2689
1831 1655
1795 578
3690 2781
2029 803
1971 738
2923 2306
2807 385
2134 893
3534 2155
1928 707
2186 1857
4215 2815
2275 1046
1549 342
708 680
3836 2441
1667 472
4469 3021
4795 3316
2869 508
4337 2910
4462 3017
3913 2504
1049 1108
4151 2755
3385 2055
3778 2389
1902 688
3384 2024
2635 1368
1978 752
2158 899
1986 758
3802 2408
2305 1077
4331 2908
3365 2045
1628 403
3256 1929
1987 759
4425 3152
2293 1945
4414 2693
4359 2927
3222 1898
3901 2503
2045 1785
2823 1530
1674 471
3185 2474
488 455
1695 1556
3096 1766
1807 1636
4817 3337
4540 3088
3359 2599
1587 416
1730 523
2708 1403
3153 1824
4374 2945
978 975
1334 130
1477 318
2715 1410
1459 227
4114 2715
764 732
4818 3338
1124 1187
2922 568
2438 1188
4230 2825
2376 2009
2949 1622
3817 1771
2868 1578
129 100
3572 2210
2988 660
2049 818
4301 3073
2163 936
3603 2223
1152 2058
3598 2220
1955 728
2427 1185
1003 1044
362 316
3402 2067
4221 3034
3988 2614
4204 2811
3328 2013
3069 1743
1897 682
3585 2212
3077 746
3941 2930
3685 2327
62 55
3325 1992
3673 2314
3753 2369
3031 1698
2539 1258
3764 2381
174 131
2909 1606
2588 1299
292 249
3226 1901
3204 1863
651 631
2726 1429
13 24
3657 2288
2120 887
2102 870
3981 2591
4755 3321
3373 2017
2048 824
4061 2978
851 838
2336 1064
4231 2826
1388 216
1335 143
4890 3397
4266 2857
4264 2854
2885 2276
2941 1615
1336 144
1340 118
2847 1540
1589 347
4810 3298
4361 3116
1130 1174
1675 1543
4279 2871
3870 1839
1533 348
4784 3312
585 543
3695 1638
4836 3355
2770 1476
1618 426
3227 2502
3551 2167
1342 121
3046 2388
3774 1715
2907 1589
2886 1570
1791 592
3248 2524
2621 1366
1915 699
4087 2696
1309 119
3093 2412
2297 1067
3790 2399
2429 1171
2896 531
4557 3110
4078 2692
4851 3370
3196 2482
4591 3136
1608 369
4576 3240
3894 2493
4813 3331
4534 3079
3725 2795
3244 1920
2032 813
3528 2181
134 87
3182 1844
2107 874
3680 2305
2631 1333
2285 1045
2738 1456
2034 1782
1429 225
3964 2579
4246 2838
3180 2471
3525 1473
4112 2727
3872 2885
4260 2420
4238 2833
979 978
2773 1486
2400 1159
3702 1633
3636 2763
2540 1277
2266 1021
1329 99
1098 1157
3916 2518
4239 2834
2895 2281
3052 2392
998 1032
1306 113
3564 2194
1605 392
846 834
520 487
1615 384
4257 2852
3524 2152
3224 1892
1140 1209
3053 2393
4282 2877
2239 996
1874 663
4641 3027
3663 2284
1880 671
2994 667
3344 2596
18 23
2731 1424
2666 1414
2591 1338
1188 9
2901 1582
1380 232
3068 1741
1852 653
3806 2843
1210 37
2862 1552
2640 1348
4574 3124
2231 990
2529 1262
1942 1725
3165 1830
1853 654
1540 322
3150 1814
2833 1533
4623 3174
3106 791
3332 2570
1761 1607
2052 822
3128 2432
3494 2165
1824 1649
783 753
2318 1088
4776 3332
3098 1762
1697 491
4314 2896
1223 44
3904 2506
3340 2610
3156 1821
3548 1485
3912 2911
2930 2325
1426 268
2685 1434
3845 2875
2156 1849
4289 2453
2333 1080
4274 3063
539 502
2858 1545
4324 3092
4366 3120
4447 2760
3350 2027
1189 0
2541 1254
3457 2091
3635 2262
1506 314
2828 459
1507 1466
1194 1
711 686
2148 898
4417 2982
3676 2308
4866 3361
1992 1754
3773 1714
1958 730
2689 2140
3049 711
3703 1641
2528 1259
4549 3102
4384 2965
1729 527
2690 2141
1917 700
1330 1308
3567 2200
552 507
2218 982
4407 2976
1742 554
1420 260
1626 418
1473 258
2184 933
1406 197
3284 2553
4731 3270
3792 2401
1920 702
2195 925
3804 2841
3075 1751
2095 860
2071 843
1161 1225
2131 897
4040 2648
4082 2680
1783 575
4320 3081
4440 3001
3770 1708
1975 748
2767 2187
3120 1791
4311 2895
1191 29
2978 2347
4319 2901
483 454
2033 1780
3520 2697
1419 1389
2074 1804
810 794
2587 154
1727 520
247 198
4754 3288
2226 984
1273 67
2639 1339
2445 2048
2215 971
1855 648
2972 634
2421 2015
610 587
4223 2819
4627 3263
1804 598
4775 3304
1364 145
365 336
3638 2263
1679 474
2556 1288
2271 1036
4163 2770
622 599
1435 279
3065 1734
2140 894
2937 1613
2510 1250
3132 1800
2719 315
3609 2228
3255 1939
4071 2131
3478 2133
1912 696
4186 2794
1790 580
2261 1025
2222 985
1384 1373
2525 89
1638 409
2432 1195
2982 647
2520 2069
4736 3276
2345 1084
3562 2184
3788 2398
210 169
3522 1467
2343 1106
4778 3335
2392 1120
1808 610
3622 2248
2658 2123
2435 1200
562 521
3604 2234
4801 3324
4334 2915
3005 679
3428 2070
1085 1137
3101 1768
1421 264
820 806
3166 1837
3043 1713
4155 2273
3613 2241
1857 646
3108 2418
2404 2026
2028 1776
1505 309
1252 69
3155 2454
824 811
2146 915
4267 2856
4536 3083
4894 3398
4173 2778
1206 33
1205 16
2649 1351
4371 2948
3835 2440
3546 2716
3308 2566
2380 1126
3552 2708
2519 38
1888 676
2411 2019
766 737
2021 782
3726 2346
1762 557
1847 633
4111 2196
4154 2754
4728 3267
3195 1872
838 829
994 1007
3294 1098
3859 2456
4175 2774
4042 2649
3262 1948
1266 72
1519 295
3750 2367
3783 2394
2108 1822
3612 2239
1639 453
3757 2372
2698 1393
1298 82
1785 589
2204 957
2232 999
4169 2772
2039 815
2117 864
4461 3181
2609 1305
4563 2942
3476 2111
3464 1352
2578 1294
4803 3325
1108 1167
3645 2765
3708 1640
4019 2627
1491 283
4389 2959
2865 1569
2119 886
3986 2953
4118 2197
4501 3055
1367 160
2340 1114
2889 1587
1696 1561
2309 1970
974 973
4711 3145
3311 1128
3496 1405
2734 1427
3134 1802
1600 430
4458 3016
2014 777
4598 3142
3643 1571
1257 39
1621 429
4129 2733
4107 2714
2688 1378
1794 577
2533 1265
4217 2818
3206 1877
3886 2480
1941 718
3271 1952
3375 2635
3292 2559
2326 1965
1787 576
3786 1728
2114 1826
4586 3246
4738 3279
3007 1684
3435 2084
3241 1918
2174 911
1901 687
3479 1380
4710 3148
4070 2673
2614 1328
1793 595
2259 1026
4497 3047
4802 3327
3630 2269
16 4
3785 1730
2622 1336
2568 2088
1733 1603
3942 1928
2888 1583
1694 489
3211 1870
1529 320
3437 2116
1416 190
997 1027
4065 2672
4035 2102
3366 2035
4132 2243
4529 3077
1731 525
2366 1135
1848 640
3450 1273
3055 1723
2990 1664
2975 1658
2840 1532
4699 3245
3512 2137
2953 1625
2697 1385
4884 3393
2216 1878
2575 1283
2981 1659
519 488
4420 2983
1365 157
1960 727
4373 2950
2005 768
3599 1524
2209 1852
4588 3244
4410 2975
1738 536
3979 2573
3456 2660
2650 1371
2035 810
2984 644
1673 476
2799 1523
3659 1588
3518 2701
4685 3305
2407 1125
2928 2316
1002 1043
1603 379
4790 3315
4397 3132
3353 2016
2777 378
981 987
3605 2231
3407 2059
780 750
4593 3139
4203 2810
1548 364
1391 240
1354 149
3230 1902
2552 2090
1797 582
1766 562
1246 47
1366 166
1187 25
3239 1915
2700 1395
4698 3238
4608 3154
3408 1230
2959 1643
2579 1295
2110 1825
3417 2073
536 500
937 924
1224 30
3235 1910
4506 3059
4055 2664
1692 490
3686 2330
3648 2769
1726 514
4654 3201
4530 3078
2911 2294
3100 789
3174 2466
2401 1160
267 254
2294 1950
2559 165
3138 846
2812 1512
4522 3070
3317 2568
3875 2464
3961 2937
4103 2705
2348 1117
4387 2962
2211 951
4448 2761
1524 307
2971 1654
1359 214
3319 2001
1154 1218
4180 2783
4199 2799
4452 3012
425 377
4624 3265
4746 3283
2601 1306
4809 3297
4599 3143
1900 1687
3330 2588
2416 2021
2144 877
3358 2617
3954 2939
1681 480
3740 2359
576 539
1964 736
2955 1631
3549 2173
1792 581
4241 2830
3755 2371
2118 1829
2623 2119
1968 744
1493 282
2378 1111
2408 1133
3639 1562
3591 2218
1885 1677
4222 2376
2691 1390
3028 1699
1747 544
3348 2589
4328 2905
2067 840
1526 317
4131 2743
2159 900
3269 1957
4482 3037
4308 2893
1981 757
4441 3004
2766 1459
2250 2516
4322 2499
3758 1700
178 148
4435 3000
3453 1360
4045 2657
1231 65
3943 2540
4804 3328
2630 1332
3459 2092
4706 3250
2555 1316
3540 1482
4394 3137
3903 2508
2950 2329
1488 297
2746 1435
3286 1955
4409 2675
3511 2136
3939 2544
2760 1462
2667 1361
2598 1319
3906 2513
1803 1634
2813 1531
3646 1574
3831 1795
4618 3169
2647 1401
3984 2604
126 112
3265 1946
1088 1151
4577 3236
4590 3131
4846 3363
4143 2749
302 278
3861 2462
477 458
3259 1944
2189 934
4171 2300
3210 1884
2086 849
2063 832
4735 3278
3280 1936
1289 76
4066 2669
3536 2180
4582 3133
4315 2489
1818 612
1006 1060
2247 1010
4073 2980
2613 217
2600 1311
4017 2618
2992 2353
2058 827
3023 1695
3625 2264
67 40
3194 2483
2694 1394
2967 2339
2425 2032
2852 1557
379 361
3033 1703
4113 2726
2031 798
1414 261
1276 83
4012 2615
3121 1792
3694 1627
